Trace
Swept SA
A.19.55,N9020B
508 AB2 B25 B40 B85 DP2 DP4 EP2 FS1 FS2 MPB RTL ,01
Segment,0
Number of Points,81920
Sweep Time,0.0004096
Start Frequency,2391000000
Stop Frequency,2391000000
Average Count,0
Average Type,LogPower(Video)
RBW,3000000
RBW Filter,Gaussian
RBW Filter BW,3dB
VBW,3000000
Sweep Type,Swept
X Axis Scale,Lin
PreAmp State,Off
PreAmp Band,Low
Trigger Source,Ext1
Trigger Level,1.2
Trigger Slope,Positive
Trigger Delay,1E-06
Phase Noise Optimization,Fast
Swept If Gain,Low
FFT If Gain,Autorange
RF Coupling,AC
FFT Width,411900
Ext Ref,10000000
Input,RF
RF Calibrator,Off
Attenuation,6
Ref Level Offset,0
External Gain,0
Trace Type,Clearwrite
Detector,Normal
Trace Math,Off
Trace Math Oper1,Trace5
Trace Math Oper2,Trace6
Trace Math Offset,0
Normalize,Off
Trace Name,Trace1
X Axis Units,s
Y Axis Units,dBm
DATA
9000000,-73.0706024169922
9000000.00000001,-73.1285781860352
9000000.00000001,-73.1542129516602
9000000.00000001,-73.1491317749023
9000000.00000002,-73.1149826049805
9000000.00000002,-73.0533905029297
9000000.00000003,-72.9659881591797
9000000.00000004,-72.8544082641602
9000000.00000004,-72.7202911376953
9000000.00000004,-72.5652618408203
9000000.00000005,-72.3909530639648
9000000.00000006,-72.1990127563477
9000000.00000006,-71.9887390136719
9000000.00000007,-71.7334899902344
9000000.00000007,-71.4314346313477
9000000.00000007,-71.0904922485352
9000000.00000008,-70.7185821533203
9000000.00000009,-70.3236083984375
9000000.00000009,-69.9134902954102
9000000.0000001,-69.4961471557617
9000000.0000001,-69.0794906616211
9000000.0000001,-68.6714324951172
9000000.00000011,-68.2798843383789
9000000.00000012,-67.9127731323242
9000000.00000012,-67.5780029296875
9000000.00000012,-67.2834930419922
9000000.00000013,-67.0148849487305
9000000.00000013,-66.7536315917969
9000000.00000014,-66.5013809204102
9000000.00000015,-66.2597579956055
9000000.00000015,-66.030403137207
9000000.00000015,-65.8149566650391
9000000.00000016,-65.6150588989258
9000000.00000017,-65.4323348999023
9000000.00000017,-65.2684326171875
9000000.00000018,-65.1249847412109
9000000.00000018,-65.0036315917969
9000000.00000018,-64.906005859375
9000000.00000019,-64.833740234375
9000000.0000002,-64.786735534668
9000000.0000002,-64.7601928710938
9000000.0000002,-64.7537612915039
9000000.00000021,-64.7675018310547
9000000.00000021,-64.8014678955078
9000000.00000022,-64.8557205200195
9000000.00000023,-64.9303207397461
9000000.00000023,-65.0253143310547
9000000.00000023,-65.1407775878906
9000000.00000024,-65.2767486572266
9000000.00000025,-65.4333038330078
9000000.00000025,-65.610481262207
9000000.00000026,-65.808349609375
9000000.00000026,-66.0285949707031
9000000.00000026,-66.2903442382813
9000000.00000027,-66.5937957763672
9000000.00000028,-66.9321441650391
9000000.00000028,-67.298583984375
9000000.00000029,-67.6863098144531
9000000.00000029,-68.0885162353516
9000000.00000029,-68.4983978271484
9000000.0000003,-68.9091415405273
9000000.00000031,-69.3139572143555
9000000.00000031,-69.7060165405273
9000000.00000031,-70.0785369873047
9000000.00000032,-70.4246978759766
9000000.00000032,-70.7376937866211
9000000.00000033,-71.0400085449219
9000000.00000034,-71.3544158935547
9000000.00000034,-71.6745910644531
9000000.00000034,-71.9941940307617
9000000.00000035,-72.3068923950195
9000000.00000036,-72.6063613891602
9000000.00000036,-72.8862457275391
9000000.00000037,-73.1402359008789
9000000.00000037,-73.3619766235352
9000000.00000037,-73.5451431274414
9000000.00000038,-73.6833953857422
9000000.00000039,-73.7704086303711
9000000.00000039,-73.7998428344727
9000000.00000039,-73.7648391723633
9000000.0000004,-73.6637573242188
9000000.0000004,-73.503791809082
9000000.00000041,-73.2924957275391
9000000.00000042,-73.0374526977539
9000000.00000042,-72.7462158203125
9000000.00000042,-72.4263534545898
9000000.00000043,-72.0854339599609
9000000.00000044,-71.7310256958008
9000000.00000044,-71.3706893920898
9000000.00000045,-71.0120010375977
9000000.00000045,-70.6625289916992
9000000.00000045,-70.3298263549805
9000000.00000046,-70.0186386108398
9000000.00000047,-69.6985549926758
9000000.00000047,-69.3623428344727
9000000.00000048,-69.0138168334961
9000000.00000048,-68.6568069458008
9000000.00000048,-68.2951278686523
9000000.00000049,-67.9326019287109
9000000.0000005,-67.5730590820313
9000000.0000005,-67.2203140258789
9000000.0000005,-66.8781890869141
9000000.00000051,-66.5505142211914
9000000.00000051,-66.241096496582
9000000.00000052,-65.9537734985352
9000000.00000053,-65.6923599243164
9000000.00000053,-65.4485626220703
9000000.00000053,-65.212532043457
9000000.00000054,-64.9857025146484
9000000.00000055,-64.7695236206055
9000000.00000055,-64.5654525756836
9000000.00000056,-64.3749237060547
9000000.00000056,-64.1994018554688
9000000.00000056,-64.0403213500977
9000000.00000057,-63.8991317749023
9000000.00000058,-63.7772903442383
9000000.00000058,-63.6762390136719
9000000.00000058,-63.5974235534668
9000000.00000059,-63.5422973632813
9000000.00000059,-63.5105056762695
9000000.0000006,-63.4971199035645
9000000.00000061,-63.5020217895508
9000000.00000061,-63.5255393981934
9000000.00000061,-63.5679893493652
9000000.00000062,-63.6296920776367
9000000.00000063,-63.7109680175781
9000000.00000063,-63.8121376037598
9000000.00000064,-63.9335174560547
9000000.00000064,-64.0754318237305
9000000.00000064,-64.2381973266602
9000000.00000065,-64.4221420288086
9000000.00000066,-64.627571105957
9000000.00000066,-64.856315612793
9000000.00000067,-65.1261138916016
9000000.00000067,-65.4369201660156
9000000.00000067,-65.7821731567383
9000000.00000068,-66.1553115844727
9000000.00000069,-66.5497894287109
9000000.00000069,-66.9590377807617
9000000.00000069,-67.3765029907227
9000000.0000007,-67.7956314086914
9000000.0000007,-68.2098693847656
9000000.00000071,-68.6126556396484
9000000.00000072,-68.997428894043
9000000.00000072,-69.3576431274414
9000000.00000072,-69.6867370605469
9000000.00000073,-70.0036544799805
9000000.00000074,-70.3285140991211
9000000.00000074,-70.6565399169922
9000000.00000075,-70.9829406738281
9000000.00000075,-71.3029251098633
9000000.00000075,-71.6117248535156
9000000.00000076,-71.9045333862305
9000000.00000077,-72.1765823364258
9000000.00000077,-72.4230804443359
9000000.00000077,-72.6392364501953
9000000.00000078,-72.8202667236328
9000000.00000078,-72.9613876342773
9000000.00000079,-73.0578231811523
9000000.0000008,-73.1060943603516
9000000.0000008,-73.1097564697266
9000000.0000008,-73.0728378295898
9000000.00000081,-72.9992370605469
9000000.00000082,-72.8928070068359
9000000.00000082,-72.757438659668
9000000.00000083,-72.5969924926758
9000000.00000083,-72.4153518676758
9000000.00000083,-72.2164001464844
9000000.00000084,-72.0039978027344
9000000.00000085,-71.7820205688477
9000000.00000085,-71.5543518066406
9000000.00000086,-71.3248672485352
9000000.00000086,-71.0951232910156
9000000.00000086,-70.8394012451172
9000000.00000087,-70.5538787841797
9000000.00000088,-70.2440795898438
9000000.00000088,-69.9155426025391
9000000.00000088,-69.5738067626953
9000000.00000089,-69.2244033813477
9000000.0000009,-68.8728790283203
9000000.0000009,-68.524772644043
9000000.00000091,-68.1856079101563
9000000.00000091,-67.8609390258789
9000000.00000091,-67.556282043457
9000000.00000092,-67.2771987915039
9000000.00000093,-67.0292053222656
9000000.00000093,-66.8009033203125
9000000.00000094,-66.5783843994141
9000000.00000094,-66.3634643554688
9000000.00000094,-66.157958984375
9000000.00000095,-65.9636688232422
9000000.00000096,-65.7824172973633
9000000.00000096,-65.6160049438477
9000000.00000096,-65.4662399291992
9000000.00000097,-65.3349456787109
9000000.00000097,-65.2239303588867
9000000.00000098,-65.1350021362305
9000000.00000099,-65.0699691772461
9000000.00000099,-65.030647277832
9000000.00000099,-65.0179061889648
9000000.000001,-65.0292205810547
9000000.00000101,-65.0634002685547
9000000.00000101,-65.1194381713867
9000000.00000102,-65.1963348388672
9000000.00000102,-65.2930755615234
9000000.00000102,-65.4086685180664
9000000.00000103,-65.542106628418
9000000.00000104,-65.6923828125
9000000.00000104,-65.8584899902344
9000000.00000104,-66.039421081543
9000000.00000105,-66.2341842651367
9000000.00000105,-66.441764831543
9000000.00000106,-66.6626968383789
9000000.00000107,-66.9146957397461
9000000.00000107,-67.1989059448242
9000000.00000107,-67.5099945068359
9000000.00000108,-67.8426132202148
9000000.00000109,-68.1914367675781
9000000.00000109,-68.5511322021484
9000000.0000011,-68.9163589477539
9000000.0000011,-69.2817840576172
9000000.0000011,-69.6420669555664
9000000.00000111,-69.9918746948242
9000000.00000112,-70.3258743286133
9000000.00000112,-70.6387252807617
9000000.00000113,-70.9251022338867
9000000.00000113,-71.2061004638672
9000000.00000113,-71.5019454956055
9000000.00000114,-71.8059692382813
9000000.00000115,-72.1115112304688
9000000.00000115,-72.4119186401367
9000000.00000115,-72.7005157470703
9000000.00000116,-72.9706497192383
9000000.00000116,-73.2156524658203
9000000.00000117,-73.4288711547852
9000000.00000118,-73.6036376953125
9000000.00000118,-73.7332916259766
9000000.00000118,-73.8111724853516
9000000.00000119,-73.8306121826172
9000000.0000012,-73.784797668457
9000000.0000012,-73.673095703125
9000000.00000121,-73.5027465820313
9000000.00000121,-73.2812805175781
9000000.00000121,-73.016242980957
9000000.00000122,-72.7151718139648
9000000.00000123,-72.3856048583984
9000000.00000123,-72.0350799560547
9000000.00000123,-71.6711273193359
9000000.00000124,-71.3013000488281
9000000.00000124,-70.9331207275391
9000000.00000125,-70.5741348266602
9000000.00000126,-70.2318725585938
9000000.00000126,-69.9109649658203
9000000.00000126,-69.579948425293
9000000.00000127,-69.2315902709961
9000000.00000128,-68.8701095581055
9000000.00000128,-68.4997406005859
9000000.00000129,-68.1246871948242
9000000.00000129,-67.7491836547852
9000000.00000129,-67.37744140625
9000000.0000013,-67.0136795043945
9000000.00000131,-66.6621170043945
9000000.00000131,-66.3269882202148
9000000.00000132,-66.0124969482422
9000000.00000132,-65.7228622436523
9000000.00000132,-65.4623184204102
9000000.00000133,-65.2228851318359
9000000.00000134,-64.9944534301758
9000000.00000134,-64.7780532836914
9000000.00000134,-64.5747146606445
9000000.00000135,-64.3854675292969
9000000.00000135,-64.2113342285156
9000000.00000136,-64.053352355957
9000000.00000137,-63.9125518798828
9000000.00000137,-63.7899513244629
9000000.00000137,-63.6865882873535
9000000.00000138,-63.6034851074219
9000000.00000139,-63.541675567627
9000000.00000139,-63.5021858215332
9000000.0000014,-63.4846000671387
9000000.0000014,-63.4849548339844
9000000.0000014,-63.503303527832
9000000.00000141,-63.5400543212891
9000000.00000142,-63.5956115722656
9000000.00000142,-63.6703758239746
9000000.00000142,-63.7647552490234
9000000.00000143,-63.8791542053223
9000000.00000143,-64.0139770507813
9000000.00000144,-64.1696243286133
9000000.00000145,-64.3465118408203
9000000.00000145,-64.5450286865234
9000000.00000145,-64.7655944824219
9000000.00000146,-65.0091705322266
9000000.00000147,-65.2825546264648
9000000.00000147,-65.5854721069336
9000000.00000148,-65.915153503418
9000000.00000148,-66.2688293457031
9000000.00000148,-66.6437301635742
9000000.00000149,-67.0370864868164
9000000.0000015,-67.4461364746094
9000000.0000015,-67.8680953979492
9000000.00000151,-68.3002090454102
9000000.00000151,-68.7397079467773
9000000.00000151,-69.1838150024414
9000000.00000152,-69.6297607421875
9000000.00000153,-70.0747833251953
9000000.00000153,-70.5461578369141
9000000.00000153,-71.0654144287109
9000000.00000154,-71.6211547851563
9000000.00000154,-72.2019653320313
9000000.00000155,-72.7964630126953
9000000.00000156,-73.3932342529297
9000000.00000156,-73.9808807373047
9000000.00000156,-74.5480041503906
9000000.00000157,-75.0832061767578
9000000.00000158,-75.5750732421875
9000000.00000158,-76.0122222900391
9000000.00000159,-76.3832397460938
9000000.00000159,-76.6767272949219
9000000.00000159,-76.8870391845703
9000000.0000016,-77.0297393798828
9000000.00000161,-77.112419128418
9000000.00000161,-77.1415328979492
9000000.00000161,-77.1235580444336
9000000.00000162,-77.0649566650391
9000000.00000162,-76.9722061157227
9000000.00000163,-76.8517761230469
9000000.00000164,-76.7101287841797
9000000.00000164,-76.5537338256836
9000000.00000164,-76.3890609741211
9000000.00000165,-76.2225875854492
9000000.00000166,-76.0607757568359
9000000.00000166,-75.9072494506836
9000000.00000167,-75.731071472168
9000000.00000167,-75.5259857177734
9000000.00000167,-75.297004699707
9000000.00000168,-75.0491485595703
9000000.00000169,-74.7874221801758
9000000.00000169,-74.5168533325195
9000000.0000017,-74.2424468994141
9000000.0000017,-73.9692153930664
9000000.0000017,-73.7021789550781
9000000.00000171,-73.4463500976563
9000000.00000172,-73.2067413330078
9000000.00000172,-72.9883728027344
9000000.00000172,-72.7962493896484
9000000.00000173,-72.6278839111328
9000000.00000173,-72.475959777832
9000000.00000174,-72.3383255004883
9000000.00000175,-72.2128067016602
9000000.00000175,-72.0972290039063
9000000.00000175,-71.9894256591797
9000000.00000176,-71.8872299194336
9000000.00000177,-71.788459777832
9000000.00000177,-71.6909561157227
9000000.00000178,-71.5925445556641
9000000.00000178,-71.4910583496094
9000000.00000178,-71.3843231201172
9000000.00000179,-71.2701797485352
9000000.0000018,-71.1464691162109
9000000.0000018,-71.0132369995117
9000000.0000018,-70.8727569580078
9000000.00000181,-70.727409362793
9000000.00000181,-70.5795593261719
9000000.00000182,-70.4315643310547
9000000.00000183,-70.2858047485352
9000000.00000183,-70.1446304321289
9000000.00000183,-70.0104141235352
9000000.00000184,-69.8855285644531
9000000.00000185,-69.772331237793
9000000.00000185,-69.6731948852539
9000000.00000186,-69.5904769897461
9000000.00000186,-69.5259780883789
9000000.00000186,-69.4737930297852
9000000.00000187,-69.4317245483398
9000000.00000188,-69.3996734619141
9000000.00000188,-69.377571105957
9000000.00000189,-69.3653182983398
9000000.00000189,-69.3628540039063
9000000.00000189,-69.3700866699219
9000000.0000019,-69.3869247436523
9000000.00000191,-69.4133071899414
9000000.00000191,-69.4491348266602
9000000.00000191,-69.4943313598633
9000000.00000192,-69.5488204956055
9000000.00000192,-69.6125106811523
9000000.00000193,-69.6983261108398
9000000.00000194,-69.8150863647461
9000000.00000194,-69.9565658569336
9000000.00000194,-70.1165390014648
9000000.00000195,-70.2887573242188
9000000.00000196,-70.4670104980469
9000000.00000196,-70.6450576782227
9000000.00000197,-70.8166656494141
9000000.00000197,-70.9756164550781
9000000.00000197,-71.1156692504883
9000000.00000198,-71.230598449707
9000000.00000199,-71.3141784667969
9000000.00000199,-71.3601684570313
9000000.00000199,-71.3677139282227
9000000.000002,-71.3514709472656
9000000.000002,-71.3138046264648
9000000.00000201,-71.2558746337891
9000000.00000202,-71.178840637207
9000000.00000202,-71.083854675293
9000000.00000202,-70.9720916748047
9000000.00000203,-70.8447036743164
9000000.00000204,-70.7028503417969
9000000.00000204,-70.5476989746094
9000000.00000205,-70.3803939819336
9000000.00000205,-70.2021026611328
9000000.00000205,-70.0139923095703
9000000.00000206,-69.8157730102539
9000000.00000207,-69.5909042358398
9000000.00000207,-69.3381195068359
9000000.00000208,-69.0622100830078
9000000.00000208,-68.767936706543
9000000.00000208,-68.4600830078125
9000000.00000209,-68.143440246582
9000000.0000021,-67.8227691650391
9000000.0000021,-67.5028533935547
9000000.0000021,-67.1884765625
9000000.00000211,-66.884407043457
9000000.00000211,-66.5954360961914
9000000.00000212,-66.3263320922852
9000000.00000213,-66.0818710327148
9000000.00000213,-65.8520202636719
9000000.00000213,-65.624641418457
9000000.00000214,-65.4013977050781
9000000.00000215,-65.183952331543
9000000.00000215,-64.9739532470703
9000000.00000216,-64.7730712890625
9000000.00000216,-64.5829544067383
9000000.00000216,-64.4052658081055
9000000.00000217,-64.2416610717773
9000000.00000218,-64.0938034057617
9000000.00000218,-63.9633522033691
9000000.00000218,-63.8519592285156
9000000.00000219,-63.761287689209
9000000.00000219,-63.6908226013184
9000000.0000022,-63.6346130371094
9000000.00000221,-63.5926246643066
9000000.00000221,-63.5653381347656
9000000.00000221,-63.5532379150391
9000000.00000222,-63.5568046569824
9000000.00000223,-63.5765190124512
9000000.00000223,-63.6128692626953
9000000.00000224,-63.6663360595703
9000000.00000224,-63.7374000549316
9000000.00000224,-63.826545715332
9000000.00000225,-63.9342575073242
9000000.00000226,-64.0610122680664
9000000.00000226,-64.2059097290039
9000000.00000227,-64.3527069091797
9000000.00000227,-64.5007705688477
9000000.00000227,-64.6553802490234
9000000.00000228,-64.8218154907227
9000000.00000229,-65.0053787231445
9000000.00000229,-65.2113418579102
9000000.00000229,-65.4449996948242
9000000.0000023,-65.7116317749023
9000000.00000231,-66.0165252685547
9000000.00000231,-66.3649673461914
9000000.00000232,-66.7622451782227
9000000.00000232,-67.2136459350586
9000000.00000232,-67.7244567871094
9000000.00000233,-68.3477401733398
9000000.00000234,-69.1134643554688
9000000.00000234,-69.9922332763672
9000000.00000235,-70.9546508789063
9000000.00000235,-71.9713363647461
9000000.00000235,-73.0128936767578
9000000.00000236,-74.0499267578125
9000000.00000237,-75.0530471801758
9000000.00000237,-75.9928741455078
9000000.00000237,-76.8399963378906
9000000.00000238,-77.5650482177734
9000000.00000238,-78.1386184692383
9000000.00000239,-78.5313186645508
9000000.0000024,-78.7267684936523
9000000.0000024,-78.7600555419922
9000000.0000024,-78.6521759033203
9000000.00000241,-78.421745300293
9000000.00000242,-78.08740234375
9000000.00000242,-77.6677703857422
9000000.00000243,-77.1814804077148
9000000.00000243,-76.6471633911133
9000000.00000243,-76.0834350585938
9000000.00000244,-75.5089340209961
9000000.00000245,-74.9422912597656
9000000.00000245,-74.4021301269531
9000000.00000246,-73.9070739746094
9000000.00000246,-73.4696578979492
9000000.00000246,-73.0253677368164
9000000.00000247,-72.556510925293
9000000.00000248,-72.06884765625
9000000.00000248,-71.5681533813477
9000000.00000248,-71.0601806640625
9000000.00000249,-70.5506973266602
9000000.0000025,-70.0454635620117
9000000.0000025,-69.5502395629883
9000000.00000251,-69.07080078125
9000000.00000251,-68.6128997802734
9000000.00000251,-68.1823043823242
9000000.00000252,-67.7847747802734
9000000.00000253,-67.4260711669922
9000000.00000253,-67.0973892211914
9000000.00000254,-66.7863235473633
9000000.00000254,-66.493278503418
9000000.00000254,-66.218635559082
9000000.00000255,-65.9627990722656
9000000.00000256,-65.7261657714844
9000000.00000256,-65.5091247558594
9000000.00000256,-65.3120651245117
9000000.00000257,-65.1353912353516
9000000.00000257,-64.9794921875
9000000.00000258,-64.8447647094727
9000000.00000259,-64.7315979003906
9000000.00000259,-64.6403961181641
9000000.00000259,-64.5720062255859
9000000.0000026,-64.5277404785156
9000000.00000261,-64.5067901611328
9000000.00000261,-64.5082397460938
9000000.00000262,-64.531135559082
9000000.00000262,-64.5745620727539
9000000.00000262,-64.637580871582
9000000.00000263,-64.7192611694336
9000000.00000264,-64.8186645507813
9000000.00000264,-64.9348602294922
9000000.00000265,-65.0669174194336
9000000.00000265,-65.2139053344727
9000000.00000265,-65.3748779296875
9000000.00000266,-65.5503540039063
9000000.00000267,-65.7568359375
9000000.00000267,-65.9953842163086
9000000.00000267,-66.2610244750977
9000000.00000268,-66.5487823486328
9000000.00000269,-66.8536758422852
9000000.00000269,-67.1707305908203
9000000.0000027,-67.4949722290039
9000000.0000027,-67.8214263916016
9000000.0000027,-68.1451110839844
9000000.00000271,-68.461051940918
9000000.00000272,-68.764274597168
9000000.00000272,-69.0497970581055
9000000.00000273,-69.3126525878906
9000000.00000273,-69.5709533691406
9000000.00000273,-69.8424987792969
9000000.00000274,-70.1218414306641
9000000.00000275,-70.4035263061523
9000000.00000275,-70.6821060180664
9000000.00000275,-70.9521255493164
9000000.00000276,-71.2081298828125
9000000.00000276,-71.4446716308594
9000000.00000277,-71.6562957763672
9000000.00000278,-71.8375549316406
9000000.00000278,-71.9830017089844
9000000.00000278,-72.0871734619141
9000000.00000279,-72.1446228027344
9000000.0000028,-72.1504135131836
9000000.0000028,-72.1058044433594
9000000.00000281,-72.0162124633789
9000000.00000281,-71.8871154785156
9000000.00000281,-71.7239990234375
9000000.00000282,-71.5323333740234
9000000.00000283,-71.3176040649414
9000000.00000283,-71.0853042602539
9000000.00000283,-70.8408966064453
9000000.00000284,-70.5898742675781
9000000.00000284,-70.3377227783203
9000000.00000285,-70.0899047851563
9000000.00000286,-69.851921081543
9000000.00000286,-69.6269989013672
9000000.00000286,-69.3908081054688
9000000.00000287,-69.138069152832
9000000.00000288,-68.8723754882813
9000000.00000288,-68.597297668457
9000000.00000289,-68.3164291381836
9000000.00000289,-68.0333404541016
9000000.00000289,-67.7516174316406
9000000.0000029,-67.4748458862305
9000000.00000291,-67.2066040039063
9000000.00000291,-66.9504776000977
9000000.00000292,-66.7100448608398
9000000.00000292,-66.4888916015625
9000000.00000292,-66.2905960083008
9000000.00000293,-66.1079177856445
9000000.00000294,-65.9319686889648
9000000.00000294,-65.7638549804688
9000000.00000294,-65.6046600341797
9000000.00000295,-65.4555053710938
9000000.00000295,-65.3174819946289
9000000.00000296,-65.1916885375977
9000000.00000297,-65.0792388916016
9000000.00000297,-64.9812164306641
9000000.00000297,-64.8987426757813
9000000.00000298,-64.8329010009766
9000000.00000299,-64.784797668457
9000000.00000299,-64.7555465698242
9000000.000003,-64.7456207275391
9000000.000003,-64.7533950805664
9000000.000003,-64.7781753540039
9000000.00000301,-64.8193817138672
9000000.00000302,-64.8764419555664
9000000.00000302,-64.9487991333008
9000000.00000302,-65.0358734130859
9000000.00000303,-65.137092590332
9000000.00000303,-65.2518920898438
9000000.00000304,-65.3796920776367
9000000.00000305,-65.5199203491211
9000000.00000305,-65.6720199584961
9000000.00000305,-65.8354034423828
9000000.00000306,-66.0107269287109
9000000.00000307,-66.2120971679688
9000000.00000307,-66.4402160644531
9000000.00000308,-66.6906204223633
9000000.00000308,-66.9588623046875
9000000.00000308,-67.2404708862305
9000000.00000309,-67.5309982299805
9000000.0000031,-67.8259811401367
9000000.0000031,-68.120964050293
9000000.00000311,-68.4114837646484
9000000.00000311,-68.6930847167969
9000000.00000311,-68.961311340332
9000000.00000312,-69.2117004394531
9000000.00000313,-69.4397964477539
9000000.00000313,-69.6573028564453
9000000.00000313,-69.8770980834961
9000000.00000314,-70.0965118408203
9000000.00000314,-70.312858581543
9000000.00000315,-70.5234603881836
9000000.00000316,-70.7256317138672
9000000.00000316,-70.9167022705078
9000000.00000316,-71.0939865112305
9000000.00000317,-71.2548065185547
9000000.00000318,-71.3964767456055
9000000.00000318,-71.5163269042969
9000000.00000319,-71.6116714477539
9000000.00000319,-71.6798400878906
9000000.00000319,-71.7184066772461
9000000.0000032,-71.7280654907227
9000000.00000321,-71.7114639282227
9000000.00000321,-71.6712646484375
9000000.00000321,-71.6101379394531
9000000.00000322,-71.5307540893555
9000000.00000322,-71.435791015625
9000000.00000323,-71.3279190063477
9000000.00000324,-71.2098083496094
9000000.00000324,-71.0841293334961
9000000.00000324,-70.9535522460938
9000000.00000325,-70.8207550048828
9000000.00000326,-70.6884002685547
9000000.00000326,-70.5578460693359
9000000.00000327,-70.414665222168
9000000.00000327,-70.2562484741211
9000000.00000327,-70.0852508544922
9000000.00000328,-69.9043273925781
9000000.00000329,-69.7161331176758
9000000.00000329,-69.5233306884766
9000000.0000033,-69.3285598754883
9000000.0000033,-69.1344985961914
9000000.0000033,-68.9437866210938
9000000.00000331,-68.7590789794922
9000000.00000332,-68.5830383300781
9000000.00000332,-68.4183197021484
9000000.00000332,-68.2675704956055
9000000.00000333,-68.1234588623047
9000000.00000333,-67.9780426025391
9000000.00000334,-67.8331069946289
9000000.00000335,-67.6904296875
9000000.00000335,-67.5517883300781
9000000.00000335,-67.4189682006836
9000000.00000336,-67.2937393188477
9000000.00000337,-67.1778869628906
9000000.00000337,-67.0731887817383
9000000.00000338,-66.9814300537109
9000000.00000338,-66.9043807983398
9000000.00000338,-66.8438262939453
9000000.00000339,-66.8015441894531
9000000.0000034,-66.7771682739258
9000000.0000034,-66.7648239135742
9000000.0000034,-66.7643203735352
9000000.00000341,-66.7759857177734
9000000.00000341,-66.8001327514648
9000000.00000342,-66.8370895385742
9000000.00000343,-66.8871765136719
9000000.00000343,-66.9507217407227
9000000.00000343,-67.0280303955078
9000000.00000344,-67.1194458007813
9000000.00000345,-67.2252655029297
9000000.00000345,-67.345832824707
9000000.00000346,-67.4814605712891
9000000.00000346,-67.6340484619141
9000000.00000346,-67.8222503662109
9000000.00000347,-68.046012878418
9000000.00000348,-68.298469543457
9000000.00000348,-68.5727386474609
9000000.00000349,-68.861930847168
9000000.00000349,-69.1591796875
9000000.00000349,-69.4576034545898
9000000.0000035,-69.7503280639648
9000000.00000351,-70.0304641723633
9000000.00000351,-70.2911376953125
9000000.00000351,-70.5254821777344
9000000.00000352,-70.7266006469727
9000000.00000352,-70.8876190185547
9000000.00000353,-71.0147476196289
9000000.00000354,-71.1198348999023
9000000.00000354,-71.2045211791992
9000000.00000354,-71.2704467773438
9000000.00000355,-71.3192443847656
9000000.00000356,-71.3525390625
9000000.00000356,-71.3719787597656
9000000.00000357,-71.3791885375977
9000000.00000357,-71.3758087158203
9000000.00000357,-71.3634643554688
9000000.00000358,-71.3437957763672
9000000.00000359,-71.3184432983398
9000000.00000359,-71.2890319824219
9000000.00000359,-71.2531814575195
9000000.0000036,-71.1998519897461
9000000.0000036,-71.1305084228516
9000000.00000361,-71.0476226806641
9000000.00000362,-70.9536743164063
9000000.00000362,-70.8511276245117
9000000.00000362,-70.7424697875977
9000000.00000363,-70.6301803588867
9000000.00000364,-70.5167236328125
9000000.00000364,-70.4045791625977
9000000.00000365,-70.2962265014648
9000000.00000365,-70.1941452026367
9000000.00000365,-70.1007995605469
9000000.00000366,-70.0182571411133
9000000.00000367,-69.9426116943359
9000000.00000367,-69.8715591430664
9000000.00000368,-69.8042297363281
9000000.00000368,-69.7397384643555
9000000.00000368,-69.6772079467773
9000000.00000369,-69.6157684326172
9000000.0000037,-69.5545272827148
9000000.0000037,-69.4926147460938
9000000.0000037,-69.4291458129883
9000000.00000371,-69.3632431030273
9000000.00000371,-69.2940292358398
9000000.00000372,-69.2206192016602
9000000.00000373,-69.1421508789063
9000000.00000373,-69.0581893920898
9000000.00000373,-68.9694595336914
9000000.00000374,-68.8767395019531
9000000.00000375,-68.7808303833008
9000000.00000375,-68.6825256347656
9000000.00000376,-68.5826263427734
9000000.00000376,-68.4819107055664
9000000.00000376,-68.3811874389648
9000000.00000377,-68.28125
9000000.00000378,-68.1828842163086
9000000.00000378,-68.0868911743164
9000000.00000378,-67.9940643310547
9000000.00000379,-67.9051971435547
9000000.00000379,-67.8185195922852
9000000.0000038,-67.7270202636719
9000000.00000381,-67.6318817138672
9000000.00000381,-67.5349502563477
9000000.00000381,-67.4380645751953
9000000.00000382,-67.3430862426758
9000000.00000383,-67.2518463134766
9000000.00000383,-67.1661987304688
9000000.00000384,-67.0879898071289
9000000.00000384,-67.0190658569336
9000000.00000384,-66.9612655639648
9000000.00000385,-66.9164505004883
9000000.00000386,-66.8864517211914
9000000.00000386,-66.872932434082
9000000.00000387,-66.8742752075195
9000000.00000387,-66.8887939453125
9000000.00000387,-66.9153671264648
9000000.00000388,-66.952880859375
9000000.00000389,-67.0002059936523
9000000.00000389,-67.0562362670898
9000000.00000389,-67.1198501586914
9000000.0000039,-67.1899185180664
9000000.00000391,-67.2653350830078
9000000.00000391,-67.3449783325195
9000000.00000392,-67.4277191162109
9000000.00000392,-67.512451171875
9000000.00000392,-67.5980453491211
9000000.00000393,-67.6922454833984
9000000.00000394,-67.8015213012695
9000000.00000394,-67.9228744506836
9000000.00000395,-68.0532913208008
9000000.00000395,-68.1897583007813
9000000.00000395,-68.3292846679688
9000000.00000396,-68.4688491821289
9000000.00000397,-68.6054534912109
9000000.00000397,-68.736083984375
9000000.00000397,-68.8577346801758
9000000.00000398,-68.967399597168
9000000.00000398,-69.0620727539063
9000000.00000399,-69.1387481689453
9000000.000004,-69.1968231201172
9000000.000004,-69.2428359985352
9000000.000004,-69.2780914306641
9000000.00000401,-69.303352355957
9000000.00000402,-69.3193740844727
9000000.00000402,-69.3269195556641
9000000.00000403,-69.3267517089844
9000000.00000403,-69.3196411132813
9000000.00000403,-69.3063278198242
9000000.00000404,-69.28759765625
9000000.00000405,-69.2641983032227
9000000.00000405,-69.2368927001953
9000000.00000406,-69.2064437866211
9000000.00000406,-69.1730804443359
9000000.00000406,-69.1308670043945
9000000.00000407,-69.0790252685547
9000000.00000408,-69.0189590454102
9000000.00000408,-68.9520797729492
9000000.00000408,-68.8797836303711
9000000.00000409,-68.8034744262695
9000000.0000041,-68.7245635986328
9000000.0000041,-68.6444396972656
9000000.00000411,-68.5645217895508
9000000.00000411,-68.4862060546875
9000000.00000411,-68.4109039306641
9000000.00000412,-68.3400039672852
9000000.00000413,-68.2749252319336
9000000.00000413,-68.2134780883789
9000000.00000414,-68.1526260375977
9000000.00000414,-68.0924835205078
9000000.00000414,-68.0331573486328
9000000.00000415,-67.9747619628906
9000000.00000416,-67.9174041748047
9000000.00000416,-67.8612060546875
9000000.00000416,-67.806266784668
9000000.00000417,-67.7527084350586
9000000.00000417,-67.7006378173828
9000000.00000418,-67.6501693725586
9000000.00000419,-67.6014099121094
9000000.00000419,-67.5544738769531
9000000.00000419,-67.5074157714844
9000000.0000042,-67.4545745849609
9000000.00000421,-67.3974761962891
9000000.00000421,-67.3381729125977
9000000.00000422,-67.2787399291992
9000000.00000422,-67.2212371826172
9000000.00000422,-67.1677398681641
9000000.00000423,-67.1203155517578
9000000.00000424,-67.0810241699219
9000000.00000424,-67.0519332885742
9000000.00000425,-67.0351104736328
9000000.00000425,-67.0326232910156
9000000.00000425,-67.0465393066406
9000000.00000426,-67.0788040161133
9000000.00000427,-67.1287460327148
9000000.00000427,-67.1944885253906
9000000.00000427,-67.2743759155273
9000000.00000428,-67.3667678833008
9000000.00000429,-67.4699935913086
9000000.00000429,-67.5824203491211
9000000.0000043,-67.702392578125
9000000.0000043,-67.8282470703125
9000000.0000043,-67.9583435058594
9000000.00000431,-68.0910263061523
9000000.00000432,-68.2246322631836
9000000.00000432,-68.3575286865234
9000000.00000433,-68.4880523681641
9000000.00000433,-68.6300659179688
9000000.00000433,-68.7947769165039
9000000.00000434,-68.9765548706055
9000000.00000435,-69.1697769165039
9000000.00000435,-69.3688278198242
9000000.00000435,-69.5680618286133
9000000.00000436,-69.7618713378906
9000000.00000436,-69.9446258544922
9000000.00000437,-70.1106948852539
9000000.00000438,-70.2544555664063
9000000.00000438,-70.3702774047852
9000000.00000438,-70.4525451660156
9000000.00000439,-70.4956283569336
9000000.0000044,-70.4955596923828
9000000.0000044,-70.4567565917969
9000000.00000441,-70.383903503418
9000000.00000441,-70.2814483642578
9000000.00000441,-70.1538543701172
9000000.00000442,-70.0055618286133
9000000.00000443,-69.8410263061523
9000000.00000443,-69.6647033691406
9000000.00000444,-69.4810485839844
9000000.00000444,-69.2945098876953
9000000.00000444,-69.1095428466797
9000000.00000445,-68.9305953979492
9000000.00000446,-68.7621231079102
9000000.00000446,-68.606819152832
9000000.00000446,-68.4457702636719
9000000.00000447,-68.2746963500977
9000000.00000448,-68.0962066650391
9000000.00000448,-67.9129257202148
9000000.00000449,-67.7274551391602
9000000.00000449,-67.5424194335938
9000000.00000449,-67.3604202270508
9000000.0000045,-67.18408203125
9000000.00000451,-67.0160140991211
9000000.00000451,-66.8588333129883
9000000.00000452,-66.7151565551758
9000000.00000452,-66.5875854492188
9000000.00000452,-66.4787368774414
9000000.00000453,-66.3850784301758
9000000.00000454,-66.3012771606445
9000000.00000454,-66.2273101806641
9000000.00000454,-66.1631240844727
9000000.00000455,-66.1086807250977
9000000.00000455,-66.0639343261719
9000000.00000456,-66.0288543701172
9000000.00000457,-66.0033798217773
9000000.00000457,-65.9874877929688
9000000.00000457,-65.9811248779297
9000000.00000458,-65.9842529296875
9000000.00000459,-65.996826171875
9000000.00000459,-66.0188140869141
9000000.0000046,-66.0490188598633
9000000.0000046,-66.0842895507813
9000000.0000046,-66.1255874633789
9000000.00000461,-66.1741714477539
9000000.00000462,-66.2313079833984
9000000.00000462,-66.2982635498047
9000000.00000462,-66.3763046264648
9000000.00000463,-66.4666976928711
9000000.00000463,-66.5706939697266
9000000.00000464,-66.6895751953125
9000000.00000465,-66.8246002197266
9000000.00000465,-66.9770278930664
9000000.00000465,-67.1481323242188
9000000.00000466,-67.3372116088867
9000000.00000467,-67.5215606689453
9000000.00000467,-67.6997451782227
9000000.00000468,-67.8786163330078
9000000.00000468,-68.0650329589844
9000000.00000468,-68.2658462524414
9000000.00000469,-68.4879150390625
9000000.0000047,-68.7380828857422
9000000.0000047,-69.0232162475586
9000000.00000471,-69.3501663208008
9000000.00000471,-69.7257843017578
9000000.00000471,-70.1569290161133
9000000.00000472,-70.6504440307617
9000000.00000473,-71.2131958007813
9000000.00000473,-71.9089965820313
9000000.00000473,-72.773307800293
9000000.00000474,-73.7704391479492
9000000.00000474,-74.8647308349609
9000000.00000475,-76.0205078125
9000000.00000476,-77.2020797729492
9000000.00000476,-78.373779296875
9000000.00000476,-79.4999313354492
9000000.00000477,-80.5448608398438
9000000.00000478,-81.4728851318359
9000000.00000478,-82.2483291625977
9000000.00000479,-82.8355255126953
9000000.00000479,-83.1987915039063
9000000.00000479,-83.3140182495117
9000000.0000048,-83.2121658325195
9000000.00000481,-82.9220809936523
9000000.00000481,-82.4708709716797
9000000.00000481,-81.8856430053711
9000000.00000482,-81.193489074707
9000000.00000482,-80.4215393066406
9000000.00000483,-79.5968933105469
9000000.00000484,-78.7466506958008
9000000.00000484,-77.8979263305664
9000000.00000484,-77.0778198242188
9000000.00000485,-76.3134536743164
9000000.00000486,-75.6319198608398
9000000.00000486,-75.052848815918
9000000.00000487,-74.4987564086914
9000000.00000487,-73.9440994262695
9000000.00000487,-73.3914947509766
9000000.00000488,-72.8435363769531
9000000.00000489,-72.3028259277344
9000000.00000489,-71.77197265625
9000000.0000049,-71.2535781860352
9000000.0000049,-70.7502365112305
9000000.0000049,-70.2645645141602
9000000.00000491,-69.7991485595703
9000000.00000492,-69.3566055297852
9000000.00000492,-68.9395294189453
9000000.00000492,-68.5505218505859
9000000.00000493,-68.1853179931641
9000000.00000493,-67.8381271362305
9000000.00000494,-67.5092620849609
9000000.00000495,-67.1990356445313
9000000.00000495,-66.9077835083008
9000000.00000495,-66.6358108520508
9000000.00000496,-66.3834457397461
9000000.00000497,-66.1510009765625
9000000.00000497,-65.9388046264648
9000000.00000498,-65.7471618652344
9000000.00000498,-65.5764007568359
9000000.00000498,-65.4268341064453
9000000.00000499,-65.2987899780273
9000000.000005,-65.1921081542969
9000000.000005,-65.10546875
9000000.000005,-65.0389251708984
9000000.00000501,-64.9926223754883
9000000.00000501,-64.9667205810547
9000000.00000502,-64.9613800048828
9000000.00000503,-64.9767608642578
9000000.00000503,-65.0130081176758
9000000.00000503,-65.0702972412109
9000000.00000504,-65.1487731933594
9000000.00000505,-65.2485885620117
9000000.00000505,-65.3699111938477
9000000.00000506,-65.5129013061523
9000000.00000506,-65.6785278320313
9000000.00000506,-65.8765869140625
9000000.00000507,-66.107063293457
9000000.00000508,-66.3663635253906
9000000.00000508,-66.65087890625
9000000.00000509,-66.9570236206055
9000000.00000509,-67.2811889648438
9000000.00000509,-67.6197891235352
9000000.0000051,-67.9692153930664
9000000.00000511,-68.3258743286133
9000000.00000511,-68.6861724853516
9000000.00000511,-69.046501159668
9000000.00000512,-69.4032669067383
9000000.00000512,-69.7528839111328
9000000.00000513,-70.1178817749023
9000000.00000514,-70.5175399780273
9000000.00000514,-70.9433059692383
9000000.00000514,-71.3866500854492
9000000.00000515,-71.8390121459961
9000000.00000516,-72.2918701171875
9000000.00000516,-72.7366714477539
9000000.00000517,-73.1648864746094
9000000.00000517,-73.5679626464844
9000000.00000517,-73.937370300293
9000000.00000518,-74.2645568847656
9000000.00000519,-74.5409927368164
9000000.00000519,-74.7581329345703
9000000.00000519,-74.9125366210938
9000000.0000052,-75.0180740356445
9000000.0000052,-75.0797729492188
9000000.00000521,-75.1016387939453
9000000.00000522,-75.0876693725586
9000000.00000522,-75.041862487793
9000000.00000522,-74.9682159423828
9000000.00000523,-74.870735168457
9000000.00000524,-74.75341796875
9000000.00000524,-74.6202545166016
9000000.00000525,-74.4752502441406
9000000.00000525,-74.322395324707
9000000.00000525,-74.1657028198242
9000000.00000526,-74.0070114135742
9000000.00000527,-73.8225326538086
9000000.00000527,-73.6083374023438
9000000.00000528,-73.3691787719727
9000000.00000528,-73.1098022460938
9000000.00000528,-72.8349380493164
9000000.00000529,-72.5493392944336
9000000.0000053,-72.2577514648438
9000000.0000053,-71.9649124145508
9000000.0000053,-71.6755752563477
9000000.00000531,-71.3944702148438
9000000.00000532,-71.126350402832
9000000.00000532,-70.8759536743164
9000000.00000533,-70.6480331420898
9000000.00000533,-70.4328918457031
9000000.00000533,-70.2186737060547
9000000.00000534,-70.0069046020508
9000000.00000535,-69.7990798950195
9000000.00000535,-69.5967178344727
9000000.00000536,-69.4013214111328
9000000.00000536,-69.2144088745117
9000000.00000536,-69.037483215332
9000000.00000537,-68.8720550537109
9000000.00000538,-68.7196350097656
9000000.00000538,-68.5817337036133
9000000.00000538,-68.4598541259766
9000000.00000539,-68.3555221557617
9000000.00000539,-68.2684860229492
9000000.0000054,-68.193977355957
9000000.00000541,-68.1317901611328
9000000.00000541,-68.0820922851563
9000000.00000541,-68.0450973510742
9000000.00000542,-68.0209732055664
9000000.00000543,-68.0099334716797
9000000.00000543,-68.0121536254883
9000000.00000544,-68.0278244018555
9000000.00000544,-68.0571441650391
9000000.00000544,-68.1003036499023
9000000.00000545,-68.1574859619141
9000000.00000546,-68.2288818359375
9000000.00000546,-68.3158416748047
9000000.00000547,-68.4319381713867
9000000.00000547,-68.5771942138672
9000000.00000547,-68.7466201782227
9000000.00000548,-68.9352569580078
9000000.00000549,-69.1381378173828
9000000.00000549,-69.3502883911133
9000000.00000549,-69.5667343139648
9000000.0000055,-69.7825164794922
9000000.00000551,-69.9926605224609
9000000.00000551,-70.1921920776367
9000000.00000552,-70.3761444091797
9000000.00000552,-70.5395431518555
9000000.00000552,-70.6774291992188
9000000.00000553,-70.8017501831055
9000000.00000554,-70.9261245727539
9000000.00000554,-71.048095703125
9000000.00000555,-71.1652221679688
9000000.00000555,-71.2750396728516
9000000.00000555,-71.3750839233398
9000000.00000556,-71.4629211425781
9000000.00000557,-71.5360717773438
9000000.00000557,-71.5920944213867
9000000.00000557,-71.628532409668
9000000.00000558,-71.6429214477539
9000000.00000558,-71.6328201293945
9000000.00000559,-71.5957565307617
9000000.0000056,-71.5290832519531
9000000.0000056,-71.4321441650391
9000000.0000056,-71.3077239990234
9000000.00000561,-71.1587677001953
9000000.00000562,-70.9882125854492
9000000.00000562,-70.7989959716797
9000000.00000563,-70.5940628051758
9000000.00000563,-70.376335144043
9000000.00000563,-70.1487731933594
9000000.00000564,-69.9142913818359
9000000.00000565,-69.6758499145508
9000000.00000565,-69.4363708496094
9000000.00000566,-69.1987991333008
9000000.00000566,-68.9645233154297
9000000.00000566,-68.7164001464844
9000000.00000567,-68.451545715332
9000000.00000568,-68.1733322143555
9000000.00000568,-67.885124206543
9000000.00000568,-67.5902938842773
9000000.00000569,-67.2921905517578
9000000.0000057,-66.9941940307617
9000000.0000057,-66.6996688842773
9000000.00000571,-66.411979675293
9000000.00000571,-66.1344985961914
9000000.00000571,-65.8705749511719
9000000.00000572,-65.6235961914063
9000000.00000573,-65.3969116210938
9000000.00000573,-65.1825256347656
9000000.00000574,-64.9712524414063
9000000.00000574,-64.7647323608398
9000000.00000574,-64.564567565918
9000000.00000575,-64.3723983764648
9000000.00000576,-64.189826965332
9000000.00000576,-64.0184936523438
9000000.00000576,-63.8600006103516
9000000.00000577,-63.7159805297852
9000000.00000577,-63.5880546569824
9000000.00000578,-63.477840423584
9000000.00000579,-63.386962890625
9000000.00000579,-63.3170394897461
9000000.00000579,-63.2671356201172
9000000.0000058,-63.2302513122559
9000000.00000581,-63.2066879272461
9000000.00000581,-63.1973838806152
9000000.00000582,-63.2032623291016
9000000.00000582,-63.2252616882324
9000000.00000582,-63.2643089294434
9000000.00000583,-63.3213424682617
9000000.00000584,-63.397289276123
9000000.00000584,-63.4930839538574
9000000.00000585,-63.6096572875977
9000000.00000585,-63.7479438781738
9000000.00000585,-63.9088706970215
9000000.00000586,-64.0932235717773
9000000.00000587,-64.2996139526367
9000000.00000587,-64.5271759033203
9000000.00000587,-64.7755508422852
9000000.00000588,-65.0443801879883
9000000.00000589,-65.3333053588867
9000000.00000589,-65.6419677734375
9000000.0000059,-65.9700012207031
9000000.0000059,-66.3170471191406
9000000.0000059,-66.682746887207
9000000.00000591,-67.0667419433594
9000000.00000592,-67.4686737060547
9000000.00000592,-67.88818359375
9000000.00000593,-68.3248977661133
9000000.00000593,-68.8133850097656
9000000.00000593,-69.3773880004883
9000000.00000594,-70.0003356933594
9000000.00000595,-70.6656646728516
9000000.00000595,-71.356819152832
9000000.00000595,-72.0572204589844
9000000.00000596,-72.7503051757813
9000000.00000596,-73.4195098876953
9000000.00000597,-74.0482635498047
9000000.00000598,-74.6200103759766
9000000.00000598,-75.1181716918945
9000000.00000598,-75.5261917114258
9000000.00000599,-75.8274993896484
9000000.000006,-76.0121154785156
9000000.000006,-76.097770690918
9000000.00000601,-76.0968933105469
9000000.00000601,-76.0207672119141
9000000.00000601,-75.8806915283203
9000000.00000602,-75.6879425048828
9000000.00000603,-75.4538269042969
9000000.00000603,-75.1896286010742
9000000.00000604,-74.9066467285156
9000000.00000604,-74.6161575317383
9000000.00000604,-74.3294677734375
9000000.00000605,-74.0578536987305
9000000.00000606,-73.8126220703125
9000000.00000606,-73.6014404296875
9000000.00000606,-73.3862762451172
9000000.00000607,-73.1564025878906
9000000.00000608,-72.9149627685547
9000000.00000608,-72.6650619506836
9000000.00000609,-72.4098205566406
9000000.00000609,-72.1523666381836
9000000.00000609,-71.8958206176758
9000000.0000061,-71.6432952880859
9000000.00000611,-71.3979187011719
9000000.00000611,-71.1628112792969
9000000.00000612,-70.9410858154297
9000000.00000612,-70.7358703613281
9000000.00000612,-70.5502853393555
9000000.00000613,-70.3784713745117
9000000.00000614,-70.2129669189453
9000000.00000614,-70.0545349121094
9000000.00000614,-69.9039001464844
9000000.00000615,-69.7618255615234
9000000.00000615,-69.629035949707
9000000.00000616,-69.5062866210938
9000000.00000617,-69.3943176269531
9000000.00000617,-69.2938613891602
9000000.00000617,-69.205680847168
9000000.00000618,-69.1305084228516
9000000.00000619,-69.0690841674805
9000000.00000619,-69.0221557617188
9000000.0000062,-68.9862594604492
9000000.0000062,-68.9498519897461
9000000.0000062,-68.9154663085938
9000000.00000621,-68.8867645263672
9000000.00000622,-68.8674011230469
9000000.00000622,-68.8610382080078
9000000.00000623,-68.8713226318359
9000000.00000623,-68.9019165039063
9000000.00000623,-68.9564666748047
9000000.00000624,-69.0386428833008
9000000.00000625,-69.1520843505859
9000000.00000625,-69.3004531860352
9000000.00000625,-69.4874114990234
9000000.00000626,-69.717643737793
9000000.00000627,-70.004753112793
9000000.00000627,-70.3456192016602
9000000.00000628,-70.7320938110352
9000000.00000628,-71.1560516357422
9000000.00000628,-71.6093368530273
9000000.00000629,-72.0838165283203
9000000.0000063,-72.5713500976563
9000000.0000063,-73.0638046264648
9000000.00000631,-73.5530242919922
9000000.00000631,-74.0308837890625
9000000.00000631,-74.4892425537109
9000000.00000632,-74.9199523925781
9000000.00000633,-75.3148803710938
9000000.00000633,-75.7055892944336
9000000.00000633,-76.1224975585938
9000000.00000634,-76.5557479858398
9000000.00000634,-76.995491027832
9000000.00000635,-77.4318695068359
9000000.00000636,-77.8550186157227
9000000.00000636,-78.2550964355469
9000000.00000636,-78.6222381591797
9000000.00000637,-78.9465866088867
9000000.00000638,-79.2182922363281
9000000.00000638,-79.427490234375
9000000.00000639,-79.5643310546875
9000000.00000639,-79.6189651489258
9000000.00000639,-79.5788421630859
9000000.0000064,-79.4363250732422
9000000.00000641,-79.2040557861328
9000000.00000641,-78.8957977294922
9000000.00000641,-78.5252838134766
9000000.00000642,-78.1062774658203
9000000.00000642,-77.6525268554688
9000000.00000643,-77.1777877807617
9000000.00000644,-76.69580078125
9000000.00000644,-76.220329284668
9000000.00000644,-75.7651214599609
9000000.00000645,-75.3439178466797
9000000.00000646,-74.9704895019531
9000000.00000646,-74.6552810668945
9000000.00000647,-74.3649978637695
9000000.00000647,-74.0867614746094
9000000.00000647,-73.8197784423828
9000000.00000648,-73.5632476806641
9000000.00000649,-73.3163681030273
9000000.00000649,-73.0783538818359
9000000.0000065,-72.848388671875
9000000.0000065,-72.6256866455078
9000000.0000065,-72.4094467163086
9000000.00000651,-72.1988754272461
9000000.00000652,-71.9931716918945
9000000.00000652,-71.7915267944336
9000000.00000652,-71.5931625366211
9000000.00000653,-71.3986206054688
9000000.00000653,-71.2091751098633
9000000.00000654,-71.0250930786133
9000000.00000655,-70.8466491699219
9000000.00000655,-70.6741027832031
9000000.00000655,-70.5077209472656
9000000.00000656,-70.3477783203125
9000000.00000657,-70.1945343017578
9000000.00000657,-70.0482711791992
9000000.00000658,-69.9092407226563
9000000.00000658,-69.777717590332
9000000.00000658,-69.6539688110352
9000000.00000659,-69.5382690429688
9000000.0000066,-69.4281005859375
9000000.0000066,-69.3158187866211
9000000.0000066,-69.2033462524414
9000000.00000661,-69.0933532714844
9000000.00000661,-68.9885025024414
9000000.00000662,-68.8914489746094
9000000.00000663,-68.8048553466797
9000000.00000663,-68.7313995361328
9000000.00000663,-68.6737289428711
9000000.00000664,-68.6345138549805
9000000.00000665,-68.6164093017578
9000000.00000665,-68.6220932006836
9000000.00000666,-68.6542129516602
9000000.00000666,-68.7127380371094
9000000.00000666,-68.7668838500977
9000000.00000667,-68.813835144043
9000000.00000668,-68.8620376586914
9000000.00000668,-68.9199066162109
9000000.00000669,-68.9958877563477
9000000.00000669,-69.0984115600586
9000000.00000669,-69.2359085083008
9000000.0000067,-69.4168167114258
9000000.00000671,-69.6495590209961
9000000.00000671,-69.9425735473633
9000000.00000671,-70.3042984008789
9000000.00000672,-70.7431564331055
9000000.00000673,-71.2675857543945
9000000.00000673,-71.9428787231445
9000000.00000674,-72.8037490844727
9000000.00000674,-73.8127136230469
9000000.00000674,-74.9323196411133
9000000.00000675,-76.1250991821289
9000000.00000676,-77.3535842895508
9000000.00000676,-78.5803298950195
9000000.00000677,-79.7678451538086
9000000.00000677,-80.8786926269531
9000000.00000677,-81.8753890991211
9000000.00000678,-82.7204818725586
9000000.00000679,-83.3764953613281
9000000.00000679,-83.8059768676758
9000000.00000679,-83.9859466552734
9000000.0000068,-83.9553527832031
9000000.0000068,-83.7426300048828
9000000.00000681,-83.3737487792969
9000000.00000682,-82.8746871948242
9000000.00000682,-82.2714157104492
9000000.00000682,-81.5899047851563
9000000.00000683,-80.8561401367188
9000000.00000684,-80.0960845947266
9000000.00000684,-79.3357162475586
9000000.00000685,-78.6010131835938
9000000.00000685,-77.9179534912109
9000000.00000685,-77.3125
9000000.00000686,-76.8032684326172
9000000.00000687,-76.3137283325195
9000000.00000687,-75.8193817138672
9000000.00000688,-75.3235321044922
9000000.00000688,-74.829475402832
9000000.00000688,-74.3405151367188
9000000.00000689,-73.8599548339844
9000000.0000069,-73.3910827636719
9000000.0000069,-72.9372024536133
9000000.0000069,-72.5016098022461
9000000.00000691,-72.0876083374023
9000000.00000692,-71.6985015869141
9000000.00000692,-71.3375854492188
9000000.00000693,-71.0081558227539
9000000.00000693,-70.7082366943359
9000000.00000693,-70.4328231811523
9000000.00000694,-70.1806335449219
9000000.00000695,-69.9504013061523
9000000.00000695,-69.7408599853516
9000000.00000696,-69.5507354736328
9000000.00000696,-69.3787612915039
9000000.00000696,-69.2236709594727
9000000.00000697,-69.0841827392578
9000000.00000698,-68.9590377807617
9000000.00000698,-68.8469696044922
9000000.00000698,-68.746696472168
9000000.00000699,-68.6569519042969
9000000.00000699,-68.5794219970703
9000000.000007,-68.5221939086914
9000000.00000701,-68.4842834472656
9000000.00000701,-68.4639358520508
9000000.00000701,-68.4594268798828
9000000.00000702,-68.4690093994141
9000000.00000703,-68.4909515380859
9000000.00000703,-68.5235061645508
9000000.00000704,-68.5649490356445
9000000.00000704,-68.613525390625
9000000.00000704,-68.6675109863281
9000000.00000705,-68.7251586914063
9000000.00000706,-68.7847290039063
9000000.00000706,-68.8455123901367
9000000.00000707,-68.9188690185547
9000000.00000707,-69.0065307617188
9000000.00000707,-69.1060562133789
9000000.00000708,-69.2150344848633
9000000.00000709,-69.3310317993164
9000000.00000709,-69.4516372680664
9000000.00000709,-69.5744094848633
9000000.0000071,-69.6969375610352
9000000.00000711,-69.8167953491211
9000000.00000711,-69.9315643310547
9000000.00000712,-70.0388031005859
9000000.00000712,-70.136100769043
9000000.00000712,-70.2210388183594
9000000.00000713,-70.2966384887695
9000000.00000714,-70.3676605224609
9000000.00000714,-70.4342803955078
9000000.00000715,-70.4966430664063
9000000.00000715,-70.5549163818359
9000000.00000715,-70.6092681884766
9000000.00000716,-70.6598434448242
9000000.00000717,-70.7068176269531
9000000.00000717,-70.7503433227539
9000000.00000717,-70.7905807495117
9000000.00000718,-70.8276977539063
9000000.00000718,-70.8618545532227
9000000.00000719,-70.8932037353516
9000000.0000072,-70.9211959838867
9000000.0000072,-70.9438629150391
9000000.0000072,-70.9616012573242
9000000.00000721,-70.9749908447266
9000000.00000722,-70.9846267700195
9000000.00000722,-70.991096496582
9000000.00000723,-70.9949722290039
9000000.00000723,-70.9968414306641
9000000.00000723,-70.9972991943359
9000000.00000724,-70.9969177246094
9000000.00000725,-70.9962921142578
9000000.00000725,-70.9960021972656
9000000.00000726,-70.9966354370117
9000000.00000726,-70.9991912841797
9000000.00000726,-71.0087203979492
9000000.00000727,-71.024772644043
9000000.00000728,-71.0450210571289
9000000.00000728,-71.067138671875
9000000.00000728,-71.0888214111328
9000000.00000729,-71.1077270507813
9000000.0000073,-71.1215591430664
9000000.0000073,-71.1279754638672
9000000.00000731,-71.1246643066406
9000000.00000731,-71.1093063354492
9000000.00000731,-71.0795745849609
9000000.00000732,-71.0331573486328
9000000.00000733,-70.9677276611328
9000000.00000733,-70.880744934082
9000000.00000734,-70.7730712890625
9000000.00000734,-70.6475219726563
9000000.00000734,-70.5068969726563
9000000.00000735,-70.35400390625
9000000.00000736,-70.1916580200195
9000000.00000736,-70.0226593017578
9000000.00000736,-69.8498229980469
9000000.00000737,-69.6759490966797
9000000.00000737,-69.5038375854492
9000000.00000738,-69.336311340332
9000000.00000739,-69.1761703491211
9000000.00000739,-69.0262222290039
9000000.00000739,-68.8832244873047
9000000.0000074,-68.7305526733398
9000000.00000741,-68.5700454711914
9000000.00000741,-68.4050369262695
9000000.00000742,-68.2388916015625
9000000.00000742,-68.0749435424805
9000000.00000742,-67.9165496826172
9000000.00000743,-67.7670593261719
9000000.00000744,-67.6298141479492
9000000.00000744,-67.5081634521484
9000000.00000745,-67.4054641723633
9000000.00000745,-67.3250579833984
9000000.00000745,-67.2702941894531
9000000.00000746,-67.2443237304688
9000000.00000747,-67.2461242675781
9000000.00000747,-67.2726593017578
9000000.00000747,-67.3212203979492
9000000.00000748,-67.3891143798828
9000000.00000749,-67.4736557006836
9000000.00000749,-67.572135925293
9000000.0000075,-67.6818771362305
9000000.0000075,-67.800163269043
9000000.0000075,-67.92431640625
9000000.00000751,-68.051628112793
9000000.00000752,-68.1794052124023
9000000.00000752,-68.3049545288086
9000000.00000753,-68.4255828857422
9000000.00000753,-68.5566711425781
9000000.00000753,-68.7116317749023
9000000.00000754,-68.8847885131836
9000000.00000755,-69.0704879760742
9000000.00000755,-69.263069152832
9000000.00000755,-69.4568634033203
9000000.00000756,-69.6462097167969
9000000.00000756,-69.8254470825195
9000000.00000757,-69.9889068603516
9000000.00000758,-70.1309356689453
9000000.00000758,-70.2458648681641
9000000.00000758,-70.3280334472656
9000000.00000759,-70.3717803955078
9000000.0000076,-70.3745346069336
9000000.0000076,-70.3446884155273
9000000.00000761,-70.2858276367188
9000000.00000761,-70.2008972167969
9000000.00000761,-70.0928649902344
9000000.00000762,-69.9646759033203
9000000.00000763,-69.8192977905273
9000000.00000763,-69.6596908569336
9000000.00000764,-69.4888076782227
9000000.00000764,-69.3096008300781
9000000.00000764,-69.1250381469727
9000000.00000765,-68.9380722045898
9000000.00000766,-68.7516632080078
9000000.00000766,-68.5670700073242
9000000.00000766,-68.3654479980469
9000000.00000767,-68.1438751220703
9000000.00000768,-67.9063034057617
9000000.00000768,-67.6566772460938
9000000.00000769,-67.3989562988281
9000000.00000769,-67.1370849609375
9000000.00000769,-66.8750152587891
9000000.0000077,-66.61669921875
9000000.00000771,-66.366081237793
9000000.00000771,-66.1271133422852
9000000.00000772,-65.9037551879883
9000000.00000772,-65.699951171875
9000000.00000772,-65.519645690918
9000000.00000773,-65.3534164428711
9000000.00000774,-65.1904754638672
9000000.00000774,-65.0327377319336
9000000.00000774,-64.8821258544922
9000000.00000775,-64.7405548095703
9000000.00000775,-64.6099472045898
9000000.00000776,-64.4922256469727
9000000.00000777,-64.3893051147461
9000000.00000777,-64.3031005859375
9000000.00000777,-64.2355346679688
9000000.00000778,-64.1885299682617
9000000.00000779,-64.1639938354492
9000000.00000779,-64.1638565063477
9000000.0000078,-64.1883239746094
9000000.0000078,-64.2327194213867
9000000.0000078,-64.2963562011719
9000000.00000781,-64.3789367675781
9000000.00000782,-64.4801788330078
9000000.00000782,-64.5997772216797
9000000.00000783,-64.7374420166016
9000000.00000783,-64.8928756713867
9000000.00000783,-65.065788269043
9000000.00000784,-65.2558822631836
9000000.00000785,-65.4628524780273
9000000.00000785,-65.6864242553711
9000000.00000785,-65.9262847900391
9000000.00000786,-66.1834259033203
9000000.00000787,-66.4727096557617
9000000.00000787,-66.7946166992188
9000000.00000788,-67.144157409668
9000000.00000788,-67.5163421630859
9000000.00000788,-67.9061965942383
9000000.00000789,-68.3087387084961
9000000.0000079,-68.7189865112305
9000000.0000079,-69.131950378418
9000000.00000791,-69.5426635742188
9000000.00000791,-69.9461288452148
9000000.00000791,-70.3373794555664
9000000.00000792,-70.7114181518555
9000000.00000793,-71.0632705688477
9000000.00000793,-71.4153900146484
9000000.00000793,-71.7884979248047
9000000.00000794,-72.175048828125
9000000.00000794,-72.5674819946289
9000000.00000795,-72.958251953125
9000000.00000796,-73.3397903442383
9000000.00000796,-73.7045593261719
9000000.00000796,-74.0449829101563
9000000.00000797,-74.3535308837891
9000000.00000798,-74.6226272583008
9000000.00000798,-74.8447265625
9000000.00000799,-75.0122756958008
9000000.00000799,-75.1177215576172
9000000.00000799,-75.1552429199219
9000000.000008,-75.1294326782227
9000000.00000801,-75.0469818115234
9000000.00000801,-74.9143753051758
9000000.00000802,-74.7381057739258
9000000.00000802,-74.5246810913086
9000000.00000802,-74.2805938720703
9000000.00000803,-74.0123443603516
9000000.00000804,-73.7264175415039
9000000.00000804,-73.429328918457
9000000.00000804,-73.1275634765625
9000000.00000805,-72.8276214599609
9000000.00000806,-72.5359954833984
9000000.00000806,-72.2563095092773
9000000.00000807,-71.9571990966797
9000000.00000807,-71.6323776245117
9000000.00000807,-71.2869873046875
9000000.00000808,-70.926155090332
9000000.00000809,-70.5550308227539
9000000.00000809,-70.1787414550781
9000000.0000081,-69.8024368286133
9000000.0000081,-69.4312362670898
9000000.0000081,-69.0702896118164
9000000.00000811,-68.7247314453125
9000000.00000812,-68.3996963500977
9000000.00000812,-68.1003265380859
9000000.00000812,-67.8317565917969
9000000.00000813,-67.5841903686523
9000000.00000813,-67.3452758789063
9000000.00000814,-67.1162948608398
9000000.00000815,-66.8985595703125
9000000.00000815,-66.6933517456055
9000000.00000815,-66.5019607543945
9000000.00000816,-66.3256912231445
9000000.00000817,-66.1658401489258
9000000.00000817,-66.0236892700195
9000000.00000818,-65.9005355834961
9000000.00000818,-65.7976760864258
9000000.00000818,-65.7164001464844
9000000.00000819,-65.6580047607422
9000000.0000082,-65.6225280761719
9000000.0000082,-65.6065139770508
9000000.00000821,-65.6095886230469
9000000.00000821,-65.6316680908203
9000000.00000821,-65.6726684570313
9000000.00000822,-65.7325057983398
9000000.00000823,-65.8110961914063
9000000.00000823,-65.9083480834961
9000000.00000823,-66.0241928100586
9000000.00000824,-66.1585311889648
9000000.00000825,-66.311279296875
9000000.00000825,-66.4823608398438
9000000.00000826,-66.6716842651367
9000000.00000826,-66.8800277709961
9000000.00000826,-67.1175384521484
9000000.00000827,-67.3844146728516
9000000.00000828,-67.6771697998047
9000000.00000828,-67.9922866821289
9000000.00000829,-68.3262710571289
9000000.00000829,-68.6756286621094
9000000.00000829,-69.0368499755859
9000000.0000083,-69.4064331054688
9000000.00000831,-69.7808837890625
9000000.00000831,-70.1566925048828
9000000.00000831,-70.5303726196289
9000000.00000832,-70.8983993530273
9000000.00000833,-71.2572937011719
9000000.00000833,-71.6352005004883
9000000.00000834,-72.055061340332
9000000.00000834,-72.5055389404297
9000000.00000834,-72.9753112792969
9000000.00000835,-73.4530334472656
9000000.00000836,-73.927375793457
9000000.00000836,-74.3870086669922
9000000.00000837,-74.8206024169922
9000000.00000837,-75.2168273925781
9000000.00000837,-75.564338684082
9000000.00000838,-75.8518142700195
9000000.00000839,-76.0679244995117
9000000.00000839,-76.2013320922852
9000000.00000839,-76.2446899414063
9000000.0000084,-76.2086868286133
9000000.0000084,-76.1022415161133
9000000.00000841,-75.9336242675781
9000000.00000842,-75.7111206054688
9000000.00000842,-75.4430084228516
9000000.00000842,-75.1375732421875
9000000.00000843,-74.803092956543
9000000.00000844,-74.4478530883789
9000000.00000844,-74.0801239013672
9000000.00000845,-73.7081832885742
9000000.00000845,-73.3403244018555
9000000.00000845,-72.9848175048828
9000000.00000846,-72.6464462280273
9000000.00000847,-72.287223815918
9000000.00000847,-71.8991622924805
9000000.00000848,-71.4881057739258
9000000.00000848,-71.0599060058594
9000000.00000848,-70.6204147338867
9000000.00000849,-70.1754760742188
9000000.0000085,-69.7309417724609
9000000.0000085,-69.2926483154297
9000000.0000085,-68.8664627075195
9000000.00000851,-68.4582138061523
9000000.00000852,-68.0737533569336
9000000.00000852,-67.7189407348633
9000000.00000853,-67.3996124267578
9000000.00000853,-67.1061248779297
9000000.00000853,-66.8254089355469
9000000.00000854,-66.558219909668
9000000.00000855,-66.3052978515625
9000000.00000855,-66.0673980712891
9000000.00000856,-65.8452453613281
9000000.00000856,-65.6396102905273
9000000.00000856,-65.4512176513672
9000000.00000857,-65.2808151245117
9000000.00000858,-65.1291580200195
9000000.00000858,-64.9969863891602
9000000.00000858,-64.8850402832031
9000000.00000859,-64.794075012207
9000000.00000859,-64.7252883911133
9000000.0000086,-64.6800003051758
9000000.00000861,-64.6570358276367
9000000.00000861,-64.6550750732422
9000000.00000861,-64.6727981567383
9000000.00000862,-64.7088851928711
9000000.00000863,-64.7620162963867
9000000.00000863,-64.8308715820313
9000000.00000864,-64.9141235351563
9000000.00000864,-65.0104522705078
9000000.00000864,-65.1185455322266
9000000.00000865,-65.2370758056641
9000000.00000866,-65.3647232055664
9000000.00000866,-65.501335144043
9000000.00000867,-65.6600570678711
9000000.00000867,-65.8422775268555
9000000.00000867,-66.0445404052734
9000000.00000868,-66.2634124755859
9000000.00000869,-66.4954528808594
9000000.00000869,-66.7372207641602
9000000.00000869,-66.9852828979492
9000000.0000087,-67.2361907958984
9000000.00000871,-67.4865112304688
9000000.00000871,-67.7328033447266
9000000.00000872,-67.9716186523438
9000000.00000872,-68.1995315551758
9000000.00000872,-68.4130935668945
9000000.00000873,-68.6227722167969
9000000.00000874,-68.8394775390625
9000000.00000874,-69.0604476928711
9000000.00000875,-69.2829132080078
9000000.00000875,-69.5041122436523
9000000.00000875,-69.7212677001953
9000000.00000876,-69.9316253662109
9000000.00000877,-70.1324005126953
9000000.00000877,-70.3208389282227
9000000.00000877,-70.4941711425781
9000000.00000878,-70.6496276855469
9000000.00000878,-70.7844467163086
9000000.00000879,-70.8958511352539
9000000.0000088,-70.982780456543
9000000.0000088,-71.0498199462891
9000000.0000088,-71.0985717773438
9000000.00000881,-71.1303024291992
9000000.00000882,-71.1462554931641
9000000.00000882,-71.1476821899414
9000000.00000883,-71.1358489990234
9000000.00000883,-71.1119995117188
9000000.00000883,-71.0773849487305
9000000.00000884,-71.0332717895508
9000000.00000885,-70.9809036254883
9000000.00000885,-70.9215393066406
9000000.00000886,-70.8564300537109
9000000.00000886,-70.7858200073242
9000000.00000886,-70.6982955932617
9000000.00000887,-70.5925750732422
9000000.00000888,-70.4715347290039
9000000.00000888,-70.3380661010742
9000000.00000888,-70.1950454711914
9000000.00000889,-70.0453643798828
9000000.0000089,-69.8919067382813
9000000.0000089,-69.737548828125
9000000.00000891,-69.5851745605469
9000000.00000891,-69.4376754760742
9000000.00000891,-69.2979278564453
9000000.00000892,-69.168815612793
9000000.00000893,-69.05322265625
9000000.00000893,-68.9450912475586
9000000.00000894,-68.8371124267578
9000000.00000894,-68.7302703857422
9000000.00000894,-68.6255798339844
9000000.00000895,-68.524040222168
9000000.00000896,-68.4266357421875
9000000.00000896,-68.3343734741211
9000000.00000896,-68.2482528686523
9000000.00000897,-68.1692733764648
9000000.00000897,-68.0984344482422
9000000.00000898,-68.036735534668
9000000.00000899,-67.9851684570313
9000000.00000899,-67.9447402954102
9000000.00000899,-67.9150314331055
9000000.000009,-67.8921432495117
9000000.00000901,-67.8761444091797
9000000.00000901,-67.8674545288086
9000000.00000902,-67.8664703369141
9000000.00000902,-67.8736038208008
9000000.00000902,-67.8892669677734
9000000.00000903,-67.9138641357422
9000000.00000904,-67.9478149414063
9000000.00000904,-67.9915161132813
9000000.00000905,-68.0453872680664
9000000.00000905,-68.1098327636719
9000000.00000905,-68.1852645874023
9000000.00000906,-68.2718200683594
9000000.00000907,-68.3665237426758
9000000.00000907,-68.4689636230469
9000000.00000907,-68.5798263549805
9000000.00000908,-68.6997909545898
9000000.00000909,-68.8295211791992
9000000.00000909,-68.9696960449219
9000000.0000091,-69.1210021972656
9000000.0000091,-69.2841110229492
9000000.0000091,-69.4597015380859
9000000.00000911,-69.6484451293945
9000000.00000912,-69.8510284423828
9000000.00000912,-70.0681228637695
9000000.00000913,-70.300407409668
9000000.00000913,-70.5608444213867
9000000.00000913,-70.8574447631836
9000000.00000914,-71.1834335327148
9000000.00000915,-71.5320510864258
9000000.00000915,-71.8965301513672
9000000.00000915,-72.2701110839844
9000000.00000916,-72.6460266113281
9000000.00000916,-73.0175094604492
9000000.00000917,-73.3777923583984
9000000.00000918,-73.7201232910156
9000000.00000918,-74.0377197265625
9000000.00000918,-74.3238220214844
9000000.00000919,-74.5716705322266
9000000.0000092,-74.786376953125
9000000.0000092,-75.0004959106445
9000000.00000921,-75.2117919921875
9000000.00000921,-75.4150848388672
9000000.00000921,-75.6051940917969
9000000.00000922,-75.7769393920898
9000000.00000923,-75.9251556396484
9000000.00000923,-76.0446472167969
9000000.00000924,-76.1302337646484
9000000.00000924,-76.1767501831055
9000000.00000924,-76.1790161132813
9000000.00000925,-76.1318359375
9000000.00000926,-76.0300445556641
9000000.00000926,-75.8668060302734
9000000.00000926,-75.6206359863281
9000000.00000927,-75.2959289550781
9000000.00000928,-74.9049987792969
9000000.00000928,-74.4601593017578
9000000.00000929,-73.9737243652344
9000000.00000929,-73.4580078125
9000000.00000929,-72.9253234863281
9000000.0000093,-72.3879699707031
9000000.00000931,-71.8582763671875
9000000.00000931,-71.3485488891602
9000000.00000932,-70.8711013793945
9000000.00000932,-70.4382400512695
9000000.00000932,-70.0622863769531
9000000.00000933,-69.7211074829102
9000000.00000934,-69.3859939575195
9000000.00000934,-69.0593948364258
9000000.00000934,-68.7437591552734
9000000.00000935,-68.4415283203125
9000000.00000935,-68.155143737793
9000000.00000936,-67.8870697021484
9000000.00000937,-67.6397323608398
9000000.00000937,-67.4155883789063
9000000.00000937,-67.2170867919922
9000000.00000938,-67.0466690063477
9000000.00000939,-66.9067764282227
9000000.00000939,-66.7998657226563
9000000.0000094,-66.7241058349609
9000000.0000094,-66.6677703857422
9000000.0000094,-66.6316604614258
9000000.00000941,-66.6176300048828
9000000.00000942,-66.6275253295898
9000000.00000942,-66.663200378418
9000000.00000943,-66.7265014648438
9000000.00000943,-66.8192825317383
9000000.00000943,-66.9433975219727
9000000.00000944,-67.1006927490234
9000000.00000945,-67.2930221557617
9000000.00000945,-67.5222320556641
9000000.00000945,-67.7901763916016
9000000.00000946,-68.1016311645508
9000000.00000947,-68.4917526245117
9000000.00000947,-68.9593276977539
9000000.00000948,-69.4902572631836
9000000.00000948,-70.070442199707
9000000.00000948,-70.6857833862305
9000000.00000949,-71.3221893310547
9000000.0000095,-71.9655609130859
9000000.0000095,-72.6017990112305
9000000.00000951,-73.2168121337891
9000000.00000951,-73.7964935302734
9000000.00000951,-74.3267440795898
9000000.00000952,-74.7934799194336
9000000.00000953,-75.1825942993164
9000000.00000953,-75.5158309936523
9000000.00000953,-75.8236541748047
9000000.00000954,-76.1049880981445
9000000.00000954,-76.3587875366211
9000000.00000955,-76.5839920043945
9000000.00000956,-76.7795486450195
9000000.00000956,-76.9443969726563
9000000.00000956,-77.0774917602539
9000000.00000957,-77.1777725219727
9000000.00000958,-77.2441711425781
9000000.00000958,-77.2756500244141
9000000.00000959,-77.2711486816406
9000000.00000959,-77.229606628418
9000000.00000959,-77.1442184448242
9000000.0000096,-76.9991073608398
9000000.00000961,-76.7999877929688
9000000.00000961,-76.5541458129883
9000000.00000962,-76.2688674926758
9000000.00000962,-75.9514694213867
9000000.00000962,-75.6092224121094
9000000.00000963,-75.2494354248047
9000000.00000964,-74.87939453125
9000000.00000964,-74.5064010620117
9000000.00000964,-74.1377410888672
9000000.00000965,-73.7807159423828
9000000.00000966,-73.4426193237305
9000000.00000966,-73.1282424926758
9000000.00000967,-72.8110198974609
9000000.00000967,-72.484016418457
9000000.00000967,-72.1499481201172
9000000.00000968,-71.8115158081055
9000000.00000969,-71.4714584350586
9000000.00000969,-71.1324691772461
9000000.0000097,-70.7972869873047
9000000.0000097,-70.4686050415039
9000000.0000097,-70.1491546630859
9000000.00000971,-69.8416442871094
9000000.00000972,-69.5487976074219
9000000.00000972,-69.273323059082
9000000.00000972,-69.0179443359375
9000000.00000973,-68.7763748168945
9000000.00000974,-68.5413513183594
9000000.00000974,-68.314079284668
9000000.00000975,-68.0957794189453
9000000.00000975,-67.8876800537109
9000000.00000975,-67.6909942626953
9000000.00000976,-67.5069351196289
9000000.00000977,-67.3367309570313
9000000.00000977,-67.1815948486328
9000000.00000978,-67.0427474975586
9000000.00000978,-66.9214019775391
9000000.00000978,-66.8187789916992
9000000.00000979,-66.7360992431641
9000000.0000098,-66.6719512939453
9000000.0000098,-66.6191177368164
9000000.00000981,-66.5783920288086
9000000.00000981,-66.5512313842773
9000000.00000981,-66.5390930175781
9000000.00000982,-66.5434265136719
9000000.00000983,-66.5656890869141
9000000.00000983,-66.6073379516602
9000000.00000983,-66.6698303222656
9000000.00000984,-66.7546234130859
9000000.00000985,-66.863166809082
9000000.00000985,-66.9969253540039
9000000.00000986,-67.157341003418
9000000.00000986,-67.3463973999023
9000000.00000986,-67.5707626342773
9000000.00000987,-67.8292083740234
9000000.00000988,-68.1180419921875
9000000.00000988,-68.43359375
9000000.00000989,-68.7721786499023
9000000.00000989,-69.1301040649414
9000000.00000989,-69.5037002563477
9000000.0000099,-69.889274597168
9000000.00000991,-70.2831573486328
9000000.00000991,-70.6816558837891
9000000.00000991,-71.0810852050781
9000000.00000992,-71.4777679443359
9000000.00000993,-71.8680267333984
9000000.00000993,-72.2848739624023
9000000.00000994,-72.7547378540039
9000000.00000994,-73.2640380859375
9000000.00000994,-73.799201965332
9000000.00000995,-74.3466567993164
9000000.00000996,-74.892822265625
9000000.00000996,-75.4241256713867
9000000.00000997,-75.9269943237305
9000000.00000997,-76.3878479003906
9000000.00000997,-76.7931060791016
9000000.00000998,-77.1292037963867
9000000.00000999,-77.3825607299805
9000000.00000999,-77.5395965576172
9000000.00001,-77.5909576416016
9000000.00001,-77.5478973388672
9000000.00001,-77.4215393066406
9000000.00001001,-77.2224044799805
9000000.00001002,-76.9610061645508
9000000.00001002,-76.6478652954102
9000000.00001002,-76.2934951782227
9000000.00001003,-75.9084167480469
9000000.00001004,-75.5031433105469
9000000.00001004,-75.0882034301758
9000000.00001005,-74.6740951538086
9000000.00001005,-74.271354675293
9000000.00001005,-73.8904876708984
9000000.00001006,-73.5381698608398
9000000.00001007,-73.1733322143555
9000000.00001007,-72.7859115600586
9000000.00001008,-72.3808212280273
9000000.00001008,-71.9629440307617
9000000.00001008,-71.5371856689453
9000000.00001009,-71.1084365844727
9000000.0000101,-70.6816101074219
9000000.0000101,-70.2615966796875
9000000.0000101,-69.8532867431641
9000000.00001011,-69.4615936279297
9000000.00001012,-69.0914077758789
9000000.00001012,-68.7476196289063
9000000.00001013,-68.4351425170898
9000000.00001013,-68.1447143554688
9000000.00001013,-67.864616394043
9000000.00001014,-67.5960388183594
9000000.00001015,-67.3401794433594
9000000.00001015,-67.0982131958008
9000000.00001016,-66.8713455200195
9000000.00001016,-66.6607666015625
9000000.00001016,-66.467658996582
9000000.00001017,-66.293212890625
9000000.00001018,-66.1386260986328
9000000.00001018,-66.0050811767578
9000000.00001018,-65.8937759399414
9000000.00001019,-65.8059005737305
9000000.00001019,-65.7416915893555
9000000.0000102,-65.6985473632813
9000000.00001021,-65.6759719848633
9000000.00001021,-65.6736526489258
9000000.00001021,-65.691291809082
9000000.00001022,-65.7285842895508
9000000.00001023,-65.7852325439453
9000000.00001023,-65.8609390258789
9000000.00001024,-65.9553909301758
9000000.00001024,-66.0682983398438
9000000.00001024,-66.1993560791016
9000000.00001025,-66.348258972168
9000000.00001026,-66.5147094726563
9000000.00001026,-66.6996536254883
9000000.00001027,-66.9176559448242
9000000.00001027,-67.1691665649414
9000000.00001027,-67.449333190918
9000000.00001028,-67.7532806396484
9000000.00001029,-68.0761642456055
9000000.00001029,-68.4131011962891
9000000.00001029,-68.7592315673828
9000000.0000103,-69.1097030639648
9000000.00001031,-69.4596405029297
9000000.00001031,-69.8041839599609
9000000.00001032,-70.1384658813477
9000000.00001032,-70.4576263427734
9000000.00001032,-70.7568054199219
9000000.00001033,-71.0590896606445
9000000.00001034,-71.3855209350586
9000000.00001034,-71.728157043457
9000000.00001035,-72.0790328979492
9000000.00001035,-72.4302139282227
9000000.00001035,-72.7737503051758
9000000.00001036,-73.1016845703125
9000000.00001037,-73.4060668945313
9000000.00001037,-73.678955078125
9000000.00001037,-73.9123992919922
9000000.00001038,-74.0984573364258
9000000.00001038,-74.2291641235352
9000000.00001039,-74.2965774536133
9000000.0000104,-74.2945327758789
9000000.0000104,-74.2277374267578
9000000.0000104,-74.1032562255859
9000000.00001041,-73.9279708862305
9000000.00001042,-73.7087707519531
9000000.00001042,-73.4525375366211
9000000.00001043,-73.1661529541016
9000000.00001043,-72.8565139770508
9000000.00001043,-72.5305023193359
9000000.00001044,-72.1949996948242
9000000.00001045,-71.8568954467773
9000000.00001045,-71.5230712890625
9000000.00001046,-71.2004165649414
9000000.00001046,-70.8929290771484
9000000.00001046,-70.5692901611328
9000000.00001047,-70.2228469848633
9000000.00001048,-69.8583831787109
9000000.00001048,-69.4806594848633
9000000.00001048,-69.0944519042969
9000000.00001049,-68.7045288085938
9000000.0000105,-68.3156509399414
9000000.0000105,-67.9325866699219
9000000.00001051,-67.5601196289063
9000000.00001051,-67.2030029296875
9000000.00001051,-66.8660125732422
9000000.00001052,-66.5539169311523
9000000.00001053,-66.271484375
9000000.00001053,-66.0096969604492
9000000.00001054,-65.7571334838867
9000000.00001054,-65.5149612426758
9000000.00001054,-65.2843322753906
9000000.00001055,-65.0664291381836
9000000.00001056,-64.8624114990234
9000000.00001056,-64.6734390258789
9000000.00001056,-64.5006866455078
9000000.00001057,-64.3453140258789
9000000.00001057,-64.2084884643555
9000000.00001058,-64.0913772583008
9000000.00001059,-63.9951400756836
9000000.00001059,-63.9209480285645
9000000.00001059,-63.8675842285156
9000000.0000106,-63.8285293579102
9000000.00001061,-63.8044319152832
9000000.00001061,-63.7965393066406
9000000.00001062,-63.806095123291
9000000.00001062,-63.834342956543
9000000.00001062,-63.8825302124023
9000000.00001063,-63.9519004821777
9000000.00001064,-64.043701171875
9000000.00001064,-64.1591796875
9000000.00001065,-64.2995834350586
9000000.00001065,-64.4661483764648
9000000.00001065,-64.6601257324219
9000000.00001066,-64.8825073242188
9000000.00001067,-65.1308517456055
9000000.00001067,-65.4039840698242
9000000.00001067,-65.7016372680664
9000000.00001068,-66.023551940918
9000000.00001069,-66.3694458007813
9000000.00001069,-66.7390518188477
9000000.0000107,-67.1320953369141
9000000.0000107,-67.5483093261719
9000000.0000107,-67.9874267578125
9000000.00001071,-68.4491729736328
9000000.00001072,-68.9332809448242
9000000.00001072,-69.4394760131836
9000000.00001073,-69.9674835205078
9000000.00001073,-70.5719146728516
9000000.00001073,-71.2899627685547
9000000.00001074,-72.0952453613281
9000000.00001075,-72.9613876342773
9000000.00001075,-73.8619995117188
9000000.00001075,-74.7707061767578
9000000.00001076,-75.6611251831055
9000000.00001076,-76.5068740844727
9000000.00001077,-77.2815780639648
9000000.00001078,-77.9588470458984
9000000.00001078,-78.5123062133789
9000000.00001078,-78.9155731201172
9000000.00001079,-79.1422653198242
9000000.0000108,-79.1707000732422
9000000.0000108,-79.0131759643555
9000000.00001081,-78.6940689086914
9000000.00001081,-78.2375259399414
9000000.00001081,-77.6677017211914
9000000.00001082,-77.0087509155273
9000000.00001083,-76.2848129272461
9000000.00001083,-75.5200347900391
9000000.00001084,-74.7385787963867
9000000.00001084,-73.9645767211914
9000000.00001084,-73.2221832275391
9000000.00001085,-72.5355529785156
9000000.00001086,-71.9288330078125
9000000.00001086,-71.4196853637695
9000000.00001086,-70.9413528442383
9000000.00001087,-70.4711151123047
9000000.00001088,-70.0104904174805
9000000.00001088,-69.5610122680664
9000000.00001089,-69.1241836547852
9000000.00001089,-68.701545715332
9000000.00001089,-68.2946014404297
9000000.0000109,-67.9048767089844
9000000.00001091,-67.5338973999023
9000000.00001091,-67.1831817626953
9000000.00001092,-66.854248046875
9000000.00001092,-66.5486145019531
9000000.00001092,-66.2678146362305
9000000.00001093,-66.008918762207
9000000.00001094,-65.7682723999023
9000000.00001094,-65.546257019043
9000000.00001094,-65.3432693481445
9000000.00001095,-65.1596908569336
9000000.00001095,-64.9959259033203
9000000.00001096,-64.8523406982422
9000000.00001097,-64.7293472290039
9000000.00001097,-64.627326965332
9000000.00001097,-64.5466613769531
9000000.00001098,-64.4877548217773
9000000.00001099,-64.4509887695313
9000000.00001099,-64.4367523193359
9000000.000011,-64.4439239501953
9000000.000011,-64.4683227539063
9000000.000011,-64.5107421875
9000000.00001101,-64.5723724365234
9000000.00001102,-64.6543960571289
9000000.00001102,-64.7580108642578
9000000.00001103,-64.8843841552734
9000000.00001103,-65.0347213745117
9000000.00001103,-65.2101974487305
9000000.00001104,-65.4120101928711
9000000.00001105,-65.6413345336914
9000000.00001105,-65.8993606567383
9000000.00001105,-66.1872863769531
9000000.00001106,-66.5085296630859
9000000.00001107,-66.8900299072266
9000000.00001107,-67.3310470581055
9000000.00001108,-67.8210067749023
9000000.00001108,-68.3493270874023
9000000.00001108,-68.9054107666016
9000000.00001109,-69.4786834716797
9000000.0000111,-70.0585556030273
9000000.0000111,-70.6344375610352
9000000.00001111,-71.1957550048828
9000000.00001111,-71.7319183349609
9000000.00001111,-72.2323379516602
9000000.00001112,-72.6864318847656
9000000.00001113,-73.083610534668
9000000.00001113,-73.4503555297852
9000000.00001113,-73.8163604736328
9000000.00001114,-74.1759033203125
9000000.00001114,-74.5232696533203
9000000.00001115,-74.8527297973633
9000000.00001116,-75.1585540771484
9000000.00001116,-75.4350280761719
9000000.00001116,-75.6764144897461
9000000.00001117,-75.8770065307617
9000000.00001118,-76.0310668945313
9000000.00001118,-76.1328735351563
9000000.00001119,-76.1767044067383
9000000.00001119,-76.1568374633789
9000000.00001119,-76.063362121582
9000000.0000112,-75.8846206665039
9000000.00001121,-75.6300354003906
9000000.00001121,-75.3103942871094
9000000.00001122,-74.9364776611328
9000000.00001122,-74.5190658569336
9000000.00001122,-74.0689315795898
9000000.00001123,-73.5968704223633
9000000.00001124,-73.113655090332
9000000.00001124,-72.6300735473633
9000000.00001124,-72.1568984985352
9000000.00001125,-71.7049179077148
9000000.00001126,-71.284912109375
9000000.00001126,-70.9043045043945
9000000.00001127,-70.5277633666992
9000000.00001127,-70.1450881958008
9000000.00001127,-69.758903503418
9000000.00001128,-69.371826171875
9000000.00001129,-68.9864807128906
9000000.00001129,-68.6054992675781
9000000.0000113,-68.2314910888672
9000000.0000113,-67.8670959472656
9000000.0000113,-67.5149307250977
9000000.00001131,-67.177619934082
9000000.00001132,-66.857780456543
9000000.00001132,-66.5580444335938
9000000.00001132,-66.2810440063477
9000000.00001133,-66.0215377807617
9000000.00001134,-65.7730865478516
9000000.00001134,-65.5364456176758
9000000.00001135,-65.312385559082
9000000.00001135,-65.101676940918
9000000.00001135,-64.9050750732422
9000000.00001136,-64.7233581542969
9000000.00001137,-64.5572814941406
9000000.00001137,-64.4076232910156
9000000.00001138,-64.275146484375
9000000.00001138,-64.1606140136719
9000000.00001138,-64.0647888183594
9000000.00001139,-63.9884452819824
9000000.0000114,-63.9321899414063
9000000.0000114,-63.8955955505371
9000000.00001141,-63.8779792785645
9000000.00001141,-63.878662109375
9000000.00001141,-63.8969650268555
9000000.00001142,-63.9322090148926
9000000.00001143,-63.9837226867676
9000000.00001143,-64.0508193969727
9000000.00001143,-64.1328353881836
9000000.00001144,-64.2290878295898
9000000.00001145,-64.3388900756836
9000000.00001145,-64.4615783691406
9000000.00001146,-64.5964736938477
9000000.00001146,-64.744026184082
9000000.00001146,-64.9174118041992
9000000.00001147,-65.1174011230469
9000000.00001148,-65.3399810791016
9000000.00001148,-65.5811080932617
9000000.00001149,-65.8367767333984
9000000.00001149,-66.1029434204102
9000000.00001149,-66.3755950927734
9000000.0000115,-66.6507034301758
9000000.00001151,-66.9242401123047
9000000.00001151,-67.1921768188477
9000000.00001151,-67.4504928588867
9000000.00001152,-67.6951599121094
9000000.00001153,-67.9221572875977
9000000.00001153,-68.1460876464844
9000000.00001154,-68.3813247680664
9000000.00001154,-68.6234893798828
9000000.00001154,-68.8681793212891
9000000.00001155,-69.1110153198242
9000000.00001156,-69.3476028442383
9000000.00001156,-69.5735626220703
9000000.00001157,-69.7844924926758
9000000.00001157,-69.9760208129883
9000000.00001157,-70.1437377929688
9000000.00001158,-70.2832794189453
9000000.00001159,-70.3902359008789
9000000.00001159,-70.4602279663086
9000000.0000116,-70.4906158447266
9000000.0000116,-70.4861145019531
9000000.0000116,-70.4499969482422
9000000.00001161,-70.3852615356445
9000000.00001162,-70.2948913574219
9000000.00001162,-70.1818771362305
9000000.00001162,-70.0491943359375
9000000.00001163,-69.8998413085938
9000000.00001164,-69.7368011474609
9000000.00001164,-69.5630569458008
9000000.00001165,-69.3815994262695
9000000.00001165,-69.1954193115234
9000000.00001165,-69.0074920654297
9000000.00001166,-68.8190383911133
9000000.00001167,-68.6103439331055
9000000.00001167,-68.3784484863281
9000000.00001168,-68.1275939941406
9000000.00001168,-67.8619918823242
9000000.00001168,-67.5858917236328
9000000.00001169,-67.3035049438477
9000000.0000117,-67.0190734863281
9000000.0000117,-66.7368316650391
9000000.0000117,-66.4609985351563
9000000.00001171,-66.1958084106445
9000000.00001172,-65.9454956054688
9000000.00001172,-65.7142868041992
9000000.00001173,-65.5064163208008
9000000.00001173,-65.3118515014648
9000000.00001173,-65.1190795898438
9000000.00001174,-64.9301300048828
9000000.00001175,-64.7470245361328
9000000.00001175,-64.57177734375
9000000.00001176,-64.4064254760742
9000000.00001176,-64.2529830932617
9000000.00001176,-64.1134719848633
9000000.00001177,-63.9899139404297
9000000.00001178,-63.8843307495117
9000000.00001178,-63.7987480163574
9000000.00001179,-63.7351875305176
9000000.00001179,-63.6956672668457
9000000.00001179,-63.6779556274414
9000000.0000118,-63.6703834533691
9000000.00001181,-63.6741790771484
9000000.00001181,-63.6916389465332
9000000.00001181,-63.7250633239746
9000000.00001182,-63.7767524719238
9000000.00001183,-63.8489990234375
9000000.00001183,-63.9441032409668
9000000.00001184,-64.0643692016602
9000000.00001184,-64.2120895385742
9000000.00001184,-64.3895645141602
9000000.00001185,-64.5990905761719
9000000.00001186,-64.8429641723633
9000000.00001186,-65.1248245239258
9000000.00001187,-65.4612121582031
9000000.00001187,-65.8502731323242
9000000.00001187,-66.284065246582
9000000.00001188,-66.7546463012695
9000000.00001189,-67.2540817260742
9000000.00001189,-67.7744140625
9000000.00001189,-68.3077239990234
9000000.0000119,-68.8460540771484
9000000.00001191,-69.381477355957
9000000.00001191,-69.9060440063477
9000000.00001192,-70.4118118286133
9000000.00001192,-70.8908462524414
9000000.00001192,-71.3351974487305
9000000.00001193,-71.7792358398438
9000000.00001194,-72.2550354003906
9000000.00001194,-72.7512512207031
9000000.00001195,-73.2565383911133
9000000.00001195,-73.7595367431641
9000000.00001195,-74.248908996582
9000000.00001196,-74.7133026123047
9000000.00001197,-75.1413726806641
9000000.00001197,-75.5217590332031
9000000.00001197,-75.8431243896484
9000000.00001198,-76.094108581543
9000000.00001198,-76.2633743286133
9000000.00001199,-76.3395690917969
9000000.000012,-76.3100280761719
9000000.000012,-76.1708679199219
9000000.000012,-75.9352264404297
9000000.00001201,-75.6170349121094
9000000.00001202,-75.2302398681641
9000000.00001202,-74.7887802124023
9000000.00001203,-74.3065948486328
9000000.00001203,-73.7976150512695
9000000.00001203,-73.2757797241211
9000000.00001204,-72.7550354003906
9000000.00001205,-72.2493133544922
9000000.00001205,-71.7725524902344
9000000.00001206,-71.3386993408203
9000000.00001206,-70.9576263427734
9000000.00001206,-70.5871429443359
9000000.00001207,-70.2140884399414
9000000.00001208,-69.8406295776367
9000000.00001208,-69.4689407348633
9000000.00001208,-69.1011962890625
9000000.00001209,-68.7395629882813
9000000.0000121,-68.3862228393555
9000000.0000121,-68.0433349609375
9000000.00001211,-67.7130737304688
9000000.00001211,-67.3976211547852
9000000.00001211,-67.0991439819336
9000000.00001212,-66.8198013305664
9000000.00001213,-66.5617828369141
9000000.00001213,-66.3200531005859
9000000.00001214,-66.0887756347656
9000000.00001214,-65.8689346313477
9000000.00001214,-65.6615142822266
9000000.00001215,-65.4674911499023
9000000.00001216,-65.2878570556641
9000000.00001216,-65.1235809326172
9000000.00001216,-64.9756469726563
9000000.00001217,-64.8450393676758
9000000.00001217,-64.7327423095703
9000000.00001218,-64.6397323608398
9000000.00001219,-64.5669937133789
9000000.00001219,-64.5155029296875
9000000.00001219,-64.4848098754883
9000000.0000122,-64.4709930419922
9000000.00001221,-64.4741439819336
9000000.00001221,-64.4947052001953
9000000.00001222,-64.5331192016602
9000000.00001222,-64.5898284912109
9000000.00001222,-64.665283203125
9000000.00001223,-64.7599182128906
9000000.00001224,-64.8741760253906
9000000.00001224,-65.0084991455078
9000000.00001225,-65.163330078125
9000000.00001225,-65.3391189575195
9000000.00001225,-65.5363006591797
9000000.00001226,-65.7568435668945
9000000.00001227,-66.0188369750977
9000000.00001227,-66.3221130371094
9000000.00001227,-66.6598892211914
9000000.00001228,-67.0253677368164
9000000.00001229,-67.4117736816406
9000000.00001229,-67.8123092651367
9000000.0000123,-68.2201843261719
9000000.0000123,-68.6286163330078
9000000.0000123,-69.0308151245117
9000000.00001231,-69.4199905395508
9000000.00001232,-69.7893600463867
9000000.00001232,-70.1321334838867
9000000.00001233,-70.4415130615234
9000000.00001233,-70.7402191162109
9000000.00001233,-71.051155090332
9000000.00001234,-71.3678817749023
9000000.00001235,-71.6839294433594
9000000.00001235,-71.9928436279297
9000000.00001235,-72.2881622314453
9000000.00001236,-72.5634384155273
9000000.00001236,-72.8121948242188
9000000.00001237,-73.0279922485352
9000000.00001238,-73.2043685913086
9000000.00001238,-73.3348541259766
9000000.00001238,-73.4130020141602
9000000.00001239,-73.4323577880859
9000000.0000124,-73.3850784301758
9000000.0000124,-73.2672271728516
9000000.00001241,-73.086784362793
9000000.00001241,-72.8523483276367
9000000.00001241,-72.5725173950195
9000000.00001242,-72.2558898925781
9000000.00001243,-71.9110641479492
9000000.00001243,-71.5466461181641
9000000.00001244,-71.1712265014648
9000000.00001244,-70.7934112548828
9000000.00001244,-70.4217910766602
9000000.00001245,-70.0649719238281
9000000.00001246,-69.7315521240234
9000000.00001246,-69.4272079467773
9000000.00001246,-69.1209106445313
9000000.00001247,-68.8044815063477
9000000.00001248,-68.4810180664063
9000000.00001248,-68.1536178588867
9000000.00001249,-67.8253860473633
9000000.00001249,-67.4994201660156
9000000.00001249,-67.178825378418
9000000.0000125,-66.8667068481445
9000000.00001251,-66.5661544799805
9000000.00001251,-66.2802734375
9000000.00001252,-66.0121688842773
9000000.00001252,-65.7649459838867
9000000.00001252,-65.5416946411133
9000000.00001253,-65.3356552124023
9000000.00001254,-65.1387939453125
9000000.00001254,-64.9523086547852
9000000.00001254,-64.7773895263672
9000000.00001255,-64.615234375
9000000.00001255,-64.467041015625
9000000.00001256,-64.3339996337891
9000000.00001257,-64.2173080444336
9000000.00001257,-64.1181640625
9000000.00001257,-64.0377578735352
9000000.00001258,-63.9772834777832
9000000.00001259,-63.9379425048828
9000000.00001259,-63.9209289550781
9000000.0000126,-63.9260902404785
9000000.0000126,-63.9497566223145
9000000.0000126,-63.9917259216309
9000000.00001261,-64.0521011352539
9000000.00001262,-64.1310043334961
9000000.00001262,-64.2285308837891
9000000.00001263,-64.3448028564453
9000000.00001263,-64.4799270629883
9000000.00001263,-64.6340179443359
9000000.00001264,-64.8071823120117
9000000.00001265,-64.9995346069336
9000000.00001265,-65.211181640625
9000000.00001265,-65.4422302246094
9000000.00001266,-65.6946487426758
9000000.00001267,-65.9901657104492
9000000.00001267,-66.328971862793
9000000.00001268,-66.7032928466797
9000000.00001268,-67.1053466796875
9000000.00001268,-67.5273666381836
9000000.00001269,-67.9615783691406
9000000.0000127,-68.4001998901367
9000000.0000127,-68.8354568481445
9000000.00001271,-69.2595825195313
9000000.00001271,-69.6647872924805
9000000.00001271,-70.0433120727539
9000000.00001272,-70.3873672485352
9000000.00001273,-70.6891860961914
9000000.00001273,-70.9613952636719
9000000.00001273,-71.22119140625
9000000.00001274,-71.4676971435547
9000000.00001275,-71.7000350952148
9000000.00001275,-71.9172973632813
9000000.00001276,-72.1186218261719
9000000.00001276,-72.3031005859375
9000000.00001276,-72.4698638916016
9000000.00001277,-72.6180191040039
9000000.00001278,-72.7466735839844
9000000.00001278,-72.8549499511719
9000000.00001279,-72.9419555664063
9000000.00001279,-73.0068054199219
9000000.00001279,-73.0463104248047
9000000.0000128,-73.054069519043
9000000.00001281,-73.0328750610352
9000000.00001281,-72.9861602783203
9000000.00001282,-72.9173736572266
9000000.00001282,-72.8299560546875
9000000.00001282,-72.7273559570313
9000000.00001283,-72.6129989624023
9000000.00001284,-72.4903335571289
9000000.00001284,-72.3628005981445
9000000.00001284,-72.2338485717773
9000000.00001285,-72.1069107055664
9000000.00001286,-71.9854354858398
9000000.00001286,-71.8716278076172
9000000.00001287,-71.7523574829102
9000000.00001287,-71.6243286132813
9000000.00001287,-71.4890441894531
9000000.00001288,-71.3480072021484
9000000.00001289,-71.2026901245117
9000000.00001289,-71.0546112060547
9000000.0000129,-70.9052505493164
9000000.0000129,-70.756103515625
9000000.0000129,-70.6086730957031
9000000.00001291,-70.4644470214844
9000000.00001292,-70.3249282836914
9000000.00001292,-70.1915969848633
9000000.00001292,-70.0659637451172
9000000.00001293,-69.9473724365234
9000000.00001294,-69.8337249755859
9000000.00001294,-69.7243270874023
9000000.00001295,-69.6184768676758
9000000.00001295,-69.5154724121094
9000000.00001295,-69.4146270751953
9000000.00001296,-69.3152389526367
9000000.00001297,-69.2166213989258
9000000.00001297,-69.1180572509766
9000000.00001298,-69.0188674926758
9000000.00001298,-68.9183502197266
9000000.00001298,-68.815803527832
9000000.00001299,-68.7105407714844
9000000.000013,-68.6011047363281
9000000.000013,-68.4854049682617
9000000.00001301,-68.3647766113281
9000000.00001301,-68.2408065795898
9000000.00001301,-68.1150512695313
9000000.00001302,-67.9890975952148
9000000.00001303,-67.8645095825195
9000000.00001303,-67.7428588867188
9000000.00001303,-67.6257247924805
9000000.00001304,-67.5146789550781
9000000.00001305,-67.4112930297852
9000000.00001305,-67.3171463012695
9000000.00001306,-67.2337951660156
9000000.00001306,-67.1619338989258
9000000.00001306,-67.0916748046875
9000000.00001307,-67.0214614868164
9000000.00001308,-66.9533462524414
9000000.00001308,-66.8893890380859
9000000.00001309,-66.8316345214844
9000000.00001309,-66.7821502685547
9000000.00001309,-66.7429733276367
9000000.0000131,-66.7161712646484
9000000.00001311,-66.7037963867188
9000000.00001311,-66.707893371582
9000000.00001311,-66.7305221557617
9000000.00001312,-66.7737426757813
9000000.00001313,-66.8395919799805
9000000.00001313,-66.8950805664063
9000000.00001314,-66.9156112670898
9000000.00001314,-66.9158554077148
9000000.00001314,-66.9104766845703
9000000.00001315,-66.9141464233398
9000000.00001316,-66.941520690918
9000000.00001316,-67.0072860717773
9000000.00001317,-67.126091003418
9000000.00001317,-67.3126220703125
9000000.00001317,-67.5815277099609
9000000.00001318,-67.9474868774414
9000000.00001319,-68.425163269043
9000000.00001319,-69.0292282104492
9000000.0000132,-69.8104553222656
9000000.0000132,-70.8687210083008
9000000.0000132,-72.1596603393555
9000000.00001321,-73.6285781860352
9000000.00001322,-75.2207870483398
9000000.00001322,-76.8815994262695
9000000.00001322,-78.5563201904297
9000000.00001323,-80.1902618408203
9000000.00001324,-81.7287368774414
9000000.00001324,-83.1170501708984
9000000.00001325,-84.3005218505859
9000000.00001325,-85.2244644165039
9000000.00001325,-85.8341751098633
9000000.00001326,-86.0782165527344
9000000.00001327,-85.9733276367188
9000000.00001327,-85.5691909790039
9000000.00001328,-84.9098281860352
9000000.00001328,-84.0392456054688
9000000.00001328,-83.0014572143555
9000000.00001329,-81.8404846191406
9000000.0000133,-80.6003494262695
9000000.0000133,-79.3250579833984
9000000.0000133,-78.0586318969727
9000000.00001331,-76.8450775146484
9000000.00001332,-75.7284240722656
9000000.00001332,-74.7526779174805
9000000.00001333,-73.9618606567383
9000000.00001333,-73.2965850830078
9000000.00001333,-72.6675643920898
9000000.00001334,-72.0739364624023
9000000.00001335,-71.5148620605469
9000000.00001335,-70.9894790649414
9000000.00001336,-70.4969329833984
9000000.00001336,-70.0363845825195
9000000.00001336,-69.6069717407227
9000000.00001337,-69.2078475952148
9000000.00001338,-68.8381576538086
9000000.00001338,-68.4970550537109
9000000.00001339,-68.1836776733398
9000000.00001339,-67.8971786499023
9000000.00001339,-67.6392822265625
9000000.0000134,-67.4170837402344
9000000.00001341,-67.2294387817383
9000000.00001341,-67.0745315551758
9000000.00001341,-66.9505615234375
9000000.00001342,-66.855712890625
9000000.00001343,-66.7881927490234
9000000.00001343,-66.7461853027344
9000000.00001344,-66.7278747558594
9000000.00001344,-66.7314682006836
9000000.00001344,-66.7551574707031
9000000.00001345,-66.7971267700195
9000000.00001346,-66.8555755615234
9000000.00001346,-66.9299850463867
9000000.00001347,-67.0349502563477
9000000.00001347,-67.1722946166992
9000000.00001347,-67.3385238647461
9000000.00001348,-67.5301284790039
9000000.00001349,-67.7436218261719
9000000.00001349,-67.9755020141602
9000000.00001349,-68.2222747802734
9000000.0000135,-68.4804382324219
9000000.00001351,-68.7465057373047
9000000.00001351,-69.016960144043
9000000.00001352,-69.2883224487305
9000000.00001352,-69.5570907592773
9000000.00001352,-69.8197631835938
9000000.00001353,-70.1009826660156
9000000.00001354,-70.4213180541992
9000000.00001354,-70.7711410522461
9000000.00001355,-71.1408233642578
9000000.00001355,-71.5207366943359
9000000.00001355,-71.9012603759766
9000000.00001356,-72.2727508544922
9000000.00001357,-72.625602722168
9000000.00001357,-72.9501724243164
9000000.00001358,-73.2368392944336
9000000.00001358,-73.4759674072266
9000000.00001358,-73.6579437255859
9000000.00001359,-73.7731399536133
9000000.0000136,-73.8161163330078
9000000.0000136,-73.7982177734375
9000000.0000136,-73.7263641357422
9000000.00001361,-73.6067199707031
9000000.00001362,-73.445442199707
9000000.00001362,-73.2487030029297
9000000.00001363,-73.0226593017578
9000000.00001363,-72.7734832763672
9000000.00001363,-72.5073318481445
9000000.00001364,-72.2303771972656
9000000.00001365,-71.9487762451172
9000000.00001365,-71.6686935424805
9000000.00001366,-71.3963012695313
9000000.00001366,-71.1350250244141
9000000.00001366,-70.8551177978516
9000000.00001367,-70.5506210327148
9000000.00001368,-70.2264099121094
9000000.00001368,-69.8873443603516
9000000.00001368,-69.5382995605469
9000000.00001369,-69.1841506958008
9000000.0000137,-68.8297576904297
9000000.0000137,-68.4800033569336
9000000.00001371,-68.1397476196289
9000000.00001371,-67.8138580322266
9000000.00001371,-67.5072174072266
9000000.00001372,-67.2246932983398
9000000.00001373,-66.9711456298828
9000000.00001373,-66.7369766235352
9000000.00001374,-66.51025390625
9000000.00001374,-66.292366027832
9000000.00001374,-66.0846862792969
9000000.00001375,-65.8885955810547
9000000.00001376,-65.7054824829102
9000000.00001376,-65.536735534668
9000000.00001376,-65.3837203979492
9000000.00001377,-65.2478256225586
9000000.00001377,-65.1304397583008
9000000.00001378,-65.0329360961914
9000000.00001379,-64.9567108154297
9000000.00001379,-64.9031295776367
9000000.00001379,-64.8709564208984
9000000.0000138,-64.8529815673828
9000000.00001381,-64.8498229980469
9000000.00001381,-64.8627471923828
9000000.00001382,-64.8930358886719
9000000.00001382,-64.9419631958008
9000000.00001382,-65.0107955932617
9000000.00001383,-65.1008071899414
9000000.00001384,-65.213264465332
9000000.00001384,-65.3494491577148
9000000.00001385,-65.510627746582
9000000.00001385,-65.6980743408203
9000000.00001385,-65.9130630493164
9000000.00001386,-66.1575317382813
9000000.00001387,-66.4398422241211
9000000.00001387,-66.7589569091797
9000000.00001387,-67.1107559204102
9000000.00001388,-67.4911270141602
9000000.00001389,-67.8959655761719
9000000.00001389,-68.3211517333984
9000000.0000139,-68.762580871582
9000000.0000139,-69.2161331176758
9000000.0000139,-69.6777038574219
9000000.00001391,-70.1431732177734
9000000.00001392,-70.6084289550781
9000000.00001392,-71.0693664550781
9000000.00001393,-71.5218734741211
9000000.00001393,-72.0043640136719
9000000.00001393,-72.5474090576172
9000000.00001394,-73.1350860595703
9000000.00001395,-73.7514724731445
9000000.00001395,-74.3806686401367
9000000.00001395,-75.0067520141602
9000000.00001396,-75.6138153076172
9000000.00001396,-76.1859283447266
9000000.00001397,-76.7071838378906
9000000.00001398,-77.1616744995117
9000000.00001398,-77.5334701538086
9000000.00001398,-77.8066711425781
9000000.00001399,-77.9653549194336
9000000.000014,-77.9934005737305
9000000.000014,-77.8898315429688
9000000.00001401,-77.6717834472656
9000000.00001401,-77.3570785522461
9000000.00001401,-76.963508605957
9000000.00001402,-76.5088958740234
9000000.00001403,-76.0110473632813
9000000.00001403,-75.4877777099609
9000000.00001404,-74.9568939208984
9000000.00001404,-74.4362030029297
9000000.00001404,-73.9435272216797
9000000.00001405,-73.4966583251953
9000000.00001406,-73.1134262084961
9000000.00001406,-72.807373046875
9000000.00001406,-72.5353622436523
9000000.00001407,-72.2807235717773
9000000.00001408,-72.0424194335938
9000000.00001408,-71.8194198608398
9000000.00001409,-71.6106872558594
9000000.00001409,-71.4151916503906
9000000.00001409,-71.2319030761719
9000000.0000141,-71.0597763061523
9000000.00001411,-70.8977966308594
9000000.00001411,-70.7449111938477
9000000.00001412,-70.60009765625
9000000.00001412,-70.4623184204102
9000000.00001412,-70.3305435180664
9000000.00001413,-70.2122192382813
9000000.00001414,-70.113525390625
9000000.00001414,-70.0315551757813
9000000.00001414,-69.9633712768555
9000000.00001415,-69.9060440063477
9000000.00001416,-69.8566589355469
9000000.00001416,-69.8122787475586
9000000.00001417,-69.7699890136719
9000000.00001417,-69.7268600463867
9000000.00001417,-69.6799697875977
9000000.00001418,-69.6263809204102
9000000.00001419,-69.5631866455078
9000000.00001419,-69.4874420166016
9000000.0000142,-69.3960494995117
9000000.0000142,-69.2883834838867
9000000.0000142,-69.1677322387695
9000000.00001421,-69.0375213623047
9000000.00001422,-68.9011993408203
9000000.00001422,-68.76220703125
9000000.00001423,-68.6239700317383
9000000.00001423,-68.4899444580078
9000000.00001423,-68.3635482788086
9000000.00001424,-68.2482452392578
9000000.00001425,-68.1474533081055
9000000.00001425,-68.0646133422852
9000000.00001425,-68.0031814575195
9000000.00001426,-67.96484375
9000000.00001427,-67.930534362793
9000000.00001427,-67.8969039916992
9000000.00001428,-67.8675384521484
9000000.00001428,-67.8460235595703
9000000.00001428,-67.8359603881836
9000000.00001429,-67.8409271240234
9000000.0000143,-67.8645248413086
9000000.0000143,-67.9103317260742
9000000.00001431,-67.9819488525391
9000000.00001431,-68.0829696655273
9000000.00001431,-68.2169647216797
9000000.00001432,-68.3875503540039
9000000.00001433,-68.5982971191406
9000000.00001433,-68.8771362304688
9000000.00001433,-69.2389373779297
9000000.00001434,-69.6676788330078
9000000.00001435,-70.1473541259766
9000000.00001435,-70.6619491577148
9000000.00001436,-71.195442199707
9000000.00001436,-71.7318344116211
9000000.00001436,-72.2551040649414
9000000.00001437,-72.7492446899414
9000000.00001438,-73.1982345581055
9000000.00001438,-73.586067199707
9000000.00001439,-73.8967361450195
9000000.00001439,-74.1142120361328
9000000.00001439,-74.2317810058594
9000000.0000144,-74.2745895385742
9000000.00001441,-74.2523345947266
9000000.00001441,-74.1728210449219
9000000.00001442,-74.0438766479492
9000000.00001442,-73.8732986450195
9000000.00001442,-73.6688995361328
9000000.00001443,-73.4384918212891
9000000.00001444,-73.1898956298828
9000000.00001444,-72.930908203125
9000000.00001444,-72.6693496704102
9000000.00001445,-72.4130325317383
9000000.00001446,-72.1697616577148
9000000.00001446,-71.944206237793
9000000.00001447,-71.7023544311523
9000000.00001447,-71.4367065429688
9000000.00001447,-71.1521301269531
9000000.00001448,-70.8534927368164
9000000.00001449,-70.5456619262695
9000000.00001449,-70.2335205078125
9000000.0000145,-69.9219207763672
9000000.0000145,-69.6157455444336
9000000.0000145,-69.3198699951172
9000000.00001451,-69.0391464233398
9000000.00001452,-68.7784576416016
9000000.00001452,-68.5426712036133
9000000.00001452,-68.3366546630859
9000000.00001453,-68.1560974121094
9000000.00001454,-67.9926223754883
9000000.00001454,-67.8450469970703
9000000.00001455,-67.7121887207031
9000000.00001455,-67.5928497314453
9000000.00001455,-67.4858551025391
9000000.00001456,-67.390007019043
9000000.00001457,-67.3041229248047
9000000.00001457,-67.2270050048828
9000000.00001458,-67.1574783325195
9000000.00001458,-67.094352722168
9000000.00001458,-67.0364379882813
9000000.00001459,-66.9825439453125
9000000.0000146,-66.9318237304688
9000000.0000146,-66.8852005004883
9000000.00001461,-66.8436584472656
9000000.00001461,-66.8081512451172
9000000.00001461,-66.7796249389648
9000000.00001462,-66.759033203125
9000000.00001463,-66.747314453125
9000000.00001463,-66.7454147338867
9000000.00001463,-66.7542953491211
9000000.00001464,-66.7748870849609
9000000.00001465,-66.8081512451172
9000000.00001465,-66.8550338745117
9000000.00001466,-66.9164810180664
9000000.00001466,-66.9935836791992
9000000.00001466,-67.0884857177734
9000000.00001467,-67.2003631591797
9000000.00001468,-67.3275833129883
9000000.00001468,-67.4685363769531
9000000.00001469,-67.6215972900391
9000000.00001469,-67.78515625
9000000.00001469,-67.9575805664063
9000000.0000147,-68.1372604370117
9000000.00001471,-68.3225708007813
9000000.00001471,-68.5118942260742
9000000.00001471,-68.7036209106445
9000000.00001472,-68.896110534668
9000000.00001473,-69.087760925293
9000000.00001473,-69.2947158813477
9000000.00001474,-69.5296936035156
9000000.00001474,-69.7859268188477
9000000.00001474,-70.0566635131836
9000000.00001475,-70.3351440429688
9000000.00001476,-70.6145935058594
9000000.00001476,-70.8882598876953
9000000.00001477,-71.1493835449219
9000000.00001477,-71.3911972045898
9000000.00001477,-71.6069488525391
9000000.00001478,-71.7898635864258
9000000.00001479,-71.9331970214844
9000000.00001479,-72.0301742553711
9000000.0000148,-72.0786514282227
9000000.0000148,-72.091194152832
9000000.0000148,-72.0713348388672
9000000.00001481,-72.0216217041016
9000000.00001482,-71.9446105957031
9000000.00001482,-71.8428421020508
9000000.00001482,-71.718879699707
9000000.00001483,-71.5752716064453
9000000.00001484,-71.4145660400391
9000000.00001484,-71.2393188476563
9000000.00001485,-71.0520782470703
9000000.00001485,-70.8553924560547
9000000.00001485,-70.6518249511719
9000000.00001486,-70.4420852661133
9000000.00001487,-70.2056579589844
9000000.00001487,-69.9399719238281
9000000.00001488,-69.6499328613281
9000000.00001488,-69.340461730957
9000000.00001488,-69.0164642333984
9000000.00001489,-68.6828536987305
9000000.0000149,-68.3445510864258
9000000.0000149,-68.0064697265625
9000000.0000149,-67.6735076904297
9000000.00001491,-67.3505935668945
9000000.00001492,-67.0426330566406
9000000.00001492,-66.7545394897461
9000000.00001493,-66.4912338256836
9000000.00001493,-66.2410354614258
9000000.00001493,-65.9905700683594
9000000.00001494,-65.7422027587891
9000000.00001495,-65.498291015625
9000000.00001495,-65.2611846923828
9000000.00001496,-65.0332565307617
9000000.00001496,-64.8168487548828
9000000.00001496,-64.6143188476563
9000000.00001497,-64.4280395507813
9000000.00001498,-64.2603607177734
9000000.00001498,-64.113639831543
9000000.00001499,-63.990234375
9000000.00001499,-63.8925018310547
9000000.00001499,-63.8191757202148
9000000.000015,-63.7602996826172
9000000.00001501,-63.716251373291
9000000.00001501,-63.6883010864258
9000000.00001501,-63.6777038574219
9000000.00001502,-63.6857261657715
9000000.00001503,-63.7136306762695
9000000.00001503,-63.7626838684082
9000000.00001504,-63.8341407775879
9000000.00001504,-63.929271697998
9000000.00001504,-64.0493392944336
9000000.00001505,-64.1956024169922
9000000.00001506,-64.3693237304688
9000000.00001506,-64.5696105957031
9000000.00001507,-64.7714309692383
9000000.00001507,-64.9733123779297
9000000.00001507,-65.1829452514648
9000000.00001508,-65.4079971313477
9000000.00001509,-65.6561431884766
9000000.00001509,-65.9350738525391
9000000.00001509,-66.2524566650391
9000000.0000151,-66.615966796875
9000000.00001511,-67.0332946777344
9000000.00001511,-67.5121002197266
9000000.00001512,-68.0600814819336
9000000.00001512,-68.6848983764648
9000000.00001512,-69.3942337036133
9000000.00001513,-70.2642517089844
9000000.00001514,-71.3378448486328
9000000.00001514,-72.5727691650391
9000000.00001515,-73.9267807006836
9000000.00001515,-75.3576431274414
9000000.00001515,-76.823112487793
9000000.00001516,-78.2809524536133
9000000.00001517,-79.6889114379883
9000000.00001517,-81.004753112793
9000000.00001518,-82.1862411499023
9000000.00001518,-83.1911315917969
9000000.00001518,-83.9771881103516
9000000.00001519,-84.5021591186523
9000000.0000152,-84.7376708984375
9000000.0000152,-84.7208786010742
9000000.0000152,-84.4857864379883
9000000.00001521,-84.0643005371094
9000000.00001522,-83.4883346557617
9000000.00001522,-82.7898025512695
9000000.00001523,-82.0005950927734
9000000.00001523,-81.1526412963867
9000000.00001523,-80.2778472900391
9000000.00001524,-79.4081192016602
9000000.00001525,-78.5753631591797
9000000.00001525,-77.8115005493164
9000000.00001526,-77.1484298706055
9000000.00001526,-76.6098327636719
9000000.00001526,-76.1113357543945
9000000.00001527,-75.6229705810547
9000000.00001528,-75.1453857421875
9000000.00001528,-74.6792373657227
9000000.00001528,-74.2251739501953
9000000.00001529,-73.7838516235352
9000000.0000153,-73.3559112548828
9000000.0000153,-72.9420166015625
9000000.00001531,-72.5428085327148
9000000.00001531,-72.1589431762695
9000000.00001531,-71.7910690307617
9000000.00001532,-71.4398345947266
9000000.00001533,-71.1058959960938
9000000.00001533,-70.7899322509766
9000000.00001534,-70.4916610717773
9000000.00001534,-70.2103271484375
9000000.00001534,-69.9451522827148
9000000.00001535,-69.6953659057617
9000000.00001536,-69.4602127075195
9000000.00001536,-69.2389068603516
9000000.00001537,-69.0306930541992
9000000.00001537,-68.8348083496094
9000000.00001537,-68.6504669189453
9000000.00001538,-68.4769058227539
9000000.00001539,-68.3133697509766
9000000.00001539,-68.1590728759766
9000000.00001539,-68.013427734375
9000000.0000154,-67.8768997192383
9000000.00001541,-67.7501602172852
9000000.00001541,-67.6338806152344
9000000.00001542,-67.5287170410156
9000000.00001542,-67.4353408813477
9000000.00001542,-67.3544158935547
9000000.00001543,-67.2865982055664
9000000.00001544,-67.2325668334961
9000000.00001544,-67.1929702758789
9000000.00001545,-67.1684799194336
9000000.00001545,-67.1597595214844
9000000.00001545,-67.1674728393555
9000000.00001546,-67.1918334960938
9000000.00001547,-67.2277679443359
9000000.00001547,-67.2746276855469
9000000.00001547,-67.3335723876953
9000000.00001548,-67.4057998657227
9000000.00001549,-67.4924774169922
9000000.00001549,-67.5948028564453
9000000.0000155,-67.7139434814453
9000000.0000155,-67.8510894775391
9000000.0000155,-68.0074157714844
9000000.00001551,-68.1841049194336
9000000.00001552,-68.3823394775391
9000000.00001552,-68.6033020019531
9000000.00001553,-68.8481750488281
9000000.00001553,-69.1392211914063
9000000.00001553,-69.4901733398438
9000000.00001554,-69.8893966674805
9000000.00001555,-70.3252563476563
9000000.00001555,-70.7861328125
9000000.00001555,-71.2603759765625
9000000.00001556,-71.7363739013672
9000000.00001556,-72.2024841308594
9000000.00001557,-72.6470718383789
9000000.00001558,-73.0585174560547
9000000.00001558,-73.425178527832
9000000.00001558,-73.7354278564453
9000000.00001559,-73.9776306152344
9000000.0000156,-74.1483383178711
9000000.0000156,-74.2697982788086
9000000.00001561,-74.347900390625
9000000.00001561,-74.3867797851563
9000000.00001561,-74.3905868530273
9000000.00001562,-74.3634567260742
9000000.00001563,-74.3095321655273
9000000.00001563,-74.2329483032227
9000000.00001564,-74.1378479003906
9000000.00001564,-74.0283737182617
9000000.00001564,-73.9086608886719
9000000.00001565,-73.7828598022461
9000000.00001566,-73.6550903320313
9000000.00001566,-73.5271835327148
9000000.00001566,-73.3733673095703
9000000.00001567,-73.1895446777344
9000000.00001568,-72.9810409545898
9000000.00001568,-72.7531814575195
9000000.00001569,-72.5112686157227
9000000.00001569,-72.260627746582
9000000.00001569,-72.0065689086914
9000000.0000157,-71.7544174194336
9000000.00001571,-71.5094909667969
9000000.00001571,-71.2770919799805
9000000.00001572,-71.0625534057617
9000000.00001572,-70.8711853027344
9000000.00001572,-70.7082977294922
9000000.00001573,-70.5681762695313
9000000.00001574,-70.4410018920898
9000000.00001574,-70.3259735107422
9000000.00001574,-70.2222900390625
9000000.00001575,-70.1291351318359
9000000.00001576,-70.0457000732422
9000000.00001576,-69.97119140625
9000000.00001577,-69.9047927856445
9000000.00001577,-69.845703125
9000000.00001577,-69.7931137084961
9000000.00001578,-69.7462158203125
9000000.00001579,-69.7042083740234
9000000.00001579,-69.6662750244141
9000000.0000158,-69.6295623779297
9000000.0000158,-69.5883941650391
9000000.0000158,-69.5452651977539
9000000.00001581,-69.5032424926758
9000000.00001582,-69.4654235839844
9000000.00001582,-69.4348678588867
9000000.00001583,-69.4146728515625
9000000.00001583,-69.4079055786133
9000000.00001583,-69.4176559448242
9000000.00001584,-69.4469985961914
9000000.00001585,-69.4990158081055
9000000.00001585,-69.5767822265625
9000000.00001585,-69.6833801269531
9000000.00001586,-69.8209609985352
9000000.00001587,-69.9796981811523
9000000.00001587,-70.1566925048828
9000000.00001588,-70.3525924682617
9000000.00001588,-70.5680389404297
9000000.00001588,-70.8036956787109
9000000.00001589,-71.0602035522461
9000000.0000159,-71.3382186889648
9000000.0000159,-71.6383972167969
9000000.00001591,-71.9613800048828
9000000.00001591,-72.3078308105469
9000000.00001591,-72.6783905029297
9000000.00001592,-73.0737075805664
9000000.00001593,-73.4944458007813
9000000.00001593,-73.9824295043945
9000000.00001593,-74.5652160644531
9000000.00001594,-75.2220001220703
9000000.00001595,-75.931999206543
9000000.00001595,-76.6744079589844
9000000.00001596,-77.4284362792969
9000000.00001596,-78.1732864379883
9000000.00001596,-78.8881683349609
9000000.00001597,-79.5522842407227
9000000.00001598,-80.1448364257813
9000000.00001598,-80.6450424194336
9000000.00001599,-81.032096862793
9000000.00001599,-81.2852020263672
9000000.00001599,-81.3914566040039
9000000.000016,-81.3720397949219
9000000.00001601,-81.2428512573242
9000000.00001601,-81.0184860229492
9000000.00001602,-80.7135314941406
9000000.00001602,-80.3425598144531
9000000.00001602,-79.9201736450195
9000000.00001603,-79.4609527587891
9000000.00001604,-78.9794845581055
9000000.00001604,-78.4903564453125
9000000.00001604,-78.0081481933594
9000000.00001605,-77.5474624633789
9000000.00001606,-77.1228713989258
9000000.00001606,-76.7442016601563
9000000.00001607,-76.3611907958984
9000000.00001607,-75.9599761962891
9000000.00001607,-75.5449981689453
9000000.00001608,-75.1206741333008
9000000.00001609,-74.6914367675781
9000000.00001609,-74.26171875
9000000.0000161,-73.8359527587891
9000000.0000161,-73.4185562133789
9000000.0000161,-73.0139694213867
9000000.00001611,-72.6266174316406
9000000.00001612,-72.2609329223633
9000000.00001612,-71.9213409423828
9000000.00001612,-71.6122665405273
9000000.00001613,-71.3290939331055
9000000.00001614,-71.0637435913086
9000000.00001614,-70.8154678344727
9000000.00001615,-70.5835342407227
9000000.00001615,-70.3671951293945
9000000.00001615,-70.1657104492188
9000000.00001616,-69.9783401489258
9000000.00001617,-69.8043441772461
9000000.00001617,-69.6429748535156
9000000.00001618,-69.4934997558594
9000000.00001618,-69.3551712036133
9000000.00001618,-69.2272491455078
9000000.00001619,-69.1089935302734
9000000.0000162,-69.0007705688477
9000000.0000162,-68.9056243896484
9000000.00001621,-68.8234634399414
9000000.00001621,-68.7539138793945
9000000.00001621,-68.6966247558594
9000000.00001622,-68.6512298583984
9000000.00001623,-68.6173553466797
9000000.00001623,-68.5946502685547
9000000.00001623,-68.5827407836914
9000000.00001624,-68.5812759399414
9000000.00001625,-68.5898742675781
9000000.00001625,-68.6081848144531
9000000.00001626,-68.6358413696289
9000000.00001626,-68.6718368530273
9000000.00001626,-68.7084197998047
9000000.00001627,-68.7458114624023
9000000.00001628,-68.7870864868164
9000000.00001628,-68.8353118896484
9000000.00001629,-68.8935546875
9000000.00001629,-68.9648742675781
9000000.00001629,-69.0523452758789
9000000.0000163,-69.1590270996094
9000000.00001631,-69.2879943847656
9000000.00001631,-69.4423065185547
9000000.00001631,-69.6250381469727
9000000.00001632,-69.8392486572266
9000000.00001633,-70.0880126953125
9000000.00001633,-70.3960418701172
9000000.00001634,-70.776611328125
9000000.00001634,-71.2156295776367
9000000.00001634,-71.6989974975586
9000000.00001635,-72.2126159667969
9000000.00001636,-72.7423858642578
9000000.00001636,-73.2742080688477
9000000.00001637,-73.7939987182617
9000000.00001637,-74.2876434326172
9000000.00001637,-74.7410583496094
9000000.00001638,-75.14013671875
9000000.00001639,-75.4707794189453
9000000.00001639,-75.7189025878906
9000000.0000164,-75.8806762695313
9000000.0000164,-75.9841156005859
9000000.0000164,-76.0360488891602
9000000.00001641,-76.0410995483398
9000000.00001642,-76.0038909912109
9000000.00001642,-75.9290390014648
9000000.00001642,-75.821159362793
9000000.00001643,-75.6848754882813
9000000.00001644,-75.5248107910156
9000000.00001644,-75.345573425293
9000000.00001645,-75.1517944335938
9000000.00001645,-74.9480819702148
9000000.00001645,-74.7390670776367
9000000.00001646,-74.5265350341797
9000000.00001647,-74.2790908813477
9000000.00001647,-73.9921417236328
9000000.00001648,-73.6725616455078
9000000.00001648,-73.3272094726563
9000000.00001648,-72.9629516601563
9000000.00001649,-72.5866622924805
9000000.0000165,-72.2052001953125
9000000.0000165,-71.8254318237305
9000000.0000165,-71.454231262207
9000000.00001651,-71.0984573364258
9000000.00001652,-70.7649765014648
9000000.00001652,-70.4606628417969
9000000.00001653,-70.1923751831055
9000000.00001653,-69.950927734375
9000000.00001653,-69.7224502563477
9000000.00001654,-69.5067672729492
9000000.00001655,-69.3037033081055
9000000.00001655,-69.1130981445313
9000000.00001656,-68.9347763061523
9000000.00001656,-68.7685623168945
9000000.00001656,-68.6142959594727
9000000.00001657,-68.4717864990234
9000000.00001658,-68.3408813476563
9000000.00001658,-68.2214050292969
9000000.00001659,-68.1131820678711
9000000.00001659,-68.0160369873047
9000000.00001659,-67.928840637207
9000000.0000166,-67.848876953125
9000000.00001661,-67.7771224975586
9000000.00001661,-67.7148056030273
9000000.00001661,-67.6631393432617
9000000.00001662,-67.6233673095703
9000000.00001663,-67.5967178344727
9000000.00001663,-67.5844116210938
9000000.00001664,-67.5876770019531
9000000.00001664,-67.6077499389648
9000000.00001664,-67.6458587646484
9000000.00001665,-67.7032318115234
9000000.00001666,-67.7810897827148
9000000.00001666,-67.8815612792969
9000000.00001667,-68.0156555175781
9000000.00001667,-68.1823883056641
9000000.00001667,-68.3767776489258
9000000.00001668,-68.5937957763672
9000000.00001669,-68.8284530639648
9000000.00001669,-69.0757369995117
9000000.00001669,-69.3306503295898
9000000.0000167,-69.5881729125977
9000000.00001671,-69.8433151245117
9000000.00001671,-70.091064453125
9000000.00001672,-70.3264083862305
9000000.00001672,-70.5443572998047
9000000.00001672,-70.7398986816406
9000000.00001673,-70.9299240112305
9000000.00001674,-71.1314392089844
9000000.00001674,-71.3396072387695
9000000.00001675,-71.5495910644531
9000000.00001675,-71.7565612792969
9000000.00001675,-71.9556732177734
9000000.00001676,-72.1420974731445
9000000.00001677,-72.3109970092773
9000000.00001677,-72.4575271606445
9000000.00001678,-72.5768661499023
9000000.00001678,-72.6641693115234
9000000.00001678,-72.7146072387695
9000000.00001679,-72.7233352661133
9000000.0000168,-72.6860656738281
9000000.0000168,-72.6041412353516
9000000.0000168,-72.482292175293
9000000.00001681,-72.3253021240234
9000000.00001682,-72.137939453125
9000000.00001682,-71.9249725341797
9000000.00001683,-71.6911849975586
9000000.00001683,-71.4413452148438
9000000.00001683,-71.1802215576172
9000000.00001684,-70.9125900268555
9000000.00001685,-70.6432342529297
9000000.00001685,-70.3769226074219
9000000.00001686,-70.1184158325195
9000000.00001686,-69.8704528808594
9000000.00001686,-69.610725402832
9000000.00001687,-69.3346252441406
9000000.00001688,-69.0456619262695
9000000.00001688,-68.7473602294922
9000000.00001688,-68.4432144165039
9000000.00001689,-68.1367568969727
9000000.0000169,-67.8314819335938
9000000.0000169,-67.5309066772461
9000000.00001691,-67.2385482788086
9000000.00001691,-66.9579238891602
9000000.00001691,-66.6925277709961
9000000.00001692,-66.4458847045898
9000000.00001693,-66.2215118408203
9000000.00001693,-66.0123748779297
9000000.00001694,-65.8098068237305
9000000.00001694,-65.6148529052734
9000000.00001694,-65.4285583496094
9000000.00001695,-65.2519683837891
9000000.00001696,-65.0861206054688
9000000.00001696,-64.9320602416992
9000000.00001697,-64.7908325195313
9000000.00001697,-64.6634902954102
9000000.00001697,-64.5510559082031
9000000.00001698,-64.45458984375
9000000.00001699,-64.375129699707
9000000.00001699,-64.3137283325195
9000000.00001699,-64.2719879150391
9000000.000017,-64.2515258789063
9000000.00001701,-64.2507781982422
9000000.00001701,-64.2679748535156
9000000.00001702,-64.3013534545898
9000000.00001702,-64.3491363525391
9000000.00001702,-64.4095687866211
9000000.00001703,-64.4808807373047
9000000.00001704,-64.5613021850586
9000000.00001704,-64.6490707397461
9000000.00001705,-64.7424163818359
9000000.00001705,-64.8395767211914
9000000.00001705,-64.9387893676758
9000000.00001706,-65.0393447875977
9000000.00001707,-65.1531753540039
9000000.00001707,-65.2820358276367
9000000.00001707,-65.4233169555664
9000000.00001708,-65.5744400024414
9000000.00001709,-65.7328033447266
9000000.00001709,-65.8958129882813
9000000.0000171,-66.0608749389648
9000000.0000171,-66.2253952026367
9000000.0000171,-66.3867874145508
9000000.00001711,-66.5424423217773
9000000.00001712,-66.6897735595703
9000000.00001712,-66.8261947631836
9000000.00001713,-66.9490966796875
9000000.00001713,-67.0617141723633
9000000.00001713,-67.1691284179688
9000000.00001714,-67.2715148925781
9000000.00001715,-67.3690643310547
9000000.00001715,-67.4619522094727
9000000.00001716,-67.5503616333008
9000000.00001716,-67.6344909667969
9000000.00001717,-67.7145004272461
9000000.00001717,-67.7905883789063
9000000.00001718,-67.8629379272461
9000000.00001718,-67.9317321777344
9000000.00001718,-67.9971466064453
9000000.00001719,-68.0593643188477
9000000.0000172,-68.1179046630859
9000000.0000172,-68.1709213256836
9000000.00001721,-68.2187423706055
9000000.00001721,-68.2618789672852
9000000.00001721,-68.3008651733398
9000000.00001722,-68.3361968994141
9000000.00001723,-68.3684005737305
9000000.00001723,-68.3979797363281
9000000.00001724,-68.4254531860352
9000000.00001724,-68.4513473510742
9000000.00001724,-68.4761581420898
9000000.00001725,-68.5004043579102
9000000.00001726,-68.5246047973633
9000000.00001726,-68.5489273071289
9000000.00001726,-68.5694732666016
9000000.00001727,-68.5857315063477
9000000.00001728,-68.5986022949219
9000000.00001728,-68.6089859008789
9000000.00001729,-68.6177978515625
9000000.00001729,-68.6259384155273
9000000.00001729,-68.6343078613281
9000000.0000173,-68.6438217163086
9000000.00001731,-68.6553802490234
9000000.00001731,-68.6698837280273
9000000.00001732,-68.6882400512695
9000000.00001732,-68.7113571166992
9000000.00001732,-68.7401351928711
9000000.00001733,-68.7753677368164
9000000.00001734,-68.8165740966797
9000000.00001734,-68.8627548217773
9000000.00001735,-68.9129180908203
9000000.00001735,-68.9660720825195
9000000.00001736,-69.0212173461914
9000000.00001736,-69.0773620605469
9000000.00001737,-69.1335144042969
9000000.00001737,-69.1886749267578
9000000.00001737,-69.2418518066406
9000000.00001738,-69.2920532226563
9000000.00001739,-69.3382873535156
9000000.00001739,-69.3795471191406
9000000.0000174,-69.4155349731445
9000000.0000174,-69.448112487793
9000000.0000174,-69.477783203125
9000000.00001741,-69.5049285888672
9000000.00001742,-69.529914855957
9000000.00001742,-69.5531158447266
9000000.00001743,-69.5748901367188
9000000.00001743,-69.5956115722656
9000000.00001743,-69.6156463623047
9000000.00001744,-69.6353759765625
9000000.00001745,-69.655158996582
9000000.00001745,-69.6753616333008
9000000.00001745,-69.6963653564453
9000000.00001746,-69.7187881469727
9000000.00001747,-69.7457885742188
9000000.00001747,-69.7770767211914
9000000.00001748,-69.8112030029297
9000000.00001748,-69.8467102050781
9000000.00001748,-69.8821563720703
9000000.00001749,-69.9160690307617
9000000.0000175,-69.9470062255859
9000000.0000175,-69.973518371582
9000000.00001751,-69.9941482543945
9000000.00001751,-70.0074462890625
9000000.00001751,-70.0119552612305
9000000.00001752,-70.006217956543
9000000.00001753,-69.9887924194336
9000000.00001753,-69.9611206054688
9000000.00001753,-69.9258041381836
9000000.00001754,-69.8831176757813
9000000.00001755,-69.8333358764648
9000000.00001755,-69.776741027832
9000000.00001756,-69.7136154174805
9000000.00001756,-69.6442337036133
9000000.00001756,-69.5688781738281
9000000.00001757,-69.4878158569336
9000000.00001758,-69.4013366699219
9000000.00001758,-69.3097076416016
9000000.00001759,-69.2132186889648
9000000.00001759,-69.1121368408203
9000000.00001759,-69.0054321289063
9000000.0000176,-68.8894729614258
9000000.00001761,-68.765007019043
9000000.00001761,-68.6331405639648
9000000.00001762,-68.4949722290039
9000000.00001762,-68.3515853881836
9000000.00001762,-68.2040939331055
9000000.00001763,-68.0535888671875
9000000.00001764,-67.9011611938477
9000000.00001764,-67.7479248046875
9000000.00001764,-67.5949630737305
9000000.00001765,-67.4433746337891
9000000.00001766,-67.2942657470703
9000000.00001766,-67.1478652954102
9000000.00001767,-66.9945068359375
9000000.00001767,-66.8330688476563
9000000.00001767,-66.6659698486328
9000000.00001768,-66.4956130981445
9000000.00001769,-66.3244171142578
9000000.00001769,-66.15478515625
9000000.0000177,-65.9891357421875
9000000.0000177,-65.8298797607422
9000000.0000177,-65.6794281005859
9000000.00001771,-65.5401916503906
9000000.00001772,-65.4145889282227
9000000.00001772,-65.3050231933594
9000000.00001772,-65.2139129638672
9000000.00001773,-65.1334838867188
9000000.00001774,-65.0557861328125
9000000.00001774,-64.9829711914063
9000000.00001775,-64.9171981811523
9000000.00001775,-64.8606109619141
9000000.00001775,-64.8153686523438
9000000.00001776,-64.7836151123047
9000000.00001777,-64.7675018310547
9000000.00001777,-64.7691802978516
9000000.00001778,-64.7908096313477
9000000.00001778,-64.8345413208008
9000000.00001778,-64.9025115966797
9000000.00001779,-64.9968948364258
9000000.0000178,-65.1186676025391
9000000.0000178,-65.2647476196289
9000000.00001781,-65.4337387084961
9000000.00001781,-65.6244964599609
9000000.00001781,-65.8358535766602
9000000.00001782,-66.0666656494141
9000000.00001783,-66.3157653808594
9000000.00001783,-66.5820083618164
9000000.00001783,-66.8642349243164
9000000.00001784,-67.1612930297852
9000000.00001785,-67.4720230102539
9000000.00001785,-67.7952728271484
9000000.00001786,-68.1298904418945
9000000.00001786,-68.4776763916016
9000000.00001786,-68.8731231689453
9000000.00001787,-69.3177185058594
9000000.00001788,-69.8003463745117
9000000.00001788,-70.3098983764648
9000000.00001789,-70.8352584838867
9000000.00001789,-71.3653106689453
9000000.00001789,-71.8889465332031
9000000.0000179,-72.3950424194336
9000000.00001791,-72.8724822998047
9000000.00001791,-73.3101654052734
9000000.00001791,-73.6969680786133
9000000.00001792,-74.0217742919922
9000000.00001793,-74.2734756469727
9000000.00001793,-74.4578094482422
9000000.00001794,-74.591064453125
9000000.00001794,-74.6779632568359
9000000.00001794,-74.7232208251953
9000000.00001795,-74.731559753418
9000000.00001796,-74.7076950073242
9000000.00001796,-74.6563415527344
9000000.00001797,-74.5822219848633
9000000.00001797,-74.4900436401367
9000000.00001797,-74.3845443725586
9000000.00001798,-74.2704238891602
9000000.00001799,-74.1524047851563
9000000.00001799,-74.0352096557617
9000000.000018,-73.9168014526367
9000000.000018,-73.778694152832
9000000.000018,-73.6212310791016
9000000.00001801,-73.4463882446289
9000000.00001802,-73.2561569213867
9000000.00001802,-73.0524978637695
9000000.00001802,-72.8374099731445
9000000.00001803,-72.6128616333008
9000000.00001804,-72.3808288574219
9000000.00001804,-72.1433029174805
9000000.00001805,-71.9022521972656
9000000.00001805,-71.6596603393555
9000000.00001805,-71.4175109863281
9000000.00001806,-71.1765747070313
9000000.00001807,-70.9235610961914
9000000.00001807,-70.6565017700195
9000000.00001808,-70.3782806396484
9000000.00001808,-70.0917816162109
9000000.00001808,-69.7999114990234
9000000.00001809,-69.5055465698242
9000000.0000181,-69.2115783691406
9000000.0000181,-68.9208908081055
9000000.0000181,-68.6363830566406
9000000.00001811,-68.3609466552734
9000000.00001812,-68.0974502563477
9000000.00001812,-67.8488082885742
9000000.00001813,-67.6178894042969
9000000.00001813,-67.3973922729492
9000000.00001813,-67.1791305541992
9000000.00001814,-66.964729309082
9000000.00001815,-66.7557754516602
9000000.00001815,-66.5538940429688
9000000.00001816,-66.3606872558594
9000000.00001816,-66.1777648925781
9000000.00001816,-66.006721496582
9000000.00001817,-65.8491744995117
9000000.00001818,-65.7067337036133
9000000.00001818,-65.5810012817383
9000000.00001819,-65.4735870361328
9000000.00001819,-65.3860931396484
9000000.00001819,-65.3175582885742
9000000.0000182,-65.2609024047852
9000000.00001821,-65.2164688110352
9000000.00001821,-65.1852340698242
9000000.00001821,-65.1681671142578
9000000.00001822,-65.1662445068359
9000000.00001823,-65.1804275512695
9000000.00001823,-65.2116928100586
9000000.00001824,-65.2610168457031
9000000.00001824,-65.3293762207031
9000000.00001824,-65.417724609375
9000000.00001825,-65.5270462036133
9000000.00001826,-65.658317565918
9000000.00001826,-65.8093566894531
9000000.00001827,-65.9435043334961
9000000.00001827,-66.0594100952148
9000000.00001827,-66.1691207885742
9000000.00001828,-66.2846832275391
9000000.00001829,-66.4181518554688
9000000.00001829,-66.5815734863281
9000000.00001829,-66.7870025634766
9000000.0000183,-67.0464859008789
9000000.00001831,-67.3720779418945
9000000.00001831,-67.7758255004883
9000000.00001832,-68.269775390625
9000000.00001832,-68.8659820556641
9000000.00001832,-69.5764923095703
9000000.00001833,-70.4892578125
9000000.00001834,-71.6502151489258
9000000.00001834,-73.0084533691406
9000000.00001835,-74.5130462646484
9000000.00001835,-76.1130752563477
9000000.00001835,-77.7576141357422
9000000.00001836,-79.3957366943359
9000000.00001837,-80.9765243530273
9000000.00001837,-82.4490509033203
9000000.00001838,-83.7623977661133
9000000.00001838,-84.8656311035156
9000000.00001838,-85.7078399658203
9000000.00001839,-86.2380981445313
9000000.0000184,-86.4222793579102
9000000.0000184,-86.3054275512695
9000000.0000184,-85.9284591674805
9000000.00001841,-85.3297500610352
9000000.00001842,-84.5476760864258
9000000.00001842,-83.6205978393555
9000000.00001843,-82.5868911743164
9000000.00001843,-81.4849395751953
9000000.00001843,-80.3531036376953
9000000.00001844,-79.2297592163086
9000000.00001845,-78.1532821655273
9000000.00001845,-77.1620407104492
9000000.00001846,-76.2944107055664
9000000.00001846,-75.5786819458008
9000000.00001846,-74.911247253418
9000000.00001847,-74.2560348510742
9000000.00001848,-73.6146011352539
9000000.00001848,-72.9884719848633
9000000.00001848,-72.3791885375977
9000000.00001849,-71.7882995605469
9000000.0000185,-71.2173385620117
9000000.0000185,-70.667839050293
9000000.00001851,-70.1413497924805
9000000.00001851,-69.639404296875
9000000.00001851,-69.1635437011719
9000000.00001852,-68.7153091430664
9000000.00001853,-68.2962341308594
9000000.00001853,-67.9042053222656
9000000.00001854,-67.5360641479492
9000000.00001854,-67.1918029785156
9000000.00001854,-66.8714065551758
9000000.00001855,-66.5748825073242
9000000.00001856,-66.3022155761719
9000000.00001856,-66.0533981323242
9000000.00001857,-65.8284225463867
9000000.00001857,-65.6272811889648
9000000.00001857,-65.4499664306641
9000000.00001858,-65.2964706420898
9000000.00001859,-65.1667938232422
9000000.00001859,-65.0609130859375
9000000.00001859,-64.978157043457
9000000.0000186,-64.9166488647461
9000000.00001861,-64.8769378662109
9000000.00001861,-64.859748840332
9000000.00001862,-64.8658218383789
9000000.00001862,-64.895881652832
9000000.00001862,-64.9506683349609
9000000.00001863,-65.0309066772461
9000000.00001864,-65.137336730957
9000000.00001864,-65.2706832885742
9000000.00001865,-65.4316864013672
9000000.00001865,-65.6210632324219
9000000.00001865,-65.8395614624023
9000000.00001866,-66.0886154174805
9000000.00001867,-66.3768005371094
9000000.00001867,-66.7035675048828
9000000.00001867,-67.0652236938477
9000000.00001868,-67.4580688476563
9000000.00001869,-67.8784103393555
9000000.00001869,-68.3225479125977
9000000.0000187,-68.7867813110352
9000000.0000187,-69.2674102783203
9000000.0000187,-69.7607498168945
9000000.00001871,-70.2630920410156
9000000.00001872,-70.7707443237305
9000000.00001872,-71.2800064086914
9000000.00001873,-71.7871856689453
9000000.00001873,-72.3292083740234
9000000.00001873,-72.935173034668
9000000.00001874,-73.589599609375
9000000.00001875,-74.2770233154297
9000000.00001875,-74.9819717407227
9000000.00001876,-75.6889724731445
9000000.00001876,-76.3825607299805
9000000.00001877,-77.0472640991211
9000000.00001877,-77.6676025390625
9000000.00001878,-78.2281188964844
9000000.00001878,-78.7133407592773
9000000.00001878,-79.107795715332
9000000.00001879,-79.3960113525391
9000000.0000188,-79.5685119628906
9000000.0000188,-79.6414337158203
9000000.00001881,-79.6264877319336
9000000.00001881,-79.5343933105469
9000000.00001881,-79.3758697509766
9000000.00001882,-79.1616058349609
9000000.00001883,-78.9023361206055
9000000.00001883,-78.608757019043
9000000.00001884,-78.2915802001953
9000000.00001884,-77.9615173339844
9000000.00001884,-77.629280090332
9000000.00001885,-77.3055877685547
9000000.00001886,-77.0011367797852
9000000.00001886,-76.7228317260742
9000000.00001886,-76.4300537109375
9000000.00001887,-76.1125717163086
9000000.00001888,-75.7749557495117
9000000.00001888,-75.4217681884766
9000000.00001889,-75.0575637817383
9000000.00001889,-74.6869125366211
9000000.00001889,-74.3143768310547
9000000.0000189,-73.9445114135742
9000000.00001891,-73.5818939208984
9000000.00001891,-73.2310638427734
9000000.00001892,-72.8966064453125
9000000.00001892,-72.5830764770508
9000000.00001892,-72.2950286865234
9000000.00001893,-72.0251846313477
9000000.00001894,-71.7635345458984
9000000.00001894,-71.5105361938477
9000000.00001895,-71.2666397094727
9000000.00001895,-71.0323181152344
9000000.00001896,-70.8080291748047
9000000.00001896,-70.5942153930664
9000000.00001897,-70.391357421875
9000000.00001897,-70.1999053955078
9000000.00001897,-70.0203170776367
9000000.00001898,-69.8530578613281
9000000.00001899,-69.6985778808594
9000000.00001899,-69.5573425292969
9000000.000019,-69.4276580810547
9000000.000019,-69.3035736083984
9000000.000019,-69.1863250732422
9000000.00001901,-69.0777053833008
9000000.00001902,-68.9794998168945
9000000.00001902,-68.8935165405273
9000000.00001903,-68.821533203125
9000000.00001903,-68.7653503417969
9000000.00001903,-68.7267608642578
9000000.00001904,-68.7075653076172
9000000.00001905,-68.7095413208008
9000000.00001905,-68.7344970703125
9000000.00001905,-68.7842102050781
9000000.00001906,-68.8596420288086
9000000.00001907,-68.9514999389648
9000000.00001907,-69.0580368041992
9000000.00001908,-69.1808929443359
9000000.00001908,-69.3217163085938
9000000.00001908,-69.4821395874023
9000000.00001909,-69.6638031005859
9000000.0000191,-69.8683547973633
9000000.0000191,-70.0974273681641
9000000.00001911,-70.3526763916016
9000000.00001911,-70.6357269287109
9000000.00001911,-70.9482192993164
9000000.00001912,-71.2918090820313
9000000.00001913,-71.6681213378906
9000000.00001913,-72.1005020141602
9000000.00001914,-72.6028594970703
9000000.00001914,-73.1627502441406
9000000.00001915,-73.7677154541016
9000000.00001915,-74.4052886962891
9000000.00001916,-75.0630264282227
9000000.00001916,-75.7284622192383
9000000.00001916,-76.3891372680664
9000000.00001917,-77.0325927734375
9000000.00001918,-77.6463775634766
9000000.00001918,-78.2180328369141
9000000.00001919,-78.7350997924805
9000000.00001919,-79.1851272583008
9000000.00001919,-79.5743026733398
9000000.0000192,-79.9537506103516
9000000.00001921,-80.3218994140625
9000000.00001921,-80.6726303100586
9000000.00001922,-80.9998321533203
9000000.00001922,-81.2973861694336
9000000.00001922,-81.5591735839844
9000000.00001923,-81.7790832519531
9000000.00001924,-81.9509887695313
9000000.00001924,-82.0687866210938
9000000.00001924,-82.126350402832
9000000.00001925,-82.117561340332
9000000.00001926,-82.0363082885742
9000000.00001926,-81.8742446899414
9000000.00001927,-81.6027450561523
9000000.00001927,-81.2269515991211
9000000.00001927,-80.762565612793
9000000.00001928,-80.2252807617188
9000000.00001929,-79.6307678222656
9000000.00001929,-78.9947280883789
9000000.0000193,-78.3328552246094
9000000.0000193,-77.6608276367188
9000000.0000193,-76.9943389892578
9000000.00001931,-76.3490753173828
9000000.00001932,-75.74072265625
9000000.00001932,-75.1849822998047
9000000.00001932,-74.6975326538086
9000000.00001933,-74.2545623779297
9000000.00001934,-73.8224639892578
9000000.00001934,-73.4022064208984
9000000.00001935,-72.9947814941406
9000000.00001935,-72.6011810302734
9000000.00001935,-72.2223739624023
9000000.00001936,-71.8593521118164
9000000.00001937,-71.5130996704102
9000000.00001937,-71.1846008300781
9000000.00001938,-70.8748397827148
9000000.00001938,-70.5848007202148
9000000.00001938,-70.3154678344727
9000000.00001939,-70.0678253173828
9000000.0000194,-69.841178894043
9000000.0000194,-69.6309509277344
9000000.00001941,-69.4374084472656
9000000.00001941,-69.2612686157227
9000000.00001941,-69.1032028198242
9000000.00001942,-68.9639282226563
9000000.00001943,-68.8441314697266
9000000.00001943,-68.7445068359375
9000000.00001943,-68.6657562255859
9000000.00001944,-68.6085662841797
9000000.00001945,-68.5736389160156
9000000.00001945,-68.5616683959961
9000000.00001946,-68.5733489990234
9000000.00001946,-68.6081466674805
9000000.00001946,-68.6518707275391
9000000.00001947,-68.7036895751953
9000000.00001948,-68.7679824829102
9000000.00001948,-68.8491439819336
9000000.00001949,-68.951530456543
9000000.00001949,-69.0795288085938
9000000.00001949,-69.2375183105469
9000000.0000195,-69.4298706054688
9000000.00001951,-69.6609649658203
9000000.00001951,-69.935188293457
9000000.00001951,-70.2569046020508
9000000.00001952,-70.6304931640625
9000000.00001953,-71.0603332519531
9000000.00001953,-71.6018447875977
9000000.00001954,-72.2875747680664
9000000.00001954,-73.0876083374023
9000000.00001954,-73.9720306396484
9000000.00001955,-74.9109191894531
9000000.00001956,-75.8743667602539
9000000.00001956,-76.8324584960938
9000000.00001957,-77.7552642822266
9000000.00001957,-78.6128768920898
9000000.00001957,-79.375373840332
9000000.00001958,-80.0128479003906
9000000.00001959,-80.4953765869141
9000000.00001959,-80.7930450439453
9000000.0000196,-80.8870315551758
9000000.0000196,-80.8071823120117
9000000.0000196,-80.5765533447266
9000000.00001961,-80.2163925170898
9000000.00001962,-79.7479248046875
9000000.00001962,-79.1923828125
9000000.00001962,-78.5710144042969
9000000.00001963,-77.9050521850586
9000000.00001964,-77.2157211303711
9000000.00001964,-76.5242614746094
9000000.00001965,-75.8519134521484
9000000.00001965,-75.2199096679688
9000000.00001965,-74.6494827270508
9000000.00001966,-74.1555023193359
9000000.00001967,-73.6713180541992
9000000.00001967,-73.1768569946289
9000000.00001968,-72.6762542724609
9000000.00001968,-72.1736450195313
9000000.00001968,-71.6731643676758
9000000.00001969,-71.178955078125
9000000.0000197,-70.6951522827148
9000000.0000197,-70.2258987426758
9000000.0000197,-69.7753219604492
9000000.00001971,-69.3475646972656
9000000.00001972,-68.9467697143555
9000000.00001972,-68.5770645141602
9000000.00001973,-68.2425842285156
9000000.00001973,-67.9346618652344
9000000.00001973,-67.6428146362305
9000000.00001974,-67.3684539794922
9000000.00001975,-67.1130142211914
9000000.00001975,-66.8779220581055
9000000.00001976,-66.6646041870117
9000000.00001976,-66.474479675293
9000000.00001976,-66.3089828491211
9000000.00001977,-66.1695404052734
9000000.00001978,-66.0575714111328
9000000.00001978,-65.9745025634766
9000000.00001979,-65.921760559082
9000000.00001979,-65.9007720947266
9000000.00001979,-65.9092178344727
9000000.0000198,-65.9367904663086
9000000.00001981,-65.9849548339844
9000000.00001981,-66.0561370849609
9000000.00001981,-66.1527557373047
9000000.00001982,-66.277229309082
9000000.00001983,-66.4319763183594
9000000.00001983,-66.6194229125977
9000000.00001984,-66.8419876098633
9000000.00001984,-67.1020812988281
9000000.00001984,-67.4021377563477
9000000.00001985,-67.7445678710938
9000000.00001986,-68.1317977905273
9000000.00001986,-68.5712280273438
9000000.00001987,-69.1225128173828
9000000.00001987,-69.7842407226563
9000000.00001987,-70.5331497192383
9000000.00001988,-71.3459854125977
9000000.00001989,-72.1994705200195
9000000.00001989,-73.0703582763672
9000000.00001989,-73.9353790283203
9000000.0000199,-74.7712783813477
9000000.00001991,-75.5547943115234
9000000.00001991,-76.2626571655273
9000000.00001992,-76.8716125488281
9000000.00001992,-77.3583984375
9000000.00001992,-77.6997528076172
9000000.00001993,-77.9005737304688
9000000.00001994,-77.9901657104492
9000000.00001994,-77.9818496704102
9000000.00001995,-77.8889694213867
9000000.00001995,-77.7248611450195
9000000.00001995,-77.5028457641602
9000000.00001996,-77.2362594604492
9000000.00001997,-76.9384384155273
9000000.00001997,-76.6227111816406
9000000.00001998,-76.3024139404297
9000000.00001998,-75.9908828735352
9000000.00001998,-75.7014465332031
9000000.00001999,-75.4474334716797
9000000.00002,-75.2255935668945
9000000.00002,-74.9905395507813
9000000.00002,-74.7412567138672
9000000.00002001,-74.4806900024414
9000000.00002002,-74.211784362793
9000000.00002002,-73.9374847412109
9000000.00002003,-73.6607208251953
9000000.00002003,-73.3844528198242
9000000.00002003,-73.1116104125977
9000000.00002004,-72.8451385498047
9000000.00002005,-72.5879898071289
9000000.00002005,-72.3431015014648
9000000.00002006,-72.113410949707
9000000.00002006,-71.9013977050781
9000000.00002006,-71.7026443481445
9000000.00002007,-71.5144424438477
9000000.00002008,-71.3356552124023
9000000.00002008,-71.165153503418
9000000.00002008,-71.0018081665039
9000000.00002009,-70.844482421875
9000000.0000201,-70.6920471191406
9000000.0000201,-70.5433731079102
9000000.00002011,-70.397331237793
9000000.00002011,-70.2527847290039
9000000.00002011,-70.1086044311523
9000000.00002012,-69.9636611938477
9000000.00002013,-69.8168182373047
9000000.00002013,-69.669303894043
9000000.00002014,-69.523193359375
9000000.00002014,-69.3786697387695
9000000.00002014,-69.2358932495117
9000000.00002015,-69.0950393676758
9000000.00002016,-68.9562835693359
9000000.00002016,-68.8198013305664
9000000.00002017,-68.6857528686523
9000000.00002017,-68.5543212890625
9000000.00002018,-68.4256744384766
9000000.00002018,-68.2999801635742
9000000.00002019,-68.1774139404297
9000000.00002019,-68.0581588745117
9000000.00002019,-67.9390563964844
9000000.0000202,-67.8109817504883
9000000.00002021,-67.676399230957
9000000.00002021,-67.5386352539063
9000000.00002022,-67.4010467529297
9000000.00002022,-67.266960144043
9000000.00002022,-67.1397247314453
9000000.00002023,-67.0226745605469
9000000.00002024,-66.9191589355469
9000000.00002024,-66.83251953125
9000000.00002025,-66.7660903930664
9000000.00002025,-66.7232208251953
9000000.00002025,-66.7072448730469
9000000.00002026,-66.7206268310547
9000000.00002027,-66.7543334960938
9000000.00002027,-66.8052368164063
9000000.00002027,-66.8734588623047
9000000.00002028,-66.9591522216797
9000000.00002029,-67.0624389648438
9000000.00002029,-67.1834716796875
9000000.0000203,-67.3223724365234
9000000.0000203,-67.4792785644531
9000000.0000203,-67.6543350219727
9000000.00002031,-67.8476791381836
9000000.00002032,-68.0594329833984
9000000.00002032,-68.2897567749023
9000000.00002033,-68.5387649536133
9000000.00002033,-68.8308944702148
9000000.00002033,-69.1824798583984
9000000.00002034,-69.5815582275391
9000000.00002035,-70.0161590576172
9000000.00002035,-70.4742965698242
9000000.00002036,-70.9440078735352
9000000.00002036,-71.4133148193359
9000000.00002037,-71.870246887207
9000000.00002037,-72.3028335571289
9000000.00002038,-72.699104309082
9000000.00002038,-73.0470733642578
9000000.00002038,-73.3347854614258
9000000.00002039,-73.5502471923828
9000000.0000204,-73.6884689331055
9000000.0000204,-73.7683639526367
9000000.00002041,-73.7971343994141
9000000.00002041,-73.7806015014648
9000000.00002041,-73.7245559692383
9000000.00002042,-73.6348190307617
9000000.00002043,-73.5171813964844
9000000.00002043,-73.3774490356445
9000000.00002044,-73.2214431762695
9000000.00002044,-73.0549468994141
9000000.00002044,-72.8837814331055
9000000.00002045,-72.7137451171875
9000000.00002046,-72.5506439208984
9000000.00002046,-72.3978958129883
9000000.00002046,-72.2296752929688
9000000.00002047,-72.040412902832
9000000.00002048,-71.8339004516602
9000000.00002048,-71.6139602661133
9000000.00002049,-71.384407043457
9000000.00002049,-71.149055480957
9000000.00002049,-70.9117202758789
9000000.0000205,-70.6762084960938
9000000.00002051,-70.4463424682617
9000000.00002051,-70.2259292602539
9000000.00002052,-70.0187759399414
9000000.00002052,-69.8287124633789
9000000.00002052,-69.6595458984375
9000000.00002053,-69.5049285888672
9000000.00002054,-69.356330871582
9000000.00002054,-69.2142486572266
9000000.00002055,-69.0792007446289
9000000.00002055,-68.9516830444336
9000000.00002056,-68.8322067260742
9000000.00002056,-68.7212753295898
9000000.00002057,-68.6194000244141
9000000.00002057,-68.5270919799805
9000000.00002057,-68.4448471069336
9000000.00002058,-68.3731842041016
9000000.00002059,-68.3125991821289
9000000.00002059,-68.2636032104492
9000000.0000206,-68.2252197265625
9000000.0000206,-68.1933822631836
9000000.0000206,-68.1687164306641
9000000.00002061,-68.1522521972656
9000000.00002062,-68.1450042724609
9000000.00002062,-68.1479949951172
9000000.00002063,-68.1622467041016
9000000.00002063,-68.1887817382813
9000000.00002063,-68.2286148071289
9000000.00002064,-68.2827682495117
9000000.00002065,-68.3522644042969
9000000.00002065,-68.438117980957
9000000.00002065,-68.5413589477539
9000000.00002066,-68.6638793945313
9000000.00002067,-68.81640625
9000000.00002067,-68.998161315918
9000000.00002068,-69.2044296264648
9000000.00002068,-69.4304885864258
9000000.00002068,-69.6716156005859
9000000.00002069,-69.923095703125
9000000.0000207,-70.1802139282227
9000000.0000207,-70.4382476806641
9000000.00002071,-70.6924743652344
9000000.00002071,-70.9381866455078
9000000.00002071,-71.170654296875
9000000.00002072,-71.3851623535156
9000000.00002073,-71.5769958496094
9000000.00002073,-71.7612152099609
9000000.00002074,-71.9532775878906
9000000.00002074,-72.1490478515625
9000000.00002075,-72.344367980957
9000000.00002075,-72.5351104736328
9000000.00002076,-72.7171249389648
9000000.00002076,-72.8862762451172
9000000.00002076,-73.0384140014648
9000000.00002077,-73.1693954467773
9000000.00002078,-73.2750930786133
9000000.00002078,-73.3513488769531
9000000.00002079,-73.3940353393555
9000000.00002079,-73.3989944458008
9000000.00002079,-73.3618316650391
9000000.0000208,-73.2817306518555
9000000.00002081,-73.1632995605469
9000000.00002081,-73.0113983154297
9000000.00002082,-72.8308944702148
9000000.00002082,-72.6266326904297
9000000.00002082,-72.4034729003906
9000000.00002083,-72.1662750244141
9000000.00002084,-71.9198913574219
9000000.00002084,-71.6691818237305
9000000.00002084,-71.4189910888672
9000000.00002085,-71.1741943359375
9000000.00002086,-70.9396286010742
9000000.00002086,-70.718391418457
9000000.00002087,-70.4914093017578
9000000.00002087,-70.2540588378906
9000000.00002087,-70.0086288452148
9000000.00002088,-69.7574005126953
9000000.00002089,-69.5026702880859
9000000.00002089,-69.2467193603516
9000000.0000209,-68.9918518066406
9000000.0000209,-68.740348815918
9000000.0000209,-68.494499206543
9000000.00002091,-68.2565994262695
9000000.00002092,-68.028938293457
9000000.00002092,-67.8138046264648
9000000.00002093,-67.6134796142578
9000000.00002093,-67.4232635498047
9000000.00002094,-67.2374038696289
9000000.00002094,-67.0566482543945
9000000.00002095,-66.8817443847656
9000000.00002095,-66.7134399414063
9000000.00002095,-66.5524749755859
9000000.00002096,-66.3996047973633
9000000.00002097,-66.2555618286133
9000000.00002097,-66.1211090087891
9000000.00002098,-65.9969787597656
9000000.00002098,-65.883918762207
9000000.00002098,-65.7826766967773
9000000.00002099,-65.6940078735352
9000000.000021,-65.6167526245117
9000000.000021,-65.5457382202148
9000000.00002101,-65.4816589355469
9000000.00002101,-65.4257125854492
9000000.00002101,-65.3790893554688
9000000.00002102,-65.3429718017578
9000000.00002103,-65.3185501098633
9000000.00002103,-65.307014465332
9000000.00002103,-65.3095550537109
9000000.00002104,-65.3273544311523
9000000.00002105,-65.3616104125977
9000000.00002105,-65.4135055541992
9000000.00002106,-65.4842300415039
9000000.00002106,-65.5751724243164
9000000.00002106,-65.6891250610352
9000000.00002107,-65.8250579833984
9000000.00002108,-65.9808883666992
9000000.00002108,-66.1545486450195
9000000.00002109,-66.3439712524414
9000000.00002109,-66.5470733642578
9000000.00002109,-66.7617874145508
9000000.0000211,-66.9860458374023
9000000.00002111,-67.2177734375
9000000.00002111,-67.4548950195313
9000000.00002111,-67.6953430175781
9000000.00002112,-67.9370346069336
9000000.00002113,-68.1779098510742
9000000.00002113,-68.4378509521484
9000000.00002114,-68.7326049804688
9000000.00002114,-69.0539016723633
9000000.00002114,-69.3934631347656
9000000.00002115,-69.7430191040039
9000000.00002116,-70.0942993164063
9000000.00002116,-70.4390182495117
9000000.00002117,-70.768913269043
9000000.00002117,-71.0757141113281
9000000.00002117,-71.3511352539063
9000000.00002118,-71.5869064331055
9000000.00002119,-71.7747573852539
9000000.00002119,-71.9064102172852
9000000.0000212,-71.9766540527344
9000000.0000212,-71.9937057495117
9000000.0000212,-71.9639587402344
9000000.00002121,-71.8932876586914
9000000.00002122,-71.7875900268555
9000000.00002122,-71.6527404785156
9000000.00002122,-71.4946365356445
9000000.00002123,-71.3191452026367
9000000.00002124,-71.1321716308594
9000000.00002124,-70.939582824707
9000000.00002125,-70.7472763061523
9000000.00002125,-70.5611267089844
9000000.00002125,-70.3870315551758
9000000.00002126,-70.228630065918
9000000.00002127,-70.0619506835938
9000000.00002127,-69.8813552856445
9000000.00002128,-69.6899261474609
9000000.00002128,-69.4907684326172
9000000.00002128,-69.2869644165039
9000000.00002129,-69.0816116333008
9000000.0000213,-68.877799987793
9000000.0000213,-68.6786193847656
9000000.0000213,-68.4871597290039
9000000.00002131,-68.306526184082
9000000.00002132,-68.1397933959961
9000000.00002132,-67.9900588989258
9000000.00002133,-67.8604202270508
9000000.00002133,-67.7488174438477
9000000.00002133,-67.6504058837891
9000000.00002134,-67.5641021728516
9000000.00002135,-67.4888076782227
9000000.00002135,-67.4234466552734
9000000.00002136,-67.3669204711914
9000000.00002136,-67.3181381225586
9000000.00002136,-67.2760238647461
9000000.00002137,-67.2394714355469
9000000.00002138,-67.2073974609375
9000000.00002138,-67.1787185668945
9000000.00002139,-67.15234375
9000000.00002139,-67.1271743774414
9000000.00002139,-67.102165222168
9000000.0000214,-67.0773773193359
9000000.00002141,-67.0539474487305
9000000.00002141,-67.0330429077148
9000000.00002141,-67.0158233642578
9000000.00002142,-67.0034713745117
9000000.00002143,-66.9971466064453
9000000.00002143,-66.9980163574219
9000000.00002144,-67.0072555541992
9000000.00002144,-67.0260238647461
9000000.00002144,-67.0554962158203
9000000.00002145,-67.0968399047852
9000000.00002146,-67.1512222290039
9000000.00002146,-67.2190475463867
9000000.00002147,-67.2917633056641
9000000.00002147,-67.3682022094727
9000000.00002147,-67.450309753418
9000000.00002148,-67.5400466918945
9000000.00002149,-67.6393585205078
9000000.00002149,-67.7502059936523
9000000.00002149,-67.8745269775391
9000000.0000215,-68.014274597168
9000000.00002151,-68.1714096069336
9000000.00002151,-68.3478775024414
9000000.00002152,-68.5456314086914
9000000.00002152,-68.7666244506836
9000000.00002152,-69.0128021240234
9000000.00002153,-69.3076629638672
9000000.00002154,-69.6648941040039
9000000.00002154,-70.0717620849609
9000000.00002155,-70.5155029296875
9000000.00002155,-70.9833831787109
9000000.00002155,-71.4626388549805
9000000.00002156,-71.9405364990234
9000000.00002157,-72.4043273925781
9000000.00002157,-72.8412551879883
9000000.00002158,-73.2385787963867
9000000.00002158,-73.5835418701172
9000000.00002159,-73.863410949707
9000000.00002159,-74.0654220581055
9000000.0000216,-74.1842193603516
9000000.0000216,-74.2398147583008
9000000.0000216,-74.2399291992188
9000000.00002161,-74.1907806396484
9000000.00002162,-74.0986022949219
9000000.00002162,-73.9696197509766
9000000.00002163,-73.8100509643555
9000000.00002163,-73.6261291503906
9000000.00002163,-73.4240798950195
9000000.00002164,-73.2101211547852
9000000.00002165,-72.9904861450195
9000000.00002165,-72.7714004516602
9000000.00002166,-72.55908203125
9000000.00002166,-72.3571090698242
9000000.00002166,-72.1366882324219
9000000.00002167,-71.8918151855469
9000000.00002168,-71.6269607543945
9000000.00002168,-71.3466110229492
9000000.00002168,-71.0552444458008
9000000.00002169,-70.7573394775391
9000000.0000217,-70.4573669433594
9000000.0000217,-70.1598205566406
9000000.00002171,-69.8691635131836
9000000.00002171,-69.5898818969727
9000000.00002171,-69.3264541625977
9000000.00002172,-69.0833587646484
9000000.00002173,-68.8650741577148
9000000.00002173,-68.6648483276367
9000000.00002174,-68.4731216430664
9000000.00002174,-68.2901382446289
9000000.00002174,-68.1161727905273
9000000.00002175,-67.9514694213867
9000000.00002176,-67.7963027954102
9000000.00002176,-67.6509170532227
9000000.00002177,-67.5155715942383
9000000.00002177,-67.3905410766602
9000000.00002178,-67.2760620117188
9000000.00002178,-67.1724090576172
9000000.00002179,-67.079833984375
9000000.00002179,-66.9986038208008
9000000.00002179,-66.926643371582
9000000.0000218,-66.8575820922852
9000000.00002181,-66.7929763793945
9000000.00002181,-66.7350311279297
9000000.00002182,-66.6859130859375
9000000.00002182,-66.647819519043
9000000.00002182,-66.6229248046875
9000000.00002183,-66.6134185791016
9000000.00002184,-66.6214904785156
9000000.00002184,-66.6493148803711
9000000.00002185,-66.699089050293
9000000.00002185,-66.7729873657227
9000000.00002185,-66.8732070922852
9000000.00002186,-67.0005035400391
9000000.00002187,-67.1390686035156
9000000.00002187,-67.2867279052734
9000000.00002187,-67.4470596313477
9000000.00002188,-67.623649597168
9000000.00002189,-67.8200836181641
9000000.00002189,-68.0399551391602
9000000.0000219,-68.2868423461914
9000000.0000219,-68.5643310546875
9000000.0000219,-68.8760070800781
9000000.00002191,-69.2254638671875
9000000.00002192,-69.6162719726563
9000000.00002192,-70.0520324707031
9000000.00002193,-70.5363235473633
9000000.00002193,-71.1205139160156
9000000.00002193,-71.8352966308594
9000000.00002194,-72.6532745361328
9000000.00002195,-73.5470199584961
9000000.00002195,-74.4891357421875
9000000.00002196,-75.4522018432617
9000000.00002196,-76.4088134765625
9000000.00002197,-77.33154296875
9000000.00002197,-78.193000793457
9000000.00002198,-78.9657592773438
9000000.00002198,-79.6224136352539
9000000.00002198,-80.1355438232422
9000000.00002199,-80.4777526855469
9000000.000022,-80.6297378540039
9000000.000022,-80.6132125854492
9000000.00002201,-80.4509201049805
9000000.00002201,-80.1645202636719
9000000.00002201,-79.775634765625
9000000.00002202,-79.305908203125
9000000.00002203,-78.776985168457
9000000.00002203,-78.2104949951172
9000000.00002204,-77.6280822753906
9000000.00002204,-77.0513916015625
9000000.00002204,-76.5020523071289
9000000.00002205,-76.001708984375
9000000.00002206,-75.5720062255859
9000000.00002206,-75.2292175292969
9000000.00002206,-74.9188842773438
9000000.00002207,-74.620719909668
9000000.00002208,-74.3341979980469
9000000.00002208,-74.0587921142578
9000000.00002209,-73.7939605712891
9000000.00002209,-73.539192199707
9000000.00002209,-73.2939453125
9000000.0000221,-73.0577011108398
9000000.00002211,-72.8299255371094
9000000.00002211,-72.6100921630859
9000000.00002212,-72.3976745605469
9000000.00002212,-72.1921463012695
9000000.00002212,-71.9929656982422
9000000.00002213,-71.8016815185547
9000000.00002214,-71.6199111938477
9000000.00002214,-71.4472732543945
9000000.00002215,-71.2833709716797
9000000.00002215,-71.127815246582
9000000.00002216,-70.980224609375
9000000.00002216,-70.840202331543
9000000.00002217,-70.7073669433594
9000000.00002217,-70.5813293457031
9000000.00002217,-70.4616928100586
9000000.00002218,-70.3480758666992
9000000.00002219,-70.2400817871094
9000000.00002219,-70.137336730957
9000000.0000222,-70.0376281738281
9000000.0000222,-69.9359741210938
9000000.0000222,-69.834228515625
9000000.00002221,-69.734748840332
9000000.00002222,-69.6398773193359
9000000.00002222,-69.5519866943359
9000000.00002223,-69.4734191894531
9000000.00002223,-69.4065399169922
9000000.00002223,-69.3536911010742
9000000.00002224,-69.3172378540039
9000000.00002225,-69.2995376586914
9000000.00002225,-69.3029327392578
9000000.00002225,-69.3297958374023
9000000.00002226,-69.3828430175781
9000000.00002227,-69.4674987792969
9000000.00002227,-69.5816955566406
9000000.00002228,-69.7213745117188
9000000.00002228,-69.8824844360352
9000000.00002228,-70.0609512329102
9000000.00002229,-70.2527389526367
9000000.0000223,-70.4537658691406
9000000.0000223,-70.6599960327148
9000000.00002231,-70.8673553466797
9000000.00002231,-71.0717926025391
9000000.00002231,-71.2692413330078
9000000.00002232,-71.4556579589844
9000000.00002233,-71.6269683837891
9000000.00002233,-71.799690246582
9000000.00002234,-71.9895095825195
9000000.00002234,-72.1911392211914
9000000.00002235,-72.399284362793
9000000.00002235,-72.6086654663086
9000000.00002236,-72.8139801025391
9000000.00002236,-73.0099563598633
9000000.00002236,-73.191291809082
9000000.00002237,-73.3526992797852
9000000.00002238,-73.488899230957
9000000.00002238,-73.5945892333984
9000000.00002239,-73.6644897460938
9000000.00002239,-73.6933135986328
9000000.00002239,-73.6784439086914
9000000.0000224,-73.6271591186523
9000000.00002241,-73.5429458618164
9000000.00002241,-73.4288024902344
9000000.00002242,-73.287712097168
9000000.00002242,-73.1226577758789
9000000.00002242,-72.9366226196289
9000000.00002243,-72.7326049804688
9000000.00002244,-72.5135726928711
9000000.00002244,-72.2825241088867
9000000.00002244,-72.0424423217773
9000000.00002245,-71.7963104248047
9000000.00002246,-71.547119140625
9000000.00002246,-71.2959213256836
9000000.00002247,-71.0211486816406
9000000.00002247,-70.7198181152344
9000000.00002247,-70.3968200683594
9000000.00002248,-70.0570449829102
9000000.00002249,-69.7053604125977
9000000.00002249,-69.3466720581055
9000000.0000225,-68.9858474731445
9000000.0000225,-68.6277847290039
9000000.0000225,-68.2773590087891
9000000.00002251,-67.9394607543945
9000000.00002252,-67.6189804077148
9000000.00002252,-67.3207855224609
9000000.00002253,-67.0497817993164
9000000.00002253,-66.7941665649414
9000000.00002254,-66.5405197143555
9000000.00002254,-66.2912673950195
9000000.00002255,-66.0488586425781
9000000.00002255,-65.8157196044922
9000000.00002255,-65.5942840576172
9000000.00002256,-65.3870010375977
9000000.00002257,-65.1962966918945
9000000.00002257,-65.0246124267578
9000000.00002258,-64.8743743896484
9000000.00002258,-64.7480316162109
9000000.00002258,-64.6480178833008
9000000.00002259,-64.5767593383789
9000000.0000226,-64.5316696166992
9000000.0000226,-64.4989624023438
9000000.00002261,-64.4800338745117
9000000.00002261,-64.4775466918945
9000000.00002261,-64.4941787719727
9000000.00002262,-64.5325775146484
9000000.00002263,-64.5954208374023
9000000.00002263,-64.6853637695313
9000000.00002263,-64.8050765991211
9000000.00002264,-64.9572296142578
9000000.00002265,-65.1444778442383
9000000.00002265,-65.3694915771484
9000000.00002266,-65.6349334716797
9000000.00002266,-65.9447860717773
9000000.00002266,-66.3156585693359
9000000.00002267,-66.7453460693359
9000000.00002268,-67.2255630493164
9000000.00002268,-67.7480239868164
9000000.00002269,-68.3044281005859
9000000.00002269,-68.8864898681641
9000000.00002269,-69.4859161376953
9000000.0000227,-70.0944213867188
9000000.00002271,-70.7037124633789
9000000.00002271,-71.3054962158203
9000000.00002272,-71.891487121582
9000000.00002272,-72.4533996582031
9000000.00002273,-72.9829254150391
9000000.00002273,-73.5169525146484
9000000.00002274,-74.0896606445313
9000000.00002274,-74.6887054443359
9000000.00002274,-75.3017501831055
9000000.00002275,-75.9164581298828
9000000.00002276,-76.5204925537109
9000000.00002276,-77.1015167236328
9000000.00002277,-77.6471939086914
9000000.00002277,-78.1451797485352
9000000.00002277,-78.5831451416016
9000000.00002278,-78.9487457275391
9000000.00002279,-79.2296447753906
9000000.00002279,-79.4135131835938
9000000.0000228,-79.4921188354492
9000000.0000228,-79.4765014648438
9000000.0000228,-79.3765487670898
9000000.00002281,-79.2014923095703
9000000.00002282,-78.9605941772461
9000000.00002282,-78.6630935668945
9000000.00002282,-78.318244934082
9000000.00002283,-77.9352951049805
9000000.00002284,-77.5234909057617
9000000.00002284,-77.0920867919922
9000000.00002285,-76.6503219604492
9000000.00002285,-76.2074584960938
9000000.00002285,-75.7727279663086
9000000.00002286,-75.35107421875
9000000.00002287,-74.8953399658203
9000000.00002287,-74.3965454101563
9000000.00002288,-73.8628845214844
9000000.00002288,-73.3025588989258
9000000.00002288,-72.7237777709961
9000000.00002289,-72.1347351074219
9000000.0000229,-71.5436325073242
9000000.0000229,-70.9586791992188
9000000.0000229,-70.388069152832
9000000.00002291,-69.8400039672852
9000000.00002292,-69.3226852416992
9000000.00002292,-68.8443145751953
9000000.00002293,-68.4130935668945
9000000.00002293,-68.0162734985352
9000000.00002293,-67.6360855102539
9000000.00002294,-67.2731857299805
9000000.00002295,-66.9282302856445
9000000.00002295,-66.6018829345703
9000000.00002296,-66.294807434082
9000000.00002296,-66.0076599121094
9000000.00002296,-65.7410888671875
9000000.00002297,-65.4957733154297
9000000.00002298,-65.2723541259766
9000000.00002298,-65.0715103149414
9000000.00002299,-64.8938827514648
9000000.00002299,-64.7401351928711
9000000.00002299,-64.6102142333984
9000000.000023,-64.5021133422852
9000000.00002301,-64.4157257080078
9000000.00002301,-64.3510818481445
9000000.00002301,-64.3082427978516
9000000.00002302,-64.287239074707
9000000.00002303,-64.2881240844727
9000000.00002303,-64.3109436035156
9000000.00002304,-64.3557357788086
9000000.00002304,-64.4225616455078
9000000.00002304,-64.5114517211914
9000000.00002305,-64.6224517822266
9000000.00002306,-64.7556228637695
9000000.00002306,-64.9084014892578
9000000.00002307,-65.0503005981445
9000000.00002307,-65.1808853149414
9000000.00002307,-65.3108673095703
9000000.00002308,-65.4509735107422
9000000.00002309,-65.6119155883789
9000000.00002309,-65.8044281005859
9000000.00002309,-66.0392303466797
9000000.0000231,-66.3270263671875
9000000.00002311,-66.6785583496094
9000000.00002311,-67.1045379638672
9000000.00002312,-67.6156845092773
9000000.00002312,-68.2227172851563
9000000.00002312,-68.9363632202148
9000000.00002313,-69.8447341918945
9000000.00002314,-70.9953918457031
9000000.00002314,-72.3382263183594
9000000.00002315,-73.8231201171875
9000000.00002315,-75.3999710083008
9000000.00002315,-77.0186614990234
9000000.00002316,-78.6290893554688
9000000.00002317,-80.1811447143555
9000000.00002317,-81.6247024536133
9000000.00002318,-82.9096755981445
9000000.00002318,-83.9859313964844
9000000.00002319,-84.8033752441406
9000000.00002319,-85.311897277832
9000000.0000232,-85.4770202636719
9000000.0000232,-85.3406372070313
9000000.0000232,-84.9437026977539
9000000.00002321,-84.3249282836914
9000000.00002322,-83.5230255126953
9000000.00002322,-82.5766906738281
9000000.00002323,-81.5246353149414
9000000.00002323,-80.4055633544922
9000000.00002323,-79.2581787109375
9000000.00002324,-78.1211929321289
9000000.00002325,-77.0333023071289
9000000.00002325,-76.0332183837891
9000000.00002326,-75.1596527099609
9000000.00002326,-74.4412307739258
9000000.00002326,-73.7746505737305
9000000.00002327,-73.1235656738281
9000000.00002328,-72.4890975952148
9000000.00002328,-71.8723678588867
9000000.00002328,-71.2745132446289
9000000.00002329,-70.6966552734375
9000000.0000233,-70.1399154663086
9000000.0000233,-69.6054382324219
9000000.00002331,-69.0943374633789
9000000.00002331,-68.6077423095703
9000000.00002331,-68.1467819213867
9000000.00002332,-67.7125854492188
9000000.00002333,-67.3062744140625
9000000.00002333,-66.9270248413086
9000000.00002334,-66.572998046875
9000000.00002334,-66.2438507080078
9000000.00002334,-65.9392166137695
9000000.00002335,-65.6587524414063
9000000.00002336,-65.402099609375
9000000.00002336,-65.1688919067383
9000000.00002337,-64.9587860107422
9000000.00002337,-64.7714309692383
9000000.00002338,-64.6064529418945
9000000.00002338,-64.463508605957
9000000.00002339,-64.3422470092773
9000000.00002339,-64.242301940918
9000000.00002339,-64.1635894775391
9000000.0000234,-64.106803894043
9000000.00002341,-64.072135925293
9000000.00002341,-64.0596923828125
9000000.00002342,-64.0695877075195
9000000.00002342,-64.1019287109375
9000000.00002342,-64.1568450927734
9000000.00002343,-64.2344360351563
9000000.00002344,-64.3348236083984
9000000.00002344,-64.4581298828125
9000000.00002345,-64.6044540405273
9000000.00002345,-64.7739105224609
9000000.00002345,-64.9666290283203
9000000.00002346,-65.1835708618164
9000000.00002347,-65.4349212646484
9000000.00002347,-65.720703125
9000000.00002347,-66.0372161865234
9000000.00002348,-66.3807754516602
9000000.00002349,-66.7476806640625
9000000.00002349,-67.1342391967773
9000000.0000235,-67.536750793457
9000000.0000235,-67.9515228271484
9000000.0000235,-68.3748550415039
9000000.00002351,-68.8030624389648
9000000.00002352,-69.2324371337891
9000000.00002352,-69.659294128418
9000000.00002353,-70.0799255371094
9000000.00002353,-70.5302352905273
9000000.00002353,-71.0385818481445
9000000.00002354,-71.5900192260742
9000000.00002355,-72.1695709228516
9000000.00002355,-72.7622909545898
9000000.00002356,-73.3532104492188
9000000.00002356,-73.927360534668
9000000.00002357,-74.4697875976563
9000000.00002357,-74.9655380249023
9000000.00002358,-75.3996353149414
9000000.00002358,-75.7571258544922
9000000.00002358,-76.0230407714844
9000000.00002359,-76.1824264526367
9000000.0000236,-76.2233276367188
9000000.0000236,-76.1536560058594
9000000.00002361,-75.9869613647461
9000000.00002361,-75.7365798950195
9000000.00002361,-75.4158477783203
9000000.00002362,-75.0380935668945
9000000.00002363,-74.6166458129883
9000000.00002363,-74.1648406982422
9000000.00002364,-73.6960144042969
9000000.00002364,-73.2234878540039
9000000.00002364,-72.7605972290039
9000000.00002365,-72.3206787109375
9000000.00002366,-71.9170684814453
9000000.00002366,-71.5588836669922
9000000.00002366,-71.2019882202148
9000000.00002367,-70.8337249755859
9000000.00002368,-70.4575271606445
9000000.00002368,-70.0767974853516
9000000.00002369,-69.694953918457
9000000.00002369,-69.3154220581055
9000000.00002369,-68.9416046142578
9000000.0000237,-68.5769271850586
9000000.00002371,-68.2247924804688
9000000.00002371,-67.8886337280273
9000000.00002372,-67.5718536376953
9000000.00002372,-67.2778701782227
9000000.00002372,-67.0101013183594
9000000.00002373,-66.7618865966797
9000000.00002374,-66.5249252319336
9000000.00002374,-66.3001327514648
9000000.00002375,-66.0884552001953
9000000.00002375,-65.8908081054688
9000000.00002376,-65.7081298828125
9000000.00002376,-65.5413436889648
9000000.00002377,-65.3913803100586
9000000.00002377,-65.2591705322266
9000000.00002377,-65.145637512207
9000000.00002378,-65.0517196655273
9000000.00002379,-64.9783401489258
9000000.00002379,-64.9264297485352
9000000.0000238,-64.8971786499023
9000000.0000238,-64.8913269042969
9000000.0000238,-64.9076766967773
9000000.00002381,-64.9449157714844
9000000.00002382,-65.0017547607422
9000000.00002382,-65.0768814086914
9000000.00002383,-65.1689910888672
9000000.00002383,-65.2767791748047
9000000.00002383,-65.3989486694336
9000000.00002384,-65.5341873168945
9000000.00002385,-65.6811904907227
9000000.00002385,-65.8386611938477
9000000.00002385,-66.0052947998047
9000000.00002386,-66.1814498901367
9000000.00002387,-66.3862991333008
9000000.00002387,-66.6212615966797
9000000.00002388,-66.8807754516602
9000000.00002388,-67.1592636108398
9000000.00002388,-67.4511566162109
9000000.00002389,-67.7508697509766
9000000.0000239,-68.052848815918
9000000.0000239,-68.3515014648438
9000000.00002391,-68.6412734985352
9000000.00002391,-68.9165802001953
9000000.00002391,-69.1718597412109
9000000.00002392,-69.4015274047852
9000000.00002393,-69.6000137329102
9000000.00002393,-69.776611328125
9000000.00002394,-69.9438247680664
9000000.00002394,-70.1008911132813
9000000.00002395,-70.2470626831055
9000000.00002395,-70.3815765380859
9000000.00002396,-70.5037002563477
9000000.00002396,-70.6126556396484
9000000.00002396,-70.7077102661133
9000000.00002397,-70.7881011962891
9000000.00002398,-70.8530654907227
9000000.00002398,-70.9018707275391
9000000.00002399,-70.9337463378906
9000000.00002399,-70.9479446411133
9000000.00002399,-70.9416732788086
9000000.000024,-70.9092864990234
9000000.00002401,-70.8532104492188
9000000.00002401,-70.7764511108398
9000000.00002402,-70.6820220947266
9000000.00002402,-70.5729217529297
9000000.00002402,-70.4521713256836
9000000.00002403,-70.3227691650391
9000000.00002404,-70.1877288818359
9000000.00002404,-70.0500564575195
9000000.00002404,-69.9127578735352
9000000.00002405,-69.7788467407227
9000000.00002406,-69.6513290405273
9000000.00002406,-69.5319137573242
9000000.00002407,-69.4065856933594
9000000.00002407,-69.2724304199219
9000000.00002407,-69.1316604614258
9000000.00002408,-68.9864807128906
9000000.00002409,-68.8390884399414
9000000.00002409,-68.6916961669922
9000000.0000241,-68.546501159668
9000000.0000241,-68.4057083129883
9000000.0000241,-68.2715301513672
9000000.00002411,-68.1461639404297
9000000.00002412,-68.0318145751953
9000000.00002412,-67.9306869506836
9000000.00002413,-67.8449859619141
9000000.00002413,-67.772087097168
9000000.00002414,-67.7077407836914
9000000.00002414,-67.651741027832
9000000.00002415,-67.6038818359375
9000000.00002415,-67.5639572143555
9000000.00002415,-67.53173828125
9000000.00002416,-67.5070343017578
9000000.00002417,-67.4896240234375
9000000.00002417,-67.4793014526367
9000000.00002418,-67.4758529663086
9000000.00002418,-67.4790725708008
9000000.00002418,-67.4887466430664
9000000.00002419,-67.5046691894531
9000000.0000242,-67.5261383056641
9000000.0000242,-67.5518112182617
9000000.00002421,-67.5822982788086
9000000.00002421,-67.6183471679688
9000000.00002421,-67.6607131958008
9000000.00002422,-67.7101516723633
9000000.00002423,-67.7674026489258
9000000.00002423,-67.8332214355469
9000000.00002423,-67.9083633422852
9000000.00002424,-67.9935684204102
9000000.00002425,-68.089599609375
9000000.00002425,-68.1971893310547
9000000.00002426,-68.3171081542969
9000000.00002426,-68.4506912231445
9000000.00002426,-68.6051330566406
9000000.00002427,-68.7798690795898
9000000.00002428,-68.9716567993164
9000000.00002428,-69.1772766113281
9000000.00002429,-69.3934860229492
9000000.00002429,-69.617057800293
9000000.00002429,-69.8447647094727
9000000.0000243,-70.0733795166016
9000000.00002431,-70.2996597290039
9000000.00002431,-70.520393371582
9000000.00002432,-70.7323303222656
9000000.00002432,-70.9322509765625
9000000.00002433,-71.1169204711914
9000000.00002433,-71.3007278442383
9000000.00002434,-71.4969863891602
9000000.00002434,-71.7008819580078
9000000.00002434,-71.9076156616211
9000000.00002435,-72.1123657226563
9000000.00002436,-72.3103179931641
9000000.00002436,-72.4966583251953
9000000.00002437,-72.6665878295898
9000000.00002437,-72.8152770996094
9000000.00002437,-72.9379196166992
9000000.00002438,-73.0297088623047
9000000.00002439,-73.085823059082
9000000.00002439,-73.1014556884766
9000000.0000244,-73.0733871459961
9000000.0000244,-73.0058898925781
9000000.0000244,-72.9028244018555
9000000.00002441,-72.7678146362305
9000000.00002442,-72.6044692993164
9000000.00002442,-72.4164276123047
9000000.00002442,-72.2072906494141
9000000.00002443,-71.9806976318359
9000000.00002444,-71.7402496337891
9000000.00002444,-71.4895782470703
9000000.00002445,-71.2322998046875
9000000.00002445,-70.972038269043
9000000.00002445,-70.7124099731445
9000000.00002446,-70.4550704956055
9000000.00002447,-70.1782455444336
9000000.00002447,-69.8783950805664
9000000.00002448,-69.5598754882813
9000000.00002448,-69.2270736694336
9000000.00002448,-68.8843612670898
9000000.00002449,-68.5361175537109
9000000.0000245,-68.1867218017578
9000000.0000245,-67.8405532836914
9000000.00002451,-67.5019760131836
9000000.00002451,-67.1753692626953
9000000.00002452,-66.865119934082
9000000.00002452,-66.5755920410156
9000000.00002453,-66.3111724853516
9000000.00002453,-66.0615768432617
9000000.00002453,-65.8149719238281
9000000.00002454,-65.5734100341797
9000000.00002455,-65.3389205932617
9000000.00002455,-65.1135559082031
9000000.00002456,-64.8993530273438
9000000.00002456,-64.698356628418
9000000.00002456,-64.5126113891602
9000000.00002457,-64.3441619873047
9000000.00002458,-64.1950378417969
9000000.00002458,-64.0672912597656
9000000.00002459,-63.9629707336426
9000000.00002459,-63.8841094970703
9000000.0000246,-63.8283157348633
9000000.0000246,-63.7833976745605
9000000.00002461,-63.7507133483887
9000000.00002461,-63.732738494873
9000000.00002461,-63.7319488525391
9000000.00002462,-63.7508125305176
9000000.00002463,-63.7918090820313
9000000.00002463,-63.8574142456055
9000000.00002464,-63.9500961303711
9000000.00002464,-64.0723342895508
9000000.00002464,-64.2266006469727
9000000.00002465,-64.4153671264648
9000000.00002466,-64.64111328125
9000000.00002466,-64.9076156616211
9000000.00002467,-65.2312774658203
9000000.00002467,-65.6100769042969
9000000.00002467,-66.0359573364258
9000000.00002468,-66.5008850097656
9000000.00002469,-66.9968032836914
9000000.00002469,-67.5156784057617
9000000.00002469,-68.0494613647461
9000000.0000247,-68.5901107788086
9000000.00002471,-69.1295776367188
9000000.00002471,-69.6598129272461
9000000.00002472,-70.1727828979492
9000000.00002472,-70.6604309082031
9000000.00002472,-71.1147155761719
9000000.00002473,-71.5724716186523
9000000.00002474,-72.0675659179688
9000000.00002474,-72.587516784668
9000000.00002475,-73.1198501586914
9000000.00002475,-73.6520690917969
9000000.00002475,-74.1717071533203
9000000.00002476,-74.6662826538086
9000000.00002477,-75.1233062744141
9000000.00002477,-75.5303039550781
9000000.00002478,-75.8748016357422
9000000.00002478,-76.1443023681641
9000000.00002479,-76.3263320922852
9000000.00002479,-76.4084167480469
9000000.0000248,-76.376708984375
9000000.0000248,-76.2271881103516
9000000.0000248,-75.9742202758789
9000000.00002481,-75.6330413818359
9000000.00002482,-75.2189025878906
9000000.00002482,-74.7470245361328
9000000.00002483,-74.2326431274414
9000000.00002483,-73.6909942626953
9000000.00002483,-73.1373138427734
9000000.00002484,-72.5868453979492
9000000.00002485,-72.0548095703125
9000000.00002485,-71.5564498901367
9000000.00002486,-71.1069946289063
9000000.00002486,-70.7174301147461
9000000.00002486,-70.3435745239258
9000000.00002487,-69.9710845947266
9000000.00002488,-69.6016387939453
9000000.00002488,-69.2369155883789
9000000.00002488,-68.8785858154297
9000000.00002489,-68.5283508300781
9000000.0000249,-68.187873840332
9000000.0000249,-67.8588409423828
9000000.00002491,-67.5429382324219
9000000.00002491,-67.2418365478516
9000000.00002491,-66.9572296142578
9000000.00002492,-66.690788269043
9000000.00002493,-66.4441986083984
9000000.00002493,-66.2134857177734
9000000.00002494,-65.9941024780273
9000000.00002494,-65.7868270874023
9000000.00002494,-65.5924758911133
9000000.00002495,-65.4118270874023
9000000.00002496,-65.2456741333008
9000000.00002496,-65.0948257446289
9000000.00002497,-64.9600601196289
9000000.00002497,-64.8421783447266
9000000.00002498,-64.7419815063477
9000000.00002498,-64.6602554321289
9000000.00002499,-64.5977935791016
9000000.00002499,-64.5553894042969
9000000.00002499,-64.5320358276367
9000000.000025,-64.5227355957031
9000000.00002501,-64.5280990600586
9000000.00002501,-64.5491714477539
9000000.00002502,-64.5870132446289
9000000.00002502,-64.6426849365234
9000000.00002502,-64.7172317504883
9000000.00002503,-64.8117218017578
9000000.00002504,-64.9271926879883
9000000.00002504,-65.0647201538086
9000000.00002505,-65.2253494262695
9000000.00002505,-65.4101333618164
9000000.00002505,-65.6201400756836
9000000.00002506,-65.8573913574219
9000000.00002507,-66.1338806152344
9000000.00002507,-66.4487991333008
9000000.00002507,-66.7969589233398
9000000.00002508,-67.1731719970703
9000000.00002509,-67.5722427368164
9000000.00002509,-67.9889831542969
9000000.0000251,-68.4181976318359
9000000.0000251,-68.8546981811523
9000000.0000251,-69.2932891845703
9000000.00002511,-69.7287902832031
9000000.00002512,-70.1559982299805
9000000.00002512,-70.5697326660156
9000000.00002513,-70.9647903442383
9000000.00002513,-71.374885559082
9000000.00002513,-71.8285827636719
9000000.00002514,-72.31298828125
9000000.00002515,-72.8152313232422
9000000.00002515,-73.3224029541016
9000000.00002516,-73.8216323852539
9000000.00002516,-74.3000183105469
9000000.00002517,-74.7446823120117
9000000.00002517,-75.1427307128906
9000000.00002518,-75.4812774658203
9000000.00002518,-75.747428894043
9000000.00002518,-75.9283065795898
9000000.00002519,-76.0110092163086
9000000.0000252,-75.9830551147461
9000000.0000252,-75.8451690673828
9000000.00002521,-75.6107940673828
9000000.00002521,-75.2937622070313
9000000.00002521,-74.9078979492188
9000000.00002522,-74.467041015625
9000000.00002523,-73.9850158691406
9000000.00002523,-73.4756546020508
9000000.00002524,-72.9527893066406
9000000.00002524,-72.4302597045898
9000000.00002524,-71.9218826293945
9000000.00002525,-71.4415054321289
9000000.00002526,-71.0029449462891
9000000.00002526,-70.6159210205078
9000000.00002526,-70.2374420166016
9000000.00002527,-69.8544311523438
9000000.00002528,-69.4694366455078
9000000.00002528,-69.0850067138672
9000000.00002529,-68.7037048339844
9000000.00002529,-68.3280639648438
9000000.00002529,-67.9606475830078
9000000.0000253,-67.6039962768555
9000000.00002531,-67.2606735229492
9000000.00002531,-66.933219909668
9000000.00002532,-66.6241836547852
9000000.00002532,-66.3361206054688
9000000.00002532,-66.0715866088867
9000000.00002533,-65.8257217407227
9000000.00002534,-65.592414855957
9000000.00002534,-65.3722915649414
9000000.00002535,-65.1659927368164
9000000.00002535,-64.9741439819336
9000000.00002536,-64.7973861694336
9000000.00002536,-64.636360168457
9000000.00002537,-64.4916839599609
9000000.00002537,-64.3640060424805
9000000.00002537,-64.2539596557617
9000000.00002538,-64.1621704101563
9000000.00002539,-64.0892791748047
9000000.00002539,-64.0359191894531
9000000.0000254,-64.0024490356445
9000000.0000254,-63.9881172180176
9000000.0000254,-63.9924736022949
9000000.00002541,-64.0151062011719
9000000.00002542,-64.0556182861328
9000000.00002542,-64.1135940551758
9000000.00002543,-64.1886291503906
9000000.00002543,-64.2803192138672
9000000.00002543,-64.3882598876953
9000000.00002544,-64.5120391845703
9000000.00002545,-64.651252746582
9000000.00002545,-64.8054962158203
9000000.00002545,-64.9743576049805
9000000.00002546,-65.1583938598633
9000000.00002547,-65.3687896728516
9000000.00002547,-65.6060409545898
9000000.00002548,-65.866584777832
9000000.00002548,-66.146842956543
9000000.00002548,-66.4432525634766
9000000.00002549,-66.7522430419922
9000000.0000255,-67.0702285766602
9000000.0000255,-67.3936538696289
9000000.00002551,-67.7189331054688
9000000.00002551,-68.0425109863281
9000000.00002551,-68.3607940673828
9000000.00002552,-68.6702270507813
9000000.00002553,-68.9672317504883
9000000.00002553,-69.2616729736328
9000000.00002554,-69.5641937255859
9000000.00002554,-69.8724212646484
9000000.00002555,-70.1839599609375
9000000.00002555,-70.4964370727539
9000000.00002556,-70.8074645996094
9000000.00002556,-71.1146621704102
9000000.00002556,-71.4156494140625
9000000.00002557,-71.7080383300781
9000000.00002558,-71.9894409179688
9000000.00002558,-72.2574844360352
9000000.00002559,-72.5097808837891
9000000.00002559,-72.7439498901367
9000000.00002559,-72.9628143310547
9000000.0000256,-73.1806488037109
9000000.00002561,-73.395866394043
9000000.00002561,-73.6055450439453
9000000.00002562,-73.8067779541016
9000000.00002562,-73.9966430664063
9000000.00002562,-74.1722412109375
9000000.00002563,-74.3306427001953
9000000.00002564,-74.4689407348633
9000000.00002564,-74.584228515625
9000000.00002564,-74.673583984375
9000000.00002565,-74.7340927124023
9000000.00002566,-74.7628479003906
9000000.00002566,-74.7566909790039
9000000.00002567,-74.7114791870117
9000000.00002567,-74.6298065185547
9000000.00002567,-74.5157928466797
9000000.00002568,-74.3735427856445
9000000.00002569,-74.2071685791016
9000000.00002569,-74.0207901000977
9000000.0000257,-73.8185195922852
9000000.0000257,-73.6044692993164
9000000.0000257,-73.3827514648438
9000000.00002571,-73.1574935913086
9000000.00002572,-72.9327926635742
9000000.00002572,-72.7127685546875
9000000.00002573,-72.5015411376953
9000000.00002573,-72.2847213745117
9000000.00002574,-72.0480041503906
9000000.00002574,-71.7955932617188
9000000.00002575,-71.5317077636719
9000000.00002575,-71.2605743408203
9000000.00002575,-70.9864044189453
9000000.00002576,-70.7134170532227
9000000.00002577,-70.4458312988281
9000000.00002577,-70.187858581543
9000000.00002578,-69.9437255859375
9000000.00002578,-69.7176361083984
9000000.00002578,-69.5138168334961
9000000.00002579,-69.3364868164063
9000000.0000258,-69.1835098266602
9000000.0000258,-69.0375061035156
9000000.00002581,-68.8990173339844
9000000.00002581,-68.7701644897461
9000000.00002581,-68.6530303955078
9000000.00002582,-68.5497360229492
9000000.00002583,-68.4623794555664
9000000.00002583,-68.3930587768555
9000000.00002583,-68.343879699707
9000000.00002584,-68.3169403076172
9000000.00002585,-68.3143539428711
9000000.00002585,-68.3382186889648
9000000.00002586,-68.3906402587891
9000000.00002586,-68.4723739624023
9000000.00002586,-68.5684051513672
9000000.00002587,-68.676643371582
9000000.00002588,-68.8004684448242
9000000.00002588,-68.943244934082
9000000.00002589,-69.1083679199219
9000000.00002589,-69.2991943359375
9000000.00002589,-69.5191192626953
9000000.0000259,-69.7715148925781
9000000.00002591,-70.0597534179688
9000000.00002591,-70.3872146606445
9000000.00002592,-70.7572860717773
9000000.00002592,-71.1733245849609
9000000.00002593,-71.6387252807617
9000000.00002593,-72.2107543945313
9000000.00002594,-72.9243392944336
9000000.00002594,-73.7493286132813
9000000.00002594,-74.6555862426758
9000000.00002595,-75.6129684448242
9000000.00002596,-76.5913162231445
9000000.00002596,-77.5605010986328
9000000.00002597,-78.4903793334961
9000000.00002597,-79.3507919311523
9000000.00002597,-80.1116027832031
9000000.00002598,-80.7426681518555
9000000.00002599,-81.2138442993164
9000000.00002599,-81.494987487793
9000000.000026,-81.5649642944336
9000000.000026,-81.4478530883789
9000000.000026,-81.1686248779297
9000000.00002601,-80.7509918212891
9000000.00002602,-80.2186660766602
9000000.00002602,-79.5953521728516
9000000.00002602,-78.9047698974609
9000000.00002603,-78.1706237792969
9000000.00002604,-77.416633605957
9000000.00002604,-76.66650390625
9000000.00002605,-75.9439468383789
9000000.00002605,-75.2726821899414
9000000.00002605,-74.6764068603516
9000000.00002606,-74.1722946166992
9000000.00002607,-73.6925201416016
9000000.00002607,-73.2147521972656
9000000.00002608,-72.7412796020508
9000000.00002608,-72.2743988037109
9000000.00002608,-71.8163909912109
9000000.00002609,-71.3695602416992
9000000.0000261,-70.9361801147461
9000000.0000261,-70.5185470581055
9000000.00002611,-70.1189498901367
9000000.00002611,-69.7396850585938
9000000.00002612,-69.3830337524414
9000000.00002612,-69.0512924194336
9000000.00002613,-68.7467498779297
9000000.00002613,-68.4696426391602
9000000.00002613,-68.2175598144531
9000000.00002614,-67.9888534545898
9000000.00002615,-67.7818603515625
9000000.00002615,-67.5949096679688
9000000.00002616,-67.4263458251953
9000000.00002616,-67.2745056152344
9000000.00002616,-67.1377334594727
9000000.00002617,-67.0143661499023
9000000.00002618,-66.9027404785156
9000000.00002618,-66.8011932373047
9000000.00002619,-66.7080688476563
9000000.00002619,-66.621696472168
9000000.0000262,-66.5419082641602
9000000.0000262,-66.4727478027344
9000000.00002621,-66.4148101806641
9000000.00002621,-66.3683471679688
9000000.00002621,-66.3336029052734
9000000.00002622,-66.3108520507813
9000000.00002623,-66.3003311157227
9000000.00002623,-66.3023071289063
9000000.00002624,-66.3170318603516
9000000.00002624,-66.3447570800781
9000000.00002624,-66.3857421875
9000000.00002625,-66.4402389526367
9000000.00002626,-66.5084991455078
9000000.00002626,-66.5897445678711
9000000.00002627,-66.6718292236328
9000000.00002627,-66.7543640136719
9000000.00002627,-66.8413925170898
9000000.00002628,-66.9369812011719
9000000.00002629,-67.0451812744141
9000000.00002629,-67.1700439453125
9000000.0000263,-67.3156127929688
9000000.0000263,-67.4859619140625
9000000.00002631,-67.6851272583008
9000000.00002631,-67.9171752929688
9000000.00002632,-68.1861572265625
9000000.00002632,-68.4961166381836
9000000.00002632,-68.8511123657227
9000000.00002633,-69.2819976806641
9000000.00002634,-69.8050765991211
9000000.00002634,-70.4026184082031
9000000.00002635,-71.0568542480469
9000000.00002635,-71.7500610351563
9000000.00002635,-72.464485168457
9000000.00002636,-73.1823806762695
9000000.00002637,-73.8860015869141
9000000.00002637,-74.5576019287109
9000000.00002638,-75.1794357299805
9000000.00002638,-75.733757019043
9000000.00002639,-76.2028274536133
9000000.00002639,-76.5688934326172
9000000.0000264,-76.8253860473633
9000000.0000264,-77.0026702880859
9000000.0000264,-77.1107559204102
9000000.00002641,-77.1573638916016
9000000.00002642,-77.1501846313477
9000000.00002642,-77.096923828125
9000000.00002643,-77.0052795410156
9000000.00002643,-76.8829650878906
9000000.00002643,-76.7376708984375
9000000.00002644,-76.5771102905273
9000000.00002645,-76.4089736938477
9000000.00002645,-76.2409820556641
9000000.00002646,-76.0808181762695
9000000.00002646,-75.933464050293
9000000.00002646,-75.7698211669922
9000000.00002647,-75.5825271606445
9000000.00002648,-75.3748321533203
9000000.00002648,-75.1499710083008
9000000.00002649,-74.9111938476563
9000000.00002649,-74.661735534668
9000000.0000265,-74.4048461914063
9000000.0000265,-74.1437606811523
9000000.00002651,-73.881721496582
9000000.00002651,-73.6219635009766
9000000.00002651,-73.3677444458008
9000000.00002652,-73.1222915649414
9000000.00002653,-72.8888549804688
9000000.00002653,-72.6614456176758
9000000.00002654,-72.4323959350586
9000000.00002654,-72.2024230957031
9000000.00002654,-71.9722671508789
9000000.00002655,-71.7426300048828
9000000.00002656,-71.5142440795898
9000000.00002656,-71.2878265380859
9000000.00002657,-71.0641021728516
9000000.00002657,-70.8437881469727
9000000.00002658,-70.6276168823242
9000000.00002658,-70.4162979125977
9000000.00002659,-70.210563659668
9000000.00002659,-70.0111236572266
9000000.00002659,-69.8155136108398
9000000.0000266,-69.6149368286133
9000000.00002661,-69.4111785888672
9000000.00002661,-69.2068328857422
9000000.00002662,-69.0045166015625
9000000.00002662,-68.8068313598633
9000000.00002662,-68.6163940429688
9000000.00002663,-68.4358062744141
9000000.00002664,-68.2676773071289
9000000.00002664,-68.114616394043
9000000.00002665,-67.9792327880859
9000000.00002665,-67.864128112793
9000000.00002665,-67.7719192504883
9000000.00002666,-67.7037734985352
9000000.00002667,-67.6437606811523
9000000.00002667,-67.5893249511719
9000000.00002667,-67.5436935424805
9000000.00002668,-67.5101165771484
9000000.00002669,-67.4918212890625
9000000.00002669,-67.492057800293
9000000.0000267,-67.5140533447266
9000000.0000267,-67.5610580444336
9000000.0000267,-67.6362991333008
9000000.00002671,-67.7430267333984
9000000.00002672,-67.8844680786133
9000000.00002672,-68.0638732910156
9000000.00002673,-68.2844772338867
9000000.00002673,-68.5722427368164
9000000.00002673,-68.9411010742188
9000000.00002674,-69.376220703125
9000000.00002675,-69.86279296875
9000000.00002675,-70.3859939575195
9000000.00002676,-70.9310073852539
9000000.00002676,-71.4830017089844
9000000.00002677,-72.0271682739258
9000000.00002677,-72.5486831665039
9000000.00002678,-73.0327224731445
9000000.00002678,-73.4644775390625
9000000.00002678,-73.8291091918945
9000000.00002679,-74.11181640625
9000000.0000268,-74.3101348876953
9000000.0000268,-74.4577560424805
9000000.00002681,-74.560661315918
9000000.00002681,-74.6220397949219
9000000.00002681,-74.6450958251953
9000000.00002682,-74.6330490112305
9000000.00002683,-74.5890808105469
9000000.00002683,-74.5164184570313
9000000.00002684,-74.4182510375977
9000000.00002684,-74.2977905273438
9000000.00002684,-74.1582336425781
9000000.00002685,-74.002799987793
9000000.00002686,-73.8346710205078
9000000.00002686,-73.6544723510742
9000000.00002686,-73.4328079223633
9000000.00002687,-73.1663970947266
9000000.00002688,-72.8626861572266
9000000.00002688,-72.5291290283203
9000000.00002689,-72.1731567382813
9000000.00002689,-71.8022155761719
9000000.00002689,-71.4237518310547
9000000.0000269,-71.0452117919922
9000000.00002691,-70.6740417480469
9000000.00002691,-70.3176727294922
9000000.00002692,-69.9835586547852
9000000.00002692,-69.6791458129883
9000000.00002692,-69.4118728637695
9000000.00002693,-69.1712799072266
9000000.00002694,-68.9419937133789
9000000.00002694,-68.7240600585938
9000000.00002695,-68.5175552368164
9000000.00002695,-68.3225173950195
9000000.00002696,-68.1390151977539
9000000.00002696,-67.9671020507813
9000000.00002697,-67.8068389892578
9000000.00002697,-67.6582794189453
9000000.00002697,-67.521484375
9000000.00002698,-67.3965148925781
9000000.00002699,-67.2834167480469
9000000.00002699,-67.182258605957
9000000.000027,-67.090705871582
9000000.000027,-67.0021743774414
9000000.000027,-66.9184951782227
9000000.00002701,-66.8421630859375
9000000.00002702,-66.7756500244141
9000000.00002702,-66.7214508056641
9000000.00002703,-66.6820373535156
9000000.00002703,-66.6599044799805
9000000.00002703,-66.6575317382813
9000000.00002704,-66.6774063110352
9000000.00002705,-66.7220001220703
9000000.00002705,-66.7938079833984
9000000.00002705,-66.8953094482422
9000000.00002706,-67.0272598266602
9000000.00002707,-67.1703414916992
9000000.00002707,-67.3220367431641
9000000.00002708,-67.4869155883789
9000000.00002708,-67.6695251464844
9000000.00002708,-67.8744277954102
9000000.00002709,-68.1061782836914
9000000.0000271,-68.3693161010742
9000000.0000271,-68.6684188842773
9000000.00002711,-69.0080261230469
9000000.00002711,-69.392692565918
9000000.00002711,-69.8269805908203
9000000.00002712,-70.3154449462891
9000000.00002713,-70.8626327514648
9000000.00002713,-71.5365905761719
9000000.00002714,-72.3782043457031
9000000.00002714,-73.3512802124023
9000000.00002715,-74.4196548461914
9000000.00002715,-75.5471496582031
9000000.00002716,-76.6975860595703
9000000.00002716,-77.8347854614258
9000000.00002716,-78.9225692749023
9000000.00002717,-79.9247665405273
9000000.00002718,-80.8051910400391
9000000.00002718,-81.5276641845703
9000000.00002719,-82.056022644043
9000000.00002719,-82.3540725708008
9000000.00002719,-82.3947296142578
9000000.0000272,-82.2020950317383
9000000.00002721,-81.8075256347656
9000000.00002721,-81.241325378418
9000000.00002722,-80.533805847168
9000000.00002722,-79.7152709960938
9000000.00002722,-78.8160247802734
9000000.00002723,-77.8663864135742
9000000.00002724,-76.8966522216797
9000000.00002724,-75.937141418457
9000000.00002724,-75.0181579589844
9000000.00002725,-74.1700134277344
9000000.00002726,-73.4230041503906
9000000.00002726,-72.7995910644531
9000000.00002727,-72.2192611694336
9000000.00002727,-71.6535263061523
9000000.00002727,-71.103157043457
9000000.00002728,-70.5689086914063
9000000.00002729,-70.0515213012695
9000000.00002729,-69.5517654418945
9000000.0000273,-69.0703811645508
9000000.0000273,-68.6081390380859
9000000.0000273,-68.165771484375
9000000.00002731,-67.7440567016602
9000000.00002732,-67.3437347412109
9000000.00002732,-66.9655609130859
9000000.00002733,-66.6102905273438
9000000.00002733,-66.2769241333008
9000000.00002734,-65.9639434814453
9000000.00002734,-65.6713256835938
9000000.00002735,-65.399040222168
9000000.00002735,-65.1470718383789
9000000.00002735,-64.915397644043
9000000.00002736,-64.7040023803711
9000000.00002737,-64.5128479003906
9000000.00002737,-64.341926574707
9000000.00002738,-64.1912002563477
9000000.00002738,-64.060661315918
9000000.00002738,-63.9502868652344
9000000.00002739,-63.8600463867188
9000000.0000274,-63.790470123291
9000000.0000274,-63.7430610656738
9000000.00002741,-63.7174186706543
9000000.00002741,-63.7129745483398
9000000.00002741,-63.7291717529297
9000000.00002742,-63.7654495239258
9000000.00002743,-63.8212547302246
9000000.00002743,-63.8960227966309
9000000.00002743,-63.9891967773438
9000000.00002744,-64.1002197265625
9000000.00002745,-64.2285308837891
9000000.00002745,-64.3735656738281
9000000.00002746,-64.5347747802734
9000000.00002746,-64.7130661010742
9000000.00002746,-64.9255599975586
9000000.00002747,-65.172981262207
9000000.00002748,-65.4498138427734
9000000.00002748,-65.7505035400391
9000000.00002749,-66.0695343017578
9000000.00002749,-66.4013748168945
9000000.00002749,-66.7404861450195
9000000.0000275,-67.0813446044922
9000000.00002751,-67.4184036254883
9000000.00002751,-67.7461471557617
9000000.00002752,-68.0590438842773
9000000.00002752,-68.3515472412109
9000000.00002753,-68.6181411743164
9000000.00002753,-68.872917175293
9000000.00002754,-69.131591796875
9000000.00002754,-69.3910369873047
9000000.00002754,-69.6481323242188
9000000.00002755,-69.8997573852539
9000000.00002756,-70.1427841186523
9000000.00002756,-70.3740844726563
9000000.00002757,-70.5905456542969
9000000.00002757,-70.7890319824219
9000000.00002757,-70.9664306640625
9000000.00002758,-71.1196136474609
9000000.00002759,-71.2454605102539
9000000.00002759,-71.3408432006836
9000000.0000276,-71.4022750854492
9000000.0000276,-71.4286346435547
9000000.00002761,-71.4235610961914
9000000.00002761,-71.3908996582031
9000000.00002762,-71.3345031738281
9000000.00002762,-71.2582168579102
9000000.00002762,-71.165885925293
9000000.00002763,-71.0613708496094
9000000.00002764,-70.9485092163086
9000000.00002764,-70.8311538696289
9000000.00002765,-70.7131576538086
9000000.00002765,-70.5983581542969
9000000.00002765,-70.4906234741211
9000000.00002766,-70.3924713134766
9000000.00002767,-70.2899627685547
9000000.00002767,-70.1794281005859
9000000.00002768,-70.0622863769531
9000000.00002768,-69.9399337768555
9000000.00002768,-69.8137893676758
9000000.00002769,-69.6852645874023
9000000.0000277,-69.5557632446289
9000000.0000277,-69.4266891479492
9000000.00002771,-69.2994613647461
9000000.00002771,-69.1754837036133
9000000.00002772,-69.0561676025391
9000000.00002772,-68.9429168701172
9000000.00002773,-68.8371505737305
9000000.00002773,-68.7375259399414
9000000.00002773,-68.6415557861328
9000000.00002774,-68.548957824707
9000000.00002775,-68.4594116210938
9000000.00002775,-68.3726348876953
9000000.00002776,-68.2883071899414
9000000.00002776,-68.2061386108398
9000000.00002776,-68.1258239746094
9000000.00002777,-68.0470657348633
9000000.00002778,-67.9695587158203
9000000.00002778,-67.8929977416992
9000000.00002779,-67.8170928955078
9000000.00002779,-67.7415313720703
9000000.0000278,-67.6641311645508
9000000.0000278,-67.5796508789063
9000000.00002781,-67.4899368286133
9000000.00002781,-67.397331237793
9000000.00002781,-67.3041915893555
9000000.00002782,-67.2128448486328
9000000.00002783,-67.1256637573242
9000000.00002783,-67.0449905395508
9000000.00002784,-66.9731750488281
9000000.00002784,-66.9125595092773
9000000.00002784,-66.8655014038086
9000000.00002785,-66.8343505859375
9000000.00002786,-66.8214569091797
9000000.00002786,-66.8285064697266
9000000.00002787,-66.8486862182617
9000000.00002787,-66.8797836303711
9000000.00002787,-66.9220657348633
9000000.00002788,-66.9757843017578
9000000.00002789,-67.0411987304688
9000000.00002789,-67.1185760498047
9000000.0000279,-67.2081756591797
9000000.0000279,-67.3102493286133
9000000.00002791,-67.4250717163086
9000000.00002791,-67.5528869628906
9000000.00002792,-67.6939697265625
9000000.00002792,-67.8485717773438
9000000.00002792,-68.016960144043
9000000.00002793,-68.2141342163086
9000000.00002794,-68.4499359130859
9000000.00002794,-68.7168960571289
9000000.00002795,-69.0075454711914
9000000.00002795,-69.3143997192383
9000000.00002795,-69.6299819946289
9000000.00002796,-69.9468231201172
9000000.00002797,-70.257453918457
9000000.00002797,-70.5543899536133
9000000.00002798,-70.8301620483398
9000000.00002798,-71.0772933959961
9000000.00002799,-71.2883071899414
9000000.00002799,-71.4557266235352
9000000.000028,-71.5791931152344
9000000.000028,-71.6780853271484
9000000.000028,-71.7547225952148
9000000.00002801,-71.8097991943359
9000000.00002802,-71.8440017700195
9000000.00002802,-71.8580169677734
9000000.00002803,-71.8525466918945
9000000.00002803,-71.8282775878906
9000000.00002803,-71.7858963012695
9000000.00002804,-71.7261047363281
9000000.00002805,-71.6495819091797
9000000.00002805,-71.5570220947266
9000000.00002806,-71.4491195678711
9000000.00002806,-71.3252410888672
9000000.00002806,-71.1700668334961
9000000.00002807,-70.9827575683594
9000000.00002808,-70.7681045532227
9000000.00002808,-70.530876159668
9000000.00002809,-70.2758560180664
9000000.00002809,-70.0078201293945
9000000.0000281,-69.7315368652344
9000000.0000281,-69.4517974853516
9000000.00002811,-69.1733703613281
9000000.00002811,-68.9010391235352
9000000.00002811,-68.6395721435547
9000000.00002812,-68.3937530517578
9000000.00002813,-68.1683578491211
9000000.00002813,-67.952995300293
9000000.00002814,-67.7352981567383
9000000.00002814,-67.5170974731445
9000000.00002814,-67.3002319335938
9000000.00002815,-67.0865173339844
9000000.00002816,-66.8777847290039
9000000.00002816,-66.6758728027344
9000000.00002817,-66.4825973510742
9000000.00002817,-66.2997894287109
9000000.00002818,-66.1292877197266
9000000.00002818,-65.9729080200195
9000000.00002819,-65.8324890136719
9000000.00002819,-65.7098541259766
9000000.00002819,-65.604377746582
9000000.0000282,-65.5093231201172
9000000.00002821,-65.424690246582
9000000.00002821,-65.3510971069336
9000000.00002822,-65.2891235351563
9000000.00002822,-65.239387512207
9000000.00002822,-65.2024765014648
9000000.00002823,-65.1789932250977
9000000.00002824,-65.1695404052734
9000000.00002824,-65.1747207641602
9000000.00002825,-65.1951293945313
9000000.00002825,-65.2313613891602
9000000.00002825,-65.2840270996094
9000000.00002826,-65.3534393310547
9000000.00002827,-65.4364776611328
9000000.00002827,-65.5325546264648
9000000.00002828,-65.6422348022461
9000000.00002828,-65.7660598754883
9000000.00002829,-65.9045791625977
9000000.00002829,-66.0583648681641
9000000.0000283,-66.2279510498047
9000000.0000283,-66.4138946533203
9000000.0000283,-66.6167526245117
9000000.00002831,-66.8370666503906
9000000.00002832,-67.0754013061523
9000000.00002832,-67.3323135375977
9000000.00002833,-67.6083374023438
9000000.00002833,-67.9210433959961
9000000.00002833,-68.2816696166992
9000000.00002834,-68.6813049316406
9000000.00002835,-69.1110382080078
9000000.00002835,-69.5619506835938
9000000.00002836,-70.0251312255859
9000000.00002836,-70.4916610717773
9000000.00002837,-70.9526290893555
9000000.00002837,-71.3991165161133
9000000.00002838,-71.8222122192383
9000000.00002838,-72.2129974365234
9000000.00002838,-72.5625610351563
9000000.00002839,-72.8619918823242
9000000.0000284,-73.1149597167969
9000000.0000284,-73.3559341430664
9000000.00002841,-73.5843963623047
9000000.00002841,-73.7967987060547
9000000.00002841,-73.9895629882813
9000000.00002842,-74.1591339111328
9000000.00002843,-74.3019561767578
9000000.00002843,-74.4144515991211
9000000.00002844,-74.4930648803711
9000000.00002844,-74.5342407226563
9000000.00002844,-74.5344085693359
9000000.00002845,-74.4900054931641
9000000.00002846,-74.3974685668945
9000000.00002846,-74.25146484375
9000000.00002846,-74.0296249389648
9000000.00002847,-73.7348861694336
9000000.00002848,-73.3783874511719
9000000.00002848,-72.9712753295898
9000000.00002849,-72.5246810913086
9000000.00002849,-72.0497665405273
9000000.00002849,-71.5576553344727
9000000.0000285,-71.0595016479492
9000000.00002851,-70.5664443969727
9000000.00002851,-70.0896301269531
9000000.00002852,-69.6401901245117
9000000.00002852,-69.2292709350586
9000000.00002852,-68.8680191040039
9000000.00002853,-68.5366363525391
9000000.00002854,-68.2093124389648
9000000.00002854,-67.8881454467773
9000000.00002855,-67.5752334594727
9000000.00002855,-67.2726669311523
9000000.00002856,-66.9825592041016
9000000.00002856,-66.7070007324219
9000000.00002857,-66.4480895996094
9000000.00002857,-66.2079315185547
9000000.00002857,-65.9886245727539
9000000.00002858,-65.7922592163086
9000000.00002859,-65.6209487915039
9000000.00002859,-65.4767837524414
9000000.0000286,-65.3597106933594
9000000.0000286,-65.2638320922852
9000000.0000286,-65.1886215209961
9000000.00002861,-65.1340713500977
9000000.00002862,-65.1001510620117
9000000.00002862,-65.0868377685547
9000000.00002863,-65.0941162109375
9000000.00002863,-65.1219711303711
9000000.00002863,-65.1703720092773
9000000.00002864,-65.2393035888672
9000000.00002865,-65.328742980957
9000000.00002865,-65.4386749267578
9000000.00002865,-65.5690765380859
9000000.00002866,-65.7210998535156
9000000.00002867,-65.9085693359375
9000000.00002867,-66.1316986083984
9000000.00002868,-66.385612487793
9000000.00002868,-66.6654586791992
9000000.00002868,-66.9663696289063
9000000.00002869,-67.2834777832031
9000000.0000287,-67.611930847168
9000000.0000287,-67.9468688964844
9000000.00002871,-68.2834167480469
9000000.00002871,-68.6167297363281
9000000.00002871,-68.9419326782227
9000000.00002872,-69.2541656494141
9000000.00002873,-69.5485687255859
9000000.00002873,-69.8432083129883
9000000.00002874,-70.1557159423828
9000000.00002874,-70.480598449707
9000000.00002875,-70.8123397827148
9000000.00002875,-71.1454467773438
9000000.00002876,-71.4744110107422
9000000.00002876,-71.7937316894531
9000000.00002876,-72.0979080200195
9000000.00002877,-72.3814392089844
9000000.00002878,-72.6388168334961
9000000.00002878,-72.8645401000977
9000000.00002879,-73.0531005859375
9000000.00002879,-73.1990127563477
9000000.00002879,-73.2988586425781
9000000.0000288,-73.3583145141602
9000000.00002881,-73.3815612792969
9000000.00002881,-73.372444152832
9000000.00002882,-73.3348083496094
9000000.00002882,-73.2724838256836
9000000.00002882,-73.1893081665039
9000000.00002883,-73.0891189575195
9000000.00002884,-72.9757690429688
9000000.00002884,-72.8530807495117
9000000.00002884,-72.7248992919922
9000000.00002885,-72.5950622558594
9000000.00002886,-72.467414855957
9000000.00002886,-72.3442230224609
9000000.00002887,-72.2086181640625
9000000.00002887,-72.0569000244141
9000000.00002887,-71.8915252685547
9000000.00002888,-71.7149505615234
9000000.00002889,-71.5296249389648
9000000.00002889,-71.3379974365234
9000000.0000289,-71.1425247192383
9000000.0000289,-70.9456558227539
9000000.0000289,-70.7498474121094
9000000.00002891,-70.5575561523438
9000000.00002892,-70.371223449707
9000000.00002892,-70.1933135986328
9000000.00002893,-70.0262756347656
9000000.00002893,-69.864616394043
9000000.00002894,-69.7018737792969
9000000.00002894,-69.5390777587891
9000000.00002895,-69.3772354125977
9000000.00002895,-69.2173614501953
9000000.00002895,-69.0604782104492
9000000.00002896,-68.9075927734375
9000000.00002897,-68.7597274780273
9000000.00002897,-68.6178970336914
9000000.00002898,-68.4831161499023
9000000.00002898,-68.3563995361328
9000000.00002898,-68.23876953125
9000000.00002899,-68.131233215332
9000000.000029,-68.0329971313477
9000000.000029,-67.9391021728516
9000000.00002901,-67.8499145507813
9000000.00002901,-67.766227722168
9000000.00002901,-67.688850402832
9000000.00002902,-67.6185836791992
9000000.00002903,-67.5562438964844
9000000.00002903,-67.5026321411133
9000000.00002903,-67.4585571289063
9000000.00002904,-67.4248123168945
9000000.00002905,-67.402214050293
9000000.00002905,-67.3915634155273
9000000.00002906,-67.393669128418
9000000.00002906,-67.4095687866211
9000000.00002906,-67.4423599243164
9000000.00002907,-67.4913558959961
9000000.00002908,-67.5547256469727
9000000.00002908,-67.6306457519531
9000000.00002909,-67.71728515625
9000000.00002909,-67.8128128051758
9000000.00002909,-67.915412902832
9000000.0000291,-68.0232391357422
9000000.00002911,-68.1344833374023
9000000.00002911,-68.2473068237305
9000000.00002912,-68.3598785400391
9000000.00002912,-68.4703826904297
9000000.00002913,-68.5769805908203
9000000.00002913,-68.6870422363281
9000000.00002914,-68.8075637817383
9000000.00002914,-68.9362182617188
9000000.00002914,-69.0706481933594
9000000.00002915,-69.2085189819336
9000000.00002916,-69.3474807739258
9000000.00002916,-69.4851837158203
9000000.00002917,-69.6192932128906
9000000.00002917,-69.7474517822266
9000000.00002917,-69.8673324584961
9000000.00002918,-69.9765701293945
9000000.00002919,-70.0728302001953
9000000.00002919,-70.1537704467773
9000000.0000292,-70.2183074951172
9000000.0000292,-70.2698669433594
9000000.00002921,-70.3099365234375
9000000.00002921,-70.3397750854492
9000000.00002922,-70.3606185913086
9000000.00002922,-70.3737030029297
9000000.00002922,-70.3802871704102
9000000.00002923,-70.3815994262695
9000000.00002924,-70.3788986206055
9000000.00002924,-70.3734130859375
9000000.00002925,-70.3664016723633
9000000.00002925,-70.3590927124023
9000000.00002925,-70.3527374267578
9000000.00002926,-70.3481674194336
9000000.00002927,-70.3409194946289
9000000.00002927,-70.3298110961914
9000000.00002928,-70.3152923583984
9000000.00002928,-70.2977828979492
9000000.00002928,-70.2777252197266
9000000.00002929,-70.2555541992188
9000000.0000293,-70.2317047119141
9000000.0000293,-70.2066116333008
9000000.00002931,-70.1807098388672
9000000.00002931,-70.1544342041016
9000000.00002932,-70.1282196044922
9000000.00002932,-70.1025009155273
9000000.00002933,-70.0777206420898
9000000.00002933,-70.0550537109375
9000000.00002933,-70.0348052978516
9000000.00002934,-70.01611328125
9000000.00002935,-69.9981079101563
9000000.00002935,-69.9799270629883
9000000.00002936,-69.960693359375
9000000.00002936,-69.9395446777344
9000000.00002936,-69.9156036376953
9000000.00002937,-69.8880233764648
9000000.00002938,-69.8559188842773
9000000.00002938,-69.8184204101563
9000000.00002939,-69.7746734619141
9000000.00002939,-69.7238006591797
9000000.0000294,-69.662483215332
9000000.0000294,-69.5839538574219
9000000.00002941,-69.491081237793
9000000.00002941,-69.3874282836914
9000000.00002941,-69.2765884399414
9000000.00002942,-69.162109375
9000000.00002943,-69.0475692749023
9000000.00002943,-68.9365463256836
9000000.00002944,-68.8326034545898
9000000.00002944,-68.7393188476563
9000000.00002944,-68.6602554321289
9000000.00002945,-68.5989837646484
9000000.00002946,-68.55908203125
9000000.00002946,-68.5425338745117
9000000.00002947,-68.5320892333984
9000000.00002947,-68.524299621582
9000000.00002947,-68.5219955444336
9000000.00002948,-68.5279922485352
9000000.00002949,-68.5451202392578
9000000.00002949,-68.5762100219727
9000000.0000295,-68.6240844726563
9000000.0000295,-68.6915740966797
9000000.00002951,-68.7815093994141
9000000.00002951,-68.8967056274414
9000000.00002952,-69.0399932861328
9000000.00002952,-69.2142028808594
9000000.00002952,-69.4221572875977
9000000.00002953,-69.687858581543
9000000.00002954,-70.0243530273438
9000000.00002954,-70.4180603027344
9000000.00002955,-70.8554000854492
9000000.00002955,-71.3227844238281
9000000.00002955,-71.8066329956055
9000000.00002956,-72.2933654785156
9000000.00002957,-72.7693939208984
9000000.00002957,-73.2211380004883
9000000.00002958,-73.6350173950195
9000000.00002958,-73.997444152832
9000000.00002959,-74.2948303222656
9000000.00002959,-74.5136108398438
9000000.0000296,-74.6499404907227
9000000.0000296,-74.7304000854492
9000000.0000296,-74.7616958618164
9000000.00002961,-74.7484359741211
9000000.00002962,-74.6952362060547
9000000.00002962,-74.6066970825195
9000000.00002963,-74.487434387207
9000000.00002963,-74.3420562744141
9000000.00002963,-74.175178527832
9000000.00002964,-73.9914016723633
9000000.00002965,-73.7953338623047
9000000.00002965,-73.5915985107422
9000000.00002966,-73.3847961425781
9000000.00002966,-73.1770629882813
9000000.00002966,-72.9410400390625
9000000.00002967,-72.6721954345703
9000000.00002968,-72.3759841918945
9000000.00002968,-72.0578460693359
9000000.00002969,-71.7232360839844
9000000.00002969,-71.3776016235352
9000000.0000297,-71.0263824462891
9000000.0000297,-70.6750259399414
9000000.00002971,-70.3289794921875
9000000.00002971,-69.9936981201172
9000000.00002971,-69.6746215820313
9000000.00002972,-69.377197265625
9000000.00002973,-69.1068725585938
9000000.00002973,-68.8530120849609
9000000.00002974,-68.6023406982422
9000000.00002974,-68.3563613891602
9000000.00002974,-68.1165618896484
9000000.00002975,-67.8844375610352
9000000.00002976,-67.6614837646484
9000000.00002976,-67.4491882324219
9000000.00002977,-67.2490463256836
9000000.00002977,-67.0625534057617
9000000.00002978,-66.8912124633789
9000000.00002978,-66.7365036010742
9000000.00002979,-66.5999221801758
9000000.00002979,-66.4829711914063
9000000.00002979,-66.3842163085938
9000000.0000298,-66.2956619262695
9000000.00002981,-66.2180328369141
9000000.00002981,-66.1527938842773
9000000.00002982,-66.1013946533203
9000000.00002982,-66.0652923583984
9000000.00002982,-66.0459518432617
9000000.00002983,-66.0448303222656
9000000.00002984,-66.0633926391602
9000000.00002984,-66.1030807495117
9000000.00002985,-66.1653671264648
9000000.00002985,-66.251708984375
9000000.00002985,-66.3635559082031
9000000.00002986,-66.5005798339844
9000000.00002987,-66.6421737670898
9000000.00002987,-66.7867584228516
9000000.00002988,-66.9402694702148
9000000.00002988,-67.1086502075195
9000000.00002989,-67.2978210449219
9000000.00002989,-67.5137329101563
9000000.0000299,-67.762321472168
9000000.0000299,-68.0495147705078
9000000.0000299,-68.3812637329102
9000000.00002991,-68.7634963989258
9000000.00002992,-69.2021484375
9000000.00002992,-69.7031707763672
9000000.00002993,-70.2724838256836
9000000.00002993,-70.9668502807617
9000000.00002993,-71.817985534668
9000000.00002994,-72.7942733764648
9000000.00002995,-73.8640899658203
9000000.00002995,-74.9958038330078
9000000.00002996,-76.1577987670898
9000000.00002996,-77.3184509277344
9000000.00002997,-78.4461364746094
9000000.00002997,-79.5092239379883
9000000.00002998,-80.4760971069336
9000000.00002998,-81.3151321411133
9000000.00002998,-81.9947128295898
9000000.00002999,-82.4832000732422
9000000.00003,-82.7633590698242
9000000.00003,-82.8740234375
9000000.00003001,-82.8374633789063
9000000.00003001,-82.6733016967773
9000000.00003001,-82.4011764526367
9000000.00003002,-82.0407180786133
9000000.00003003,-81.6115417480469
9000000.00003003,-81.1332855224609
9000000.00003004,-80.6255722045898
9000000.00003004,-80.108024597168
9000000.00003004,-79.6002883911133
9000000.00003005,-79.1219787597656
9000000.00003006,-78.6927261352539
9000000.00003006,-78.3264846801758
9000000.00003007,-77.9641571044922
9000000.00003007,-77.5872116088867
9000000.00003008,-77.198600769043
9000000.00003008,-76.8012466430664
9000000.00003009,-76.3981094360352
9000000.00003009,-75.9921188354492
9000000.00003009,-75.5862197875977
9000000.0000301,-75.183349609375
9000000.00003011,-74.7864456176758
9000000.00003011,-74.3984451293945
9000000.00003012,-74.0223007202148
9000000.00003012,-73.6609497070313
9000000.00003012,-73.3173217773438
9000000.00003013,-72.9856338500977
9000000.00003014,-72.6586761474609
9000000.00003014,-72.337287902832
9000000.00003015,-72.0223007202148
9000000.00003015,-71.7145462036133
9000000.00003016,-71.4148559570313
9000000.00003016,-71.1240615844727
9000000.00003017,-70.8429946899414
9000000.00003017,-70.5724945068359
9000000.00003017,-70.3133926391602
9000000.00003018,-70.0665130615234
9000000.00003019,-69.8326950073242
9000000.00003019,-69.6127700805664
9000000.0000302,-69.4048461914063
9000000.0000302,-69.2014694213867
9000000.0000302,-69.00390625
9000000.00003021,-68.8141326904297
9000000.00003022,-68.6341171264648
9000000.00003022,-68.4658508300781
9000000.00003023,-68.3113021850586
9000000.00003023,-68.1724472045898
9000000.00003023,-68.0512542724609
9000000.00003024,-67.94970703125
9000000.00003025,-67.8697814941406
9000000.00003025,-67.8134536743164
9000000.00003025,-67.7826919555664
9000000.00003026,-67.7797546386719
9000000.00003027,-67.8085861206055
9000000.00003027,-67.8674621582031
9000000.00003028,-67.9531784057617
9000000.00003028,-68.0625305175781
9000000.00003028,-68.1923217773438
9000000.00003029,-68.33935546875
9000000.0000303,-68.5004196166992
9000000.0000303,-68.6723251342773
9000000.00003031,-68.8518676757813
9000000.00003031,-69.0358428955078
9000000.00003031,-69.2210540771484
9000000.00003032,-69.404296875
9000000.00003033,-69.5823745727539
9000000.00003033,-69.7712249755859
9000000.00003034,-69.9851760864258
9000000.00003034,-70.2186508178711
9000000.00003035,-70.466064453125
9000000.00003035,-70.721809387207
9000000.00003036,-70.9803161621094
9000000.00003036,-71.2359771728516
9000000.00003036,-71.4832229614258
9000000.00003037,-71.7164459228516
9000000.00003038,-71.9300689697266
9000000.00003038,-72.1184921264648
9000000.00003039,-72.2761383056641
9000000.00003039,-72.3974075317383
9000000.00003039,-72.4796524047852
9000000.0000304,-72.5308303833008
9000000.00003041,-72.5545501708984
9000000.00003041,-72.5538711547852
9000000.00003042,-72.5318374633789
9000000.00003042,-72.4915008544922
9000000.00003042,-72.435905456543
9000000.00003043,-72.3680953979492
9000000.00003044,-72.291130065918
9000000.00003044,-72.2080459594727
9000000.00003044,-72.1218948364258
9000000.00003045,-72.0357360839844
9000000.00003046,-71.9525985717773
9000000.00003046,-71.8744583129883
9000000.00003047,-71.7897720336914
9000000.00003047,-71.6956329345703
9000000.00003047,-71.5933303833008
9000000.00003048,-71.4841537475586
9000000.00003049,-71.3693923950195
9000000.00003049,-71.2503509521484
9000000.0000305,-71.1283111572266
9000000.0000305,-71.0045623779297
9000000.0000305,-70.8804092407227
9000000.00003051,-70.7571334838867
9000000.00003052,-70.6360244750977
9000000.00003052,-70.5183868408203
9000000.00003053,-70.4055023193359
9000000.00003053,-70.292366027832
9000000.00003054,-70.1741485595703
9000000.00003054,-70.0524063110352
9000000.00003055,-69.9287109375
9000000.00003055,-69.8046264648438
9000000.00003055,-69.6817245483398
9000000.00003056,-69.5615539550781
9000000.00003057,-69.445686340332
9000000.00003057,-69.335693359375
9000000.00003058,-69.2331314086914
9000000.00003058,-69.1395645141602
9000000.00003058,-69.0565643310547
9000000.00003059,-68.9856872558594
9000000.0000306,-68.9245910644531
9000000.0000306,-68.8625335693359
9000000.00003061,-68.8009567260742
9000000.00003061,-68.742301940918
9000000.00003062,-68.6890029907227
9000000.00003062,-68.6435165405273
9000000.00003063,-68.6082611083984
9000000.00003063,-68.585693359375
9000000.00003063,-68.5782470703125
9000000.00003064,-68.5883560180664
9000000.00003065,-68.6184692382813
9000000.00003065,-68.6710205078125
9000000.00003066,-68.7484512329102
9000000.00003066,-68.8542709350586
9000000.00003066,-69.0019760131836
9000000.00003067,-69.1895446777344
9000000.00003068,-69.4099731445313
9000000.00003068,-69.6562805175781
9000000.00003069,-69.9214630126953
9000000.00003069,-70.1985321044922
9000000.00003069,-70.4804992675781
9000000.0000307,-70.760368347168
9000000.00003071,-71.0311431884766
9000000.00003071,-71.2858276367188
9000000.00003072,-71.5174407958984
9000000.00003072,-71.7189865112305
9000000.00003073,-71.8834609985352
9000000.00003073,-72.0255737304688
9000000.00003074,-72.1630706787109
9000000.00003074,-72.2935180664063
9000000.00003074,-72.4144897460938
9000000.00003075,-72.5235595703125
9000000.00003076,-72.6183166503906
9000000.00003076,-72.6963119506836
9000000.00003077,-72.7551345825195
9000000.00003077,-72.7923583984375
9000000.00003077,-72.8055572509766
9000000.00003078,-72.7922973632813
9000000.00003079,-72.7501602172852
9000000.00003079,-72.6767120361328
9000000.0000308,-72.5671920776367
9000000.0000308,-72.4150619506836
9000000.00003081,-72.2247848510742
9000000.00003081,-72.0015335083008
9000000.00003082,-71.7504959106445
9000000.00003082,-71.4768447875977
9000000.00003082,-71.1857757568359
9000000.00003083,-70.8824615478516
9000000.00003084,-70.5720901489258
9000000.00003084,-70.2598342895508
9000000.00003085,-69.9508819580078
9000000.00003085,-69.6504211425781
9000000.00003085,-69.3636169433594
9000000.00003086,-69.0936889648438
9000000.00003087,-68.8193359375
9000000.00003087,-68.5356140136719
9000000.00003088,-68.2452850341797
9000000.00003088,-67.9511413574219
9000000.00003088,-67.6559600830078
9000000.00003089,-67.3625259399414
9000000.0000309,-67.073616027832
9000000.0000309,-66.7920074462891
9000000.00003091,-66.5204925537109
9000000.00003091,-66.261848449707
9000000.00003092,-66.0188522338867
9000000.00003092,-65.7942886352539
9000000.00003093,-65.590934753418
9000000.00003093,-65.4031295776367
9000000.00003093,-65.2239303588867
9000000.00003094,-65.0542221069336
9000000.00003095,-64.8948745727539
9000000.00003095,-64.7467651367188
9000000.00003096,-64.6107864379883
9000000.00003096,-64.4878005981445
9000000.00003096,-64.3786926269531
9000000.00003097,-64.2843475341797
9000000.00003098,-64.2056274414063
9000000.00003098,-64.1434173583984
9000000.00003099,-64.0986022949219
9000000.00003099,-64.0720520019531
9000000.000031,-64.0632629394531
9000000.000031,-64.0684432983398
9000000.00003101,-64.087760925293
9000000.00003101,-64.1217193603516
9000000.00003101,-64.1708145141602
9000000.00003102,-64.2355651855469
9000000.00003103,-64.3164596557617
9000000.00003103,-64.4140167236328
9000000.00003104,-64.5287322998047
9000000.00003104,-64.6611099243164
9000000.00003104,-64.8116607666016
9000000.00003105,-64.9808807373047
9000000.00003106,-65.1692810058594
9000000.00003106,-65.3780517578125
9000000.00003107,-65.6156158447266
9000000.00003107,-65.8816146850586
9000000.00003107,-66.1726303100586
9000000.00003108,-66.4852294921875
9000000.00003109,-66.8159866333008
9000000.00003109,-67.1614685058594
9000000.0000311,-67.5182571411133
9000000.0000311,-67.8829193115234
9000000.00003111,-68.2520294189453
9000000.00003111,-68.6221542358398
9000000.00003112,-68.989875793457
9000000.00003112,-69.3517532348633
9000000.00003112,-69.7043762207031
9000000.00003113,-70.0791549682617
9000000.00003114,-70.5011596679688
9000000.00003114,-70.9574127197266
9000000.00003115,-71.434944152832
9000000.00003115,-71.9207916259766
9000000.00003115,-72.401969909668
9000000.00003116,-72.8655090332031
9000000.00003117,-73.2984466552734
9000000.00003117,-73.6877975463867
9000000.00003118,-74.0205993652344
9000000.00003118,-74.2838745117188
9000000.00003119,-74.4646606445313
9000000.00003119,-74.5499725341797
9000000.0000312,-74.5282211303711
9000000.0000312,-74.4028472900391
9000000.0000312,-74.1865844726563
9000000.00003121,-73.8923263549805
9000000.00003122,-73.5329437255859
9000000.00003122,-73.1213073730469
9000000.00003123,-72.6703033447266
9000000.00003123,-72.1928024291992
9000000.00003123,-71.7016830444336
9000000.00003124,-71.2098236083984
9000000.00003125,-70.7301025390625
9000000.00003125,-70.275390625
9000000.00003126,-69.8585662841797
9000000.00003126,-69.4885025024414
9000000.00003126,-69.1229553222656
9000000.00003127,-68.7497329711914
9000000.00003128,-68.3719863891602
9000000.00003128,-67.9928588867188
9000000.00003129,-67.6155090332031
9000000.00003129,-67.2430725097656
9000000.0000313,-66.8787078857422
9000000.0000313,-66.5255584716797
9000000.00003131,-66.1867752075195
9000000.00003131,-65.8655090332031
9000000.00003131,-65.5648956298828
9000000.00003132,-65.2881011962891
9000000.00003133,-65.0382614135742
9000000.00003133,-64.808837890625
9000000.00003134,-64.5918884277344
9000000.00003134,-64.3884735107422
9000000.00003134,-64.1996459960938
9000000.00003135,-64.0264587402344
9000000.00003136,-63.8699798583984
9000000.00003136,-63.7312545776367
9000000.00003137,-63.6113471984863
9000000.00003137,-63.5113067626953
9000000.00003138,-63.4321975708008
9000000.00003138,-63.375072479248
9000000.00003139,-63.3409881591797
9000000.00003139,-63.3310012817383
9000000.00003139,-63.3438720703125
9000000.0000314,-63.3733024597168
9000000.00003141,-63.4199905395508
9000000.00003141,-63.4852180480957
9000000.00003142,-63.570255279541
9000000.00003142,-63.6763916015625
9000000.00003142,-63.8049011230469
9000000.00003143,-63.9570655822754
9000000.00003144,-64.1341552734375
9000000.00003144,-64.3374633789063
9000000.00003145,-64.5682525634766
9000000.00003145,-64.8278198242188
9000000.00003145,-65.117431640625
9000000.00003146,-65.4393463134766
9000000.00003147,-65.8055572509766
9000000.00003147,-66.2150650024414
9000000.00003148,-66.6624755859375
9000000.00003148,-67.1423873901367
9000000.00003149,-67.6493835449219
9000000.00003149,-68.1780853271484
9000000.0000315,-68.7230682373047
9000000.0000315,-69.2789459228516
9000000.0000315,-69.8403167724609
9000000.00003151,-70.4017715454102
9000000.00003152,-70.9579162597656
9000000.00003152,-71.5033416748047
9000000.00003153,-72.0326538085938
9000000.00003153,-72.5856704711914
9000000.00003153,-73.1953353881836
9000000.00003154,-73.8459243774414
9000000.00003155,-74.5217132568359
9000000.00003155,-75.2069778442383
9000000.00003156,-75.8859939575195
9000000.00003156,-76.5430450439453
9000000.00003157,-77.1623992919922
9000000.00003157,-77.7283401489258
9000000.00003158,-78.2251358032227
9000000.00003158,-78.6370697021484
9000000.00003158,-78.9484252929688
9000000.00003159,-79.1434631347656
9000000.0000316,-79.2105255126953
9000000.0000316,-79.1604156494141
9000000.00003161,-79.0066452026367
9000000.00003161,-78.7622909545898
9000000.00003161,-78.4403839111328
9000000.00003162,-78.0539855957031
9000000.00003163,-77.6161499023438
9000000.00003163,-77.1399230957031
9000000.00003164,-76.6383590698242
9000000.00003164,-76.12451171875
9000000.00003164,-75.6114349365234
9000000.00003165,-75.112174987793
9000000.00003166,-74.6397857666016
9000000.00003166,-74.2025680541992
9000000.00003167,-73.7497329711914
9000000.00003167,-73.2688140869141
9000000.00003168,-72.7658157348633
9000000.00003168,-72.2467575073242
9000000.00003169,-71.717643737793
9000000.00003169,-71.1844863891602
9000000.00003169,-70.6533050537109
9000000.0000317,-70.1301040649414
9000000.00003171,-69.6209030151367
9000000.00003171,-69.1316986083984
9000000.00003172,-68.6685180664063
9000000.00003172,-68.2373657226563
9000000.00003172,-67.8442535400391
9000000.00003173,-67.4784622192383
9000000.00003174,-67.1260452270508
9000000.00003174,-66.7881546020508
9000000.00003175,-66.4659271240234
9000000.00003175,-66.160530090332
9000000.00003176,-65.8731002807617
9000000.00003176,-65.6047973632813
9000000.00003177,-65.3567657470703
9000000.00003177,-65.1301651000977
9000000.00003177,-64.9261322021484
9000000.00003178,-64.7458343505859
9000000.00003179,-64.5904083251953
9000000.00003179,-64.4610061645508
9000000.0000318,-64.3572463989258
9000000.0000318,-64.2749328613281
9000000.0000318,-64.2140502929688
9000000.00003181,-64.1749725341797
9000000.00003182,-64.1580505371094
9000000.00003182,-64.1636657714844
9000000.00003183,-64.1921691894531
9000000.00003183,-64.2439270019531
9000000.00003183,-64.3193130493164
9000000.00003184,-64.4186859130859
9000000.00003185,-64.5424118041992
9000000.00003185,-64.6908493041992
9000000.00003186,-64.864372253418
9000000.00003186,-65.064697265625
9000000.00003187,-65.3079147338867
9000000.00003187,-65.5939102172852
9000000.00003188,-65.9166641235352
9000000.00003188,-66.2701721191406
9000000.00003188,-66.6484222412109
9000000.00003189,-67.0453872680664
9000000.0000319,-67.4550628662109
9000000.0000319,-67.8714370727539
9000000.00003191,-68.2884979248047
9000000.00003191,-68.7002182006836
9000000.00003191,-69.1006011962891
9000000.00003192,-69.4836273193359
9000000.00003193,-69.8432769775391
9000000.00003193,-70.2056884765625
9000000.00003194,-70.5952301025391
9000000.00003194,-71.0032577514648
9000000.00003195,-71.4211120605469
9000000.00003195,-71.8401565551758
9000000.00003196,-72.2517395019531
9000000.00003196,-72.6472091674805
9000000.00003196,-73.0179214477539
9000000.00003197,-73.355224609375
9000000.00003198,-73.6504669189453
9000000.00003198,-73.8950042724609
9000000.00003199,-74.080192565918
9000000.00003199,-74.1973724365234
9000000.00003199,-74.2407608032227
9000000.000032,-74.2180252075195
9000000.00003201,-74.136116027832
9000000.00003201,-74.0015258789063
9000000.00003202,-73.8207855224609
9000000.00003202,-73.6003875732422
9000000.00003203,-73.3468551635742
9000000.00003203,-73.0666961669922
9000000.00003204,-72.7664108276367
9000000.00003204,-72.452522277832
9000000.00003204,-72.1315383911133
9000000.00003205,-71.8099594116211
9000000.00003206,-71.4943008422852
9000000.00003206,-71.1880798339844
9000000.00003207,-70.8585968017578
9000000.00003207,-70.4995422363281
9000000.00003207,-70.1165008544922
9000000.00003208,-69.7150802612305
9000000.00003209,-69.3008804321289
9000000.00003209,-68.8794860839844
9000000.0000321,-68.4565048217773
9000000.0000321,-68.0375366210938
9000000.0000321,-67.6281661987305
9000000.00003211,-67.2340087890625
9000000.00003212,-66.8606491088867
9000000.00003212,-66.5136871337891
9000000.00003213,-66.19873046875
9000000.00003213,-65.9057159423828
9000000.00003214,-65.6215972900391
9000000.00003214,-65.3474960327148
9000000.00003215,-65.0845184326172
9000000.00003215,-64.8337554931641
9000000.00003215,-64.5963287353516
9000000.00003216,-64.3733367919922
9000000.00003217,-64.1658935546875
9000000.00003217,-63.9751014709473
9000000.00003218,-63.8020668029785
9000000.00003218,-63.6478958129883
9000000.00003218,-63.5136985778809
9000000.00003219,-63.4005813598633
9000000.0000322,-63.3083229064941
9000000.0000322,-63.2332763671875
9000000.00003221,-63.1753273010254
9000000.00003221,-63.1346702575684
9000000.00003222,-63.1114959716797
9000000.00003222,-63.1059989929199
9000000.00003223,-63.1183776855469
9000000.00003223,-63.1488265991211
9000000.00003223,-63.1975326538086
9000000.00003224,-63.2646980285645
9000000.00003225,-63.350513458252
9000000.00003225,-63.4551734924316
9000000.00003226,-63.5788764953613
9000000.00003226,-63.7214241027832
9000000.00003226,-63.878360748291
9000000.00003227,-64.0494537353516
9000000.00003228,-64.2360916137695
9000000.00003228,-64.4396820068359
9000000.00003229,-64.6616134643555
9000000.00003229,-64.9032821655273
9000000.00003229,-65.1660995483398
9000000.0000323,-65.4514465332031
9000000.00003231,-65.7607269287109
9000000.00003231,-66.0953369140625
9000000.00003232,-66.456672668457
9000000.00003232,-66.8461380004883
9000000.00003233,-67.2651214599609
9000000.00003233,-67.7517166137695
9000000.00003234,-68.3301010131836
9000000.00003234,-68.9807968139648
9000000.00003234,-69.6843338012695
9000000.00003235,-70.4212341308594
9000000.00003236,-71.1720275878906
9000000.00003236,-71.9172286987305
9000000.00003237,-72.6373748779297
9000000.00003237,-73.31298828125
9000000.00003237,-73.9245910644531
9000000.00003238,-74.4527130126953
9000000.00003239,-74.8778762817383
9000000.00003239,-75.1806030273438
9000000.0000324,-75.3509292602539
9000000.0000324,-75.41455078125
9000000.00003241,-75.3846664428711
9000000.00003241,-75.2726745605469
9000000.00003242,-75.089973449707
9000000.00003242,-74.8479614257813
9000000.00003242,-74.5580368041992
9000000.00003243,-74.2315902709961
9000000.00003244,-73.8800201416016
9000000.00003244,-73.5147323608398
9000000.00003245,-73.1471176147461
9000000.00003245,-72.78857421875
9000000.00003245,-72.4504928588867
9000000.00003246,-72.1400375366211
9000000.00003247,-71.8116455078125
9000000.00003247,-71.4544143676758
9000000.00003248,-71.0740280151367
9000000.00003248,-70.6761474609375
9000000.00003248,-70.2664413452148
9000000.00003249,-69.8505935668945
9000000.0000325,-69.4342575073242
9000000.0000325,-69.0231246948242
9000000.00003251,-68.6228485107422
9000000.00003251,-68.2391052246094
9000000.00003252,-67.877571105957
9000000.00003252,-67.5439147949219
9000000.00003253,-67.2438049316406
9000000.00003253,-66.9673843383789
9000000.00003253,-66.70166015625
9000000.00003254,-66.4475860595703
9000000.00003255,-66.2061386108398
9000000.00003255,-65.978271484375
9000000.00003256,-65.7649612426758
9000000.00003256,-65.5671615600586
9000000.00003256,-65.3858413696289
9000000.00003257,-65.2219619750977
9000000.00003258,-65.0764999389648
9000000.00003258,-64.9504013061523
9000000.00003259,-64.8446426391602
9000000.00003259,-64.7601928710938
9000000.0000326,-64.697380065918
9000000.0000326,-64.6545257568359
9000000.00003261,-64.6310958862305
9000000.00003261,-64.6266860961914
9000000.00003261,-64.6408843994141
9000000.00003262,-64.6733016967773
9000000.00003263,-64.7235260009766
9000000.00003263,-64.7911529541016
9000000.00003264,-64.8757781982422
9000000.00003264,-64.9770050048828
9000000.00003264,-65.0944213867188
9000000.00003265,-65.2276306152344
9000000.00003266,-65.376220703125
9000000.00003266,-65.5410537719727
9000000.00003267,-65.736686706543
9000000.00003267,-65.9636917114258
9000000.00003267,-66.2172927856445
9000000.00003268,-66.4926986694336
9000000.00003269,-66.7851486206055
9000000.00003269,-67.0898590087891
9000000.0000327,-67.4020538330078
9000000.0000327,-67.7169570922852
9000000.00003271,-68.0297927856445
9000000.00003271,-68.3357849121094
9000000.00003272,-68.6301574707031
9000000.00003272,-68.9081268310547
9000000.00003272,-69.1649322509766
9000000.00003273,-69.4179992675781
9000000.00003274,-69.6844635009766
9000000.00003274,-69.9590606689453
9000000.00003275,-70.2365264892578
9000000.00003275,-70.5116119384766
9000000.00003275,-70.779052734375
9000000.00003276,-71.0335922241211
9000000.00003277,-71.2699813842773
9000000.00003277,-71.4829406738281
9000000.00003278,-71.667236328125
9000000.00003278,-71.8175964355469
9000000.00003279,-71.9287567138672
9000000.00003279,-71.995475769043
9000000.0000328,-72.0135879516602
9000000.0000328,-71.9860000610352
9000000.0000328,-71.9174346923828
9000000.00003281,-71.8125305175781
9000000.00003282,-71.6759338378906
9000000.00003282,-71.5122756958008
9000000.00003283,-71.3261947631836
9000000.00003283,-71.1223297119141
9000000.00003283,-70.9053192138672
9000000.00003284,-70.6797943115234
9000000.00003285,-70.4504089355469
9000000.00003285,-70.2217788696289
9000000.00003286,-69.9985580444336
9000000.00003286,-69.7832183837891
9000000.00003286,-69.552116394043
9000000.00003287,-69.3007583618164
9000000.00003288,-69.0332489013672
9000000.00003288,-68.7536926269531
9000000.00003289,-68.4662017822266
9000000.00003289,-68.1748809814453
9000000.0000329,-67.8838500976563
9000000.0000329,-67.5972061157227
9000000.00003291,-67.3190612792969
9000000.00003291,-67.0535278320313
9000000.00003291,-66.8047027587891
9000000.00003292,-66.5767059326172
9000000.00003293,-66.3736419677734
9000000.00003293,-66.1860885620117
9000000.00003294,-66.0030899047852
9000000.00003294,-65.8264465332031
9000000.00003294,-65.6579818725586
9000000.00003295,-65.4994888305664
9000000.00003296,-65.352783203125
9000000.00003296,-65.2196731567383
9000000.00003297,-65.1019592285156
9000000.00003297,-65.00146484375
9000000.00003298,-64.9199829101563
9000000.00003298,-64.8593292236328
9000000.00003299,-64.8213119506836
9000000.00003299,-64.8077392578125
9000000.00003299,-64.81787109375
9000000.000033,-64.8447113037109
9000000.00003301,-64.8883743286133
9000000.00003301,-64.949577331543
9000000.00003302,-65.0290374755859
9000000.00003302,-65.1274719238281
9000000.00003302,-65.24560546875
9000000.00003303,-65.384162902832
9000000.00003304,-65.5438461303711
9000000.00003304,-65.7253952026367
9000000.00003305,-65.9295196533203
9000000.00003305,-66.1569442749023
9000000.00003305,-66.4083862304688
9000000.00003306,-66.6862487792969
9000000.00003307,-67.0106582641602
9000000.00003307,-67.3812103271484
9000000.00003308,-67.7901611328125
9000000.00003308,-68.2297515869141
9000000.00003309,-68.6922225952148
9000000.00003309,-69.169807434082
9000000.0000331,-69.6547622680664
9000000.0000331,-70.1393280029297
9000000.0000331,-70.6157379150391
9000000.00003311,-71.0762481689453
9000000.00003312,-71.5130844116211
9000000.00003312,-71.9185028076172
9000000.00003313,-72.2847366333008
9000000.00003313,-72.6360397338867
9000000.00003313,-72.9974517822266
9000000.00003314,-73.362419128418
9000000.00003315,-73.7243957519531
9000000.00003315,-74.0768203735352
9000000.00003316,-74.4131469726563
9000000.00003316,-74.7268218994141
9000000.00003317,-75.0112915039063
9000000.00003317,-75.2600021362305
9000000.00003318,-75.4664001464844
9000000.00003318,-75.6239318847656
9000000.00003318,-75.7260437011719
9000000.00003319,-75.7661819458008
9000000.0000332,-75.7364120483398
9000000.0000332,-75.6327133178711
9000000.00003321,-75.4631881713867
9000000.00003321,-75.2365570068359
9000000.00003321,-74.9615631103516
9000000.00003322,-74.6469192504883
9000000.00003323,-74.3013534545898
9000000.00003323,-73.9336090087891
9000000.00003324,-73.5523986816406
9000000.00003324,-73.1664505004883
9000000.00003324,-72.7845001220703
9000000.00003325,-72.4152679443359
9000000.00003326,-72.0674896240234
9000000.00003326,-71.7468338012695
9000000.00003327,-71.4208374023438
9000000.00003327,-71.0811767578125
9000000.00003328,-70.7313537597656
9000000.00003328,-70.3748474121094
9000000.00003329,-70.0151672363281
9000000.00003329,-69.6557922363281
9000000.00003329,-69.3002166748047
9000000.0000333,-68.9519424438477
9000000.00003331,-68.6144561767578
9000000.00003331,-68.2912445068359
9000000.00003332,-67.9858169555664
9000000.00003332,-67.7016448974609
9000000.00003332,-67.4422378540039
9000000.00003333,-67.1998748779297
9000000.00003334,-66.9654388427734
9000000.00003334,-66.7403182983398
9000000.00003335,-66.5259094238281
9000000.00003335,-66.323616027832
9000000.00003336,-66.1348266601563
9000000.00003336,-65.9609298706055
9000000.00003337,-65.8033294677734
9000000.00003337,-65.6634063720703
9000000.00003337,-65.5425720214844
9000000.00003338,-65.4422149658203
9000000.00003339,-65.3637161254883
9000000.00003339,-65.3084869384766
9000000.0000334,-65.2765274047852
9000000.0000334,-65.2640151977539
9000000.0000334,-65.2705764770508
9000000.00003341,-65.2961654663086
9000000.00003342,-65.3407287597656
9000000.00003342,-65.4041976928711
9000000.00003343,-65.4865264892578
9000000.00003343,-65.5876617431641
9000000.00003343,-65.7075424194336
9000000.00003344,-65.8461227416992
9000000.00003345,-66.0033340454102
9000000.00003345,-66.1791305541992
9000000.00003346,-66.3734588623047
9000000.00003346,-66.5876922607422
9000000.00003347,-66.8386306762695
9000000.00003347,-67.1265487670898
9000000.00003348,-67.445556640625
9000000.00003348,-67.7897872924805
9000000.00003348,-68.1533508300781
9000000.00003349,-68.5303649902344
9000000.0000335,-68.9149551391602
9000000.0000335,-69.3012390136719
9000000.00003351,-69.6833343505859
9000000.00003351,-70.0553665161133
9000000.00003351,-70.4114456176758
9000000.00003352,-70.7457046508789
9000000.00003353,-71.05224609375
9000000.00003353,-71.352294921875
9000000.00003354,-71.666748046875
9000000.00003354,-71.9892578125
9000000.00003355,-72.3134765625
9000000.00003355,-72.6330642700195
9000000.00003356,-72.9416732788086
9000000.00003356,-73.2329635620117
9000000.00003356,-73.5005722045898
9000000.00003357,-73.7381744384766
9000000.00003358,-73.9394149780273
9000000.00003358,-74.0979461669922
9000000.00003359,-74.2074203491211
9000000.00003359,-74.2615051269531
9000000.00003359,-74.2541580200195
9000000.0000336,-74.1860961914063
9000000.00003361,-74.063835144043
9000000.00003361,-73.8940505981445
9000000.00003362,-73.6834106445313
9000000.00003362,-73.4385986328125
9000000.00003363,-73.1662902832031
9000000.00003363,-72.8731689453125
9000000.00003364,-72.5659027099609
9000000.00003364,-72.2511672973633
9000000.00003365,-71.9356460571289
9000000.00003365,-71.6260147094727
9000000.00003366,-71.3289413452148
9000000.00003366,-71.0484085083008
9000000.00003367,-70.7551498413086
9000000.00003367,-70.442741394043
9000000.00003367,-70.1154174804688
9000000.00003368,-69.7774124145508
9000000.00003369,-69.4329528808594
9000000.00003369,-69.0862731933594
9000000.0000337,-68.7416076660156
9000000.0000337,-68.4031829833984
9000000.0000337,-68.0752258300781
9000000.00003371,-67.7619781494141
9000000.00003372,-67.4676666259766
9000000.00003372,-67.1965179443359
9000000.00003373,-66.9527740478516
9000000.00003373,-66.7283706665039
9000000.00003374,-66.5131378173828
9000000.00003374,-66.3081436157227
9000000.00003375,-66.1144409179688
9000000.00003375,-65.9330902099609
9000000.00003375,-65.7651519775391
9000000.00003376,-65.611686706543
9000000.00003377,-65.473747253418
9000000.00003377,-65.352409362793
9000000.00003378,-65.2487106323242
9000000.00003378,-65.1637268066406
9000000.00003378,-65.0985107421875
9000000.00003379,-65.0541229248047
9000000.0000338,-65.0308685302734
9000000.0000338,-65.0266799926758
9000000.00003381,-65.0410385131836
9000000.00003381,-65.0735702514648
9000000.00003382,-65.1239242553711
9000000.00003382,-65.1917266845703
9000000.00003383,-65.276611328125
9000000.00003383,-65.3782272338867
9000000.00003383,-65.4962005615234
9000000.00003384,-65.6301727294922
9000000.00003385,-65.7797698974609
9000000.00003385,-65.9446487426758
9000000.00003386,-66.1244277954102
9000000.00003386,-66.3200759887695
9000000.00003386,-66.5471649169922
9000000.00003387,-66.8062057495117
9000000.00003388,-67.0920639038086
9000000.00003388,-67.3995590209961
9000000.00003389,-67.7235412597656
9000000.00003389,-68.0588607788086
9000000.00003389,-68.4003524780273
9000000.0000339,-68.7428588867188
9000000.00003391,-69.0812301635742
9000000.00003391,-69.4102935791016
9000000.00003392,-69.7249069213867
9000000.00003392,-70.0198974609375
9000000.00003393,-70.2901229858398
9000000.00003393,-70.5499114990234
9000000.00003394,-70.8147277832031
9000000.00003394,-71.0810699462891
9000000.00003394,-71.345458984375
9000000.00003395,-71.6043853759766
9000000.00003396,-71.8543701171875
9000000.00003396,-72.091911315918
9000000.00003397,-72.3135147094727
9000000.00003397,-72.5157012939453
9000000.00003397,-72.6949615478516
9000000.00003398,-72.8478164672852
9000000.00003399,-72.9707641601563
9000000.00003399,-73.0603179931641
9000000.000034,-73.1117706298828
9000000.000034,-73.121696472168
9000000.00003401,-73.0947799682617
9000000.00003401,-73.0361709594727
9000000.00003402,-72.9510345458984
9000000.00003402,-72.8445053100586
9000000.00003402,-72.7217483520508
9000000.00003403,-72.5879058837891
9000000.00003404,-72.448127746582
9000000.00003404,-72.3075714111328
9000000.00003405,-72.17138671875
9000000.00003405,-72.0447235107422
9000000.00003405,-71.932731628418
9000000.00003406,-71.8389587402344
9000000.00003407,-71.7465744018555
9000000.00003407,-71.6507034301758
9000000.00003408,-71.5525817871094
9000000.00003408,-71.4534454345703
9000000.00003408,-71.3545303344727
9000000.00003409,-71.2570877075195
9000000.0000341,-71.1623458862305
9000000.0000341,-71.0715408325195
9000000.00003411,-70.9859237670898
9000000.00003411,-70.9067306518555
9000000.00003412,-70.8351974487305
9000000.00003412,-70.7725601196289
9000000.00003413,-70.7200546264648
9000000.00003413,-70.6755523681641
9000000.00003413,-70.6362152099609
9000000.00003414,-70.6022491455078
9000000.00003415,-70.5738525390625
9000000.00003415,-70.5512390136719
9000000.00003416,-70.5346145629883
9000000.00003416,-70.524169921875
9000000.00003416,-70.5201263427734
9000000.00003417,-70.5226745605469
9000000.00003418,-70.5320281982422
9000000.00003418,-70.5483856201172
9000000.00003419,-70.5719604492188
9000000.00003419,-70.6029510498047
9000000.0000342,-70.6377716064453
9000000.0000342,-70.6659851074219
9000000.00003421,-70.6903915405273
9000000.00003421,-70.7147979736328
9000000.00003421,-70.7430191040039
9000000.00003422,-70.7788772583008
9000000.00003423,-70.8261642456055
9000000.00003423,-70.8887023925781
9000000.00003424,-70.9703063964844
9000000.00003424,-71.0747833251953
9000000.00003424,-71.2059478759766
9000000.00003425,-71.3676071166992
9000000.00003426,-71.5635757446289
9000000.00003426,-71.7987289428711
9000000.00003427,-72.0871047973633
9000000.00003427,-72.4254379272461
9000000.00003427,-72.805290222168
9000000.00003428,-73.2182388305664
9000000.00003429,-73.6558380126953
9000000.00003429,-74.1096725463867
9000000.0000343,-74.5712890625
9000000.0000343,-75.0322723388672
9000000.00003431,-75.4841842651367
9000000.00003431,-75.918586730957
9000000.00003432,-76.3270492553711
9000000.00003432,-76.7011413574219
9000000.00003432,-77.0324249267578
9000000.00003433,-77.3505249023438
9000000.00003434,-77.6848754882813
9000000.00003434,-78.0267562866211
9000000.00003435,-78.3674697875977
9000000.00003435,-78.6982879638672
9000000.00003435,-79.0105133056641
9000000.00003436,-79.2954254150391
9000000.00003437,-79.544319152832
9000000.00003437,-79.7484893798828
9000000.00003438,-79.8992156982422
9000000.00003438,-79.9877853393555
9000000.00003439,-80.0054931640625
9000000.00003439,-79.9436340332031
9000000.0000344,-79.7911682128906
9000000.0000344,-79.5414810180664
9000000.0000344,-79.2057189941406
9000000.00003441,-78.7959671020508
9000000.00003442,-78.324333190918
9000000.00003442,-77.8029174804688
9000000.00003443,-77.2438125610352
9000000.00003443,-76.6591262817383
9000000.00003443,-76.0609512329102
9000000.00003444,-75.4613876342773
9000000.00003445,-74.8725433349609
9000000.00003445,-74.3065032958984
9000000.00003446,-73.7753829956055
9000000.00003446,-73.2873153686523
9000000.00003446,-72.8005447387695
9000000.00003447,-72.3035736083984
9000000.00003448,-71.8001022338867
9000000.00003448,-71.2938232421875
9000000.00003449,-70.788444519043
9000000.00003449,-70.2876434326172
9000000.0000345,-69.7951278686523
9000000.0000345,-69.3145980834961
9000000.00003451,-68.8497467041016
9000000.00003451,-68.4042587280273
9000000.00003451,-67.9818496704102
9000000.00003452,-67.5862045288086
9000000.00003453,-67.2210235595703
9000000.00003453,-66.8792037963867
9000000.00003454,-66.5518035888672
9000000.00003454,-66.2397918701172
9000000.00003454,-65.9441299438477
9000000.00003455,-65.665771484375
9000000.00003456,-65.4056777954102
9000000.00003456,-65.1648025512695
9000000.00003457,-64.9441070556641
9000000.00003457,-64.7445602416992
9000000.00003458,-64.5671081542969
9000000.00003458,-64.412712097168
9000000.00003459,-64.2823333740234
9000000.00003459,-64.1769332885742
9000000.00003459,-64.0954971313477
9000000.0000346,-64.0326080322266
9000000.00003461,-63.9888076782227
9000000.00003461,-63.9651489257813
9000000.00003462,-63.9626693725586
9000000.00003462,-63.9824142456055
9000000.00003462,-64.0254287719727
9000000.00003463,-64.0927581787109
9000000.00003464,-64.1854400634766
9000000.00003464,-64.3045196533203
9000000.00003465,-64.451042175293
9000000.00003465,-64.6260528564453
9000000.00003465,-64.8305969238281
9000000.00003466,-65.0675735473633
9000000.00003467,-65.3592834472656
9000000.00003467,-65.7050857543945
9000000.00003468,-66.0961380004883
9000000.00003468,-66.5236358642578
9000000.00003469,-66.9787445068359
9000000.00003469,-67.45263671875
9000000.0000347,-67.9364929199219
9000000.0000347,-68.4214859008789
9000000.0000347,-68.898796081543
9000000.00003471,-69.3595962524414
9000000.00003472,-69.7950668334961
9000000.00003472,-70.1963729858398
9000000.00003473,-70.5546951293945
9000000.00003473,-70.8906097412109
9000000.00003473,-71.2278671264648
9000000.00003474,-71.5624237060547
9000000.00003475,-71.8902359008789
9000000.00003475,-72.2072601318359
9000000.00003476,-72.5094451904297
9000000.00003476,-72.7927551269531
9000000.00003477,-73.0531311035156
9000000.00003477,-73.2865447998047
9000000.00003478,-73.4889373779297
9000000.00003478,-73.6562652587891
9000000.00003478,-73.7844924926758
9000000.00003479,-73.8695678710938
9000000.0000348,-73.9064788818359
9000000.0000348,-73.8924713134766
9000000.00003481,-73.832633972168
9000000.00003481,-73.7324523925781
9000000.00003481,-73.5974273681641
9000000.00003482,-73.4330596923828
9000000.00003483,-73.2448425292969
9000000.00003483,-73.0382690429688
9000000.00003484,-72.81884765625
9000000.00003484,-72.5920715332031
9000000.00003484,-72.3634338378906
9000000.00003485,-72.1384353637695
9000000.00003486,-71.9225692749023
9000000.00003486,-71.7192459106445
9000000.00003487,-71.505973815918
9000000.00003487,-71.2774963378906
9000000.00003488,-71.0367202758789
9000000.00003488,-70.7865753173828
9000000.00003489,-70.5299682617188
9000000.00003489,-70.2698211669922
9000000.00003489,-70.0090408325195
9000000.0000349,-69.7505645751953
9000000.00003491,-69.4972839355469
9000000.00003491,-69.2521362304688
9000000.00003492,-69.0180358886719
9000000.00003492,-68.7978897094727
9000000.00003492,-68.5946197509766
9000000.00003493,-68.4016342163086
9000000.00003494,-68.2112274169922
9000000.00003494,-68.0246200561523
9000000.00003495,-67.8430557250977
9000000.00003495,-67.6677780151367
9000000.00003496,-67.5000076293945
9000000.00003496,-67.3409957885742
9000000.00003497,-67.1919708251953
9000000.00003497,-67.0541763305664
9000000.00003497,-66.9288330078125
9000000.00003498,-66.8171920776367
9000000.00003499,-66.7204818725586
9000000.00003499,-66.6399459838867
9000000.000035,-66.5745162963867
9000000.000035,-66.5178756713867
9000000.000035,-66.4705505371094
9000000.00003501,-66.4336242675781
9000000.00003502,-66.4081802368164
9000000.00003502,-66.3952941894531
9000000.00003503,-66.3960571289063
9000000.00003503,-66.4115600585938
9000000.00003504,-66.44287109375
9000000.00003504,-66.491096496582
9000000.00003505,-66.5572967529297
9000000.00003505,-66.642578125
9000000.00003506,-66.7480163574219
9000000.00003506,-66.8753967285156
9000000.00003507,-67.0334777832031
9000000.00003507,-67.2213821411133
9000000.00003508,-67.4350357055664
9000000.00003508,-67.6703643798828
9000000.00003508,-67.9232864379883
9000000.00003509,-68.1897354125977
9000000.0000351,-68.4656219482422
9000000.0000351,-68.7468795776367
9000000.00003511,-69.0294189453125
9000000.00003511,-69.3091735839844
9000000.00003511,-69.5820693969727
9000000.00003512,-69.8440170288086
9000000.00003513,-70.090950012207
9000000.00003513,-70.3403854370117
9000000.00003514,-70.6087188720703
9000000.00003514,-70.8901672363281
9000000.00003515,-71.1789855957031
9000000.00003515,-71.4693832397461
9000000.00003516,-71.7556076049805
9000000.00003516,-72.0318756103516
9000000.00003516,-72.2924270629883
9000000.00003517,-72.531494140625
9000000.00003518,-72.7433013916016
9000000.00003518,-72.9220886230469
9000000.00003519,-73.0620803833008
9000000.00003519,-73.1575088500977
9000000.00003519,-73.2044448852539
9000000.0000352,-73.2078018188477
9000000.00003521,-73.1722640991211
9000000.00003521,-73.1022567749023
9000000.00003522,-73.002197265625
9000000.00003522,-72.8765106201172
9000000.00003523,-72.729606628418
9000000.00003523,-72.5659027099609
9000000.00003524,-72.3898315429688
9000000.00003524,-72.2057952880859
9000000.00003525,-72.0182342529297
9000000.00003525,-71.83154296875
9000000.00003526,-71.6501617431641
9000000.00003526,-71.4769515991211
9000000.00003527,-71.2954483032227
9000000.00003527,-71.101448059082
9000000.00003527,-70.8967132568359
9000000.00003528,-70.6830291748047
9000000.00003529,-70.4621734619141
9000000.00003529,-70.2359313964844
9000000.0000353,-70.0060653686523
9000000.0000353,-69.7743606567383
9000000.0000353,-69.542594909668
9000000.00003531,-69.3125457763672
9000000.00003532,-69.0859985351563
9000000.00003532,-68.8647079467773
9000000.00003533,-68.6504745483398
9000000.00003533,-68.4372482299805
9000000.00003534,-68.2189559936523
9000000.00003534,-67.9973449707031
9000000.00003535,-67.7741394042969
9000000.00003535,-67.5510940551758
9000000.00003535,-67.3299407958984
9000000.00003536,-67.112419128418
9000000.00003537,-66.900260925293
9000000.00003537,-66.6952133178711
9000000.00003538,-66.4990158081055
9000000.00003538,-66.3133926391602
9000000.00003538,-66.1400985717773
9000000.00003539,-65.9808654785156
9000000.0000354,-65.8338165283203
9000000.0000354,-65.6890487670898
9000000.00003541,-65.5475769042969
9000000.00003541,-65.4113388061523
9000000.00003542,-65.2822494506836
9000000.00003542,-65.162239074707
9000000.00003543,-65.0532379150391
9000000.00003543,-64.9571685791016
9000000.00003544,-64.8759689331055
9000000.00003544,-64.8115539550781
9000000.00003545,-64.7658615112305
9000000.00003545,-64.7408065795898
9000000.00003546,-64.7383270263672
9000000.00003546,-64.7597961425781
9000000.00003546,-64.7994537353516
9000000.00003547,-64.8554763793945
9000000.00003548,-64.9281463623047
9000000.00003548,-65.0177230834961
9000000.00003549,-65.1244964599609
9000000.00003549,-65.2487258911133
9000000.00003549,-65.3906936645508
9000000.0000355,-65.550666809082
9000000.00003551,-65.7289123535156
9000000.00003551,-65.9257125854492
9000000.00003552,-66.1413345336914
9000000.00003552,-66.3760528564453
9000000.00003553,-66.6301345825195
9000000.00003553,-66.9258804321289
9000000.00003554,-67.2780532836914
9000000.00003554,-67.6756134033203
9000000.00003554,-68.1075286865234
9000000.00003555,-68.5627822875977
9000000.00003556,-69.0303421020508
9000000.00003556,-69.4991683959961
9000000.00003557,-69.9582366943359
9000000.00003557,-70.3965148925781
9000000.00003557,-70.802978515625
9000000.00003558,-71.1665954589844
9000000.00003559,-71.4763336181641
9000000.00003559,-71.7211685180664
9000000.0000356,-71.8980178833008
9000000.0000356,-72.0285034179688
9000000.00003561,-72.1180648803711
9000000.00003561,-72.1704254150391
9000000.00003562,-72.1893005371094
9000000.00003562,-72.1784057617188
9000000.00003563,-72.141471862793
9000000.00003563,-72.0822067260742
9000000.00003564,-72.0043411254883
9000000.00003564,-71.9115829467773
9000000.00003565,-71.8076629638672
9000000.00003565,-71.6962966918945
9000000.00003565,-71.5811996459961
9000000.00003566,-71.4642486572266
9000000.00003567,-71.3252105712891
9000000.00003567,-71.1604385375977
9000000.00003568,-70.9736938476563
9000000.00003568,-70.7687301635742
9000000.00003568,-70.5492782592773
9000000.00003569,-70.3191070556641
9000000.0000357,-70.0819549560547
9000000.0000357,-69.8415832519531
9000000.00003571,-69.6017227172852
9000000.00003571,-69.3661346435547
9000000.00003572,-69.1385726928711
9000000.00003572,-68.9227752685547
9000000.00003573,-68.7224960327148
9000000.00003573,-68.5303726196289
9000000.00003573,-68.3372192382813
9000000.00003574,-68.1440963745117
9000000.00003575,-67.9520568847656
9000000.00003575,-67.7621612548828
9000000.00003576,-67.5754470825195
9000000.00003576,-67.3929748535156
9000000.00003576,-67.2158050537109
9000000.00003577,-67.0449752807617
9000000.00003578,-66.8815536499023
9000000.00003578,-66.7265853881836
9000000.00003579,-66.5811157226563
9000000.00003579,-66.4462127685547
9000000.0000358,-66.3201141357422
9000000.0000358,-66.1950912475586
9000000.00003581,-66.0722579956055
9000000.00003581,-65.9534606933594
9000000.00003581,-65.8405151367188
9000000.00003582,-65.7352600097656
9000000.00003583,-65.639533996582
9000000.00003583,-65.5551605224609
9000000.00003584,-65.4839782714844
9000000.00003584,-65.4278106689453
9000000.00003584,-65.3885040283203
9000000.00003585,-65.3678817749023
9000000.00003586,-65.3677749633789
9000000.00003586,-65.3896865844727
9000000.00003587,-65.4303817749023
9000000.00003587,-65.4881744384766
9000000.00003587,-65.5625152587891
9000000.00003588,-65.6528778076172
9000000.00003589,-65.7587280273438
9000000.00003589,-65.8795318603516
9000000.0000359,-66.014762878418
9000000.0000359,-66.1638717651367
9000000.00003591,-66.3263320922852
9000000.00003591,-66.5016174316406
9000000.00003592,-66.6891784667969
9000000.00003592,-66.8884963989258
9000000.00003592,-67.0990219116211
9000000.00003593,-67.3433151245117
9000000.00003594,-67.6371917724609
9000000.00003594,-67.9700469970703
9000000.00003595,-68.3312759399414
9000000.00003595,-68.7102737426758
9000000.00003595,-69.096435546875
9000000.00003596,-69.4791488647461
9000000.00003597,-69.8478240966797
9000000.00003597,-70.1918411254883
9000000.00003598,-70.5005950927734
9000000.00003598,-70.7634887695313
9000000.00003599,-70.9699172973633
9000000.00003599,-71.109260559082
9000000.000036,-71.1761016845703
9000000.000036,-71.1844253540039
9000000.000036,-71.1414260864258
9000000.00003601,-71.0533065795898
9000000.00003602,-70.9262771606445
9000000.00003602,-70.7665481567383
9000000.00003603,-70.5803298950195
9000000.00003603,-70.3738174438477
9000000.00003603,-70.1532363891602
9000000.00003604,-69.9247817993164
9000000.00003605,-69.6946640014648
9000000.00003605,-69.4690933227539
9000000.00003606,-69.2542724609375
9000000.00003606,-69.0539016723633
9000000.00003606,-68.8407897949219
9000000.00003607,-68.6089782714844
9000000.00003608,-68.3623886108398
9000000.00003608,-68.1049423217773
9000000.00003609,-67.8405685424805
9000000.00003609,-67.5731964111328
9000000.0000361,-67.306755065918
9000000.0000361,-67.0451583862305
9000000.00003611,-66.7923431396484
9000000.00003611,-66.5522308349609
9000000.00003611,-66.328742980957
9000000.00003612,-66.1258239746094
9000000.00003613,-65.947380065918
9000000.00003613,-65.7858963012695
9000000.00003614,-65.6319046020508
9000000.00003614,-65.4864044189453
9000000.00003614,-65.3504104614258
9000000.00003615,-65.2249298095703
9000000.00003616,-65.110969543457
9000000.00003616,-65.0095367431641
9000000.00003617,-64.921630859375
9000000.00003617,-64.8482666015625
9000000.00003618,-64.7904586791992
9000000.00003618,-64.7491989135742
9000000.00003619,-64.7255096435547
9000000.00003619,-64.7203826904297
9000000.00003619,-64.7331314086914
9000000.0000362,-64.7590942382813
9000000.00003621,-64.7985534667969
9000000.00003621,-64.8521957397461
9000000.00003622,-64.9207305908203
9000000.00003622,-65.0048599243164
9000000.00003622,-65.1052780151367
9000000.00003623,-65.2226943969727
9000000.00003624,-65.3578033447266
9000000.00003624,-65.5112991333008
9000000.00003625,-65.6838989257813
9000000.00003625,-65.8762817382813
9000000.00003625,-66.0891723632813
9000000.00003626,-66.3223419189453
9000000.00003627,-66.5654373168945
9000000.00003627,-66.8176803588867
9000000.00003628,-67.0820999145508
9000000.00003628,-67.3617095947266
9000000.00003629,-67.6595306396484
9000000.00003629,-67.9785842895508
9000000.0000363,-68.3218994140625
9000000.0000363,-68.6924896240234
9000000.0000363,-69.093376159668
9000000.00003631,-69.5275802612305
9000000.00003632,-69.9981307983398
9000000.00003632,-70.5080413818359
9000000.00003633,-71.0603332519531
9000000.00003633,-71.7072219848633
9000000.00003633,-72.4806060791016
9000000.00003634,-73.3530578613281
9000000.00003635,-74.297119140625
9000000.00003635,-75.2853546142578
9000000.00003636,-76.2903213500977
9000000.00003636,-77.2845764160156
9000000.00003637,-78.2406768798828
9000000.00003637,-79.1311798095703
9000000.00003638,-79.9286422729492
9000000.00003638,-80.6056289672852
9000000.00003638,-81.1346893310547
9000000.00003639,-81.4883880615234
9000000.0000364,-81.6489944458008
9000000.0000364,-81.6426086425781
9000000.00003641,-81.4907531738281
9000000.00003641,-81.2133941650391
9000000.00003641,-80.8305206298828
9000000.00003642,-80.3620834350586
9000000.00003643,-79.8280792236328
9000000.00003643,-79.2484664916992
9000000.00003644,-78.6432266235352
9000000.00003644,-78.0323257446289
9000000.00003644,-77.4357376098633
9000000.00003645,-76.8734359741211
9000000.00003646,-76.3654022216797
9000000.00003646,-75.9257736206055
9000000.00003647,-75.4938125610352
9000000.00003647,-75.050651550293
9000000.00003648,-74.5995025634766
9000000.00003648,-74.1435775756836
9000000.00003649,-73.6860733032227
9000000.00003649,-73.2302017211914
9000000.00003649,-72.7791595458984
9000000.0000365,-72.3361663818359
9000000.00003651,-71.9044189453125
9000000.00003651,-71.4871292114258
9000000.00003652,-71.0875015258789
9000000.00003652,-70.7087478637695
9000000.00003652,-70.3540573120117
9000000.00003653,-70.016242980957
9000000.00003654,-69.6868362426758
9000000.00003654,-69.3671951293945
9000000.00003655,-69.0586471557617
9000000.00003655,-68.7625274658203
9000000.00003656,-68.4801940917969
9000000.00003656,-68.2129669189453
9000000.00003657,-67.9621963500977
9000000.00003657,-67.7292098999023
9000000.00003657,-67.5153656005859
9000000.00003658,-67.3219909667969
9000000.00003659,-67.1504287719727
9000000.00003659,-67.0020141601563
9000000.0000366,-66.8753967285156
9000000.0000366,-66.7631988525391
9000000.0000366,-66.6661224365234
9000000.00003661,-66.5855712890625
9000000.00003662,-66.5229187011719
9000000.00003662,-66.4795532226563
9000000.00003663,-66.4568710327148
9000000.00003663,-66.4562606811523
9000000.00003664,-66.4791030883789
9000000.00003664,-66.5267868041992
9000000.00003665,-66.600700378418
9000000.00003665,-66.7022399902344
9000000.00003666,-66.8327789306641
9000000.00003666,-66.9951171875
9000000.00003667,-67.206298828125
9000000.00003667,-67.4652938842773
9000000.00003668,-67.7648162841797
9000000.00003668,-68.0975799560547
9000000.00003668,-68.4563140869141
9000000.00003669,-68.8337173461914
9000000.0000367,-69.2225189208984
9000000.0000367,-69.6154251098633
9000000.00003671,-70.0051574707031
9000000.00003671,-70.3844223022461
9000000.00003671,-70.7459564208984
9000000.00003672,-71.0824584960938
9000000.00003673,-71.3866424560547
9000000.00003673,-71.6814193725586
9000000.00003674,-71.9903793334961
9000000.00003674,-72.3073120117188
9000000.00003675,-72.6260070800781
9000000.00003675,-72.9402389526367
9000000.00003676,-73.2437896728516
9000000.00003676,-73.5304565429688
9000000.00003676,-73.7940139770508
9000000.00003677,-74.0282440185547
9000000.00003678,-74.226936340332
9000000.00003678,-74.3838729858398
9000000.00003679,-74.4928359985352
9000000.00003679,-74.547607421875
9000000.00003679,-74.5426788330078
9000000.0000368,-74.4798355102539
9000000.00003681,-74.3651351928711
9000000.00003681,-74.204704284668
9000000.00003682,-74.0046691894531
9000000.00003682,-73.7711410522461
9000000.00003683,-73.5102462768555
9000000.00003683,-73.2280960083008
9000000.00003684,-72.9308242797852
9000000.00003684,-72.6245422363281
9000000.00003685,-72.3153686523438
9000000.00003685,-72.0094299316406
9000000.00003686,-71.7128448486328
9000000.00003686,-71.4292144775391
9000000.00003687,-71.1312484741211
9000000.00003687,-70.8130569458008
9000000.00003687,-70.4786911010742
9000000.00003688,-70.1321792602539
9000000.00003689,-69.7775650024414
9000000.00003689,-69.4189071655273
9000000.0000369,-69.0602340698242
9000000.0000369,-68.7055892944336
9000000.0000369,-68.359016418457
9000000.00003691,-68.0245590209961
9000000.00003692,-67.7062606811523
9000000.00003692,-67.4081573486328
9000000.00003693,-67.1343002319336
9000000.00003693,-66.8758926391602
9000000.00003694,-66.6224670410156
9000000.00003694,-66.3755798339844
9000000.00003695,-66.1367721557617
9000000.00003695,-65.907600402832
9000000.00003695,-65.6896057128906
9000000.00003696,-65.4843368530273
9000000.00003697,-65.2933349609375
9000000.00003697,-65.1181640625
9000000.00003698,-64.9603576660156
9000000.00003698,-64.8214721679688
9000000.00003698,-64.7030487060547
9000000.00003699,-64.6066360473633
9000000.000037,-64.5320510864258
9000000.000037,-64.4745101928711
9000000.00003701,-64.4337539672852
9000000.00003701,-64.4099426269531
9000000.00003702,-64.4032135009766
9000000.00003702,-64.4137115478516
9000000.00003703,-64.4415893554688
9000000.00003703,-64.4869842529297
9000000.00003704,-64.5500564575195
9000000.00003704,-64.6309432983398
9000000.00003705,-64.7298049926758
9000000.00003705,-64.8467636108398
9000000.00003706,-64.9819946289063
9000000.00003706,-65.1367721557617
9000000.00003706,-65.3247299194336
9000000.00003707,-65.5459136962891
9000000.00003708,-65.7953643798828
9000000.00003708,-66.0681686401367
9000000.00003709,-66.3593597412109
9000000.00003709,-66.6640167236328
9000000.00003709,-66.9771957397461
9000000.0000371,-67.2939453125
9000000.00003711,-67.6093444824219
9000000.00003711,-67.9184341430664
9000000.00003712,-68.2162857055664
9000000.00003712,-68.4979629516602
9000000.00003713,-68.7585144042969
9000000.00003713,-69.0116806030273
9000000.00003714,-69.2722625732422
9000000.00003714,-69.5369186401367
9000000.00003714,-69.8022994995117
9000000.00003715,-70.065055847168
9000000.00003716,-70.3218612670898
9000000.00003716,-70.5693511962891
9000000.00003717,-70.8041839599609
9000000.00003717,-71.0230255126953
9000000.00003717,-71.222526550293
9000000.00003718,-71.3993301391602
9000000.00003719,-71.5501098632813
9000000.00003719,-71.6715087890625
9000000.0000372,-71.7621612548828
9000000.0000372,-71.8274078369141
9000000.00003721,-71.8692474365234
9000000.00003721,-71.8892822265625
9000000.00003722,-71.8891067504883
9000000.00003722,-71.8703079223633
9000000.00003723,-71.8344955444336
9000000.00003723,-71.7832565307617
9000000.00003724,-71.7181930541992
9000000.00003724,-71.6408920288086
9000000.00003725,-71.5529556274414
9000000.00003725,-71.4559860229492
9000000.00003725,-71.3515701293945
9000000.00003726,-71.2401123046875
9000000.00003727,-71.108283996582
9000000.00003727,-70.9544525146484
9000000.00003728,-70.7818756103516
9000000.00003728,-70.5938034057617
9000000.00003728,-70.3934936523438
9000000.00003729,-70.184196472168
9000000.0000373,-69.9691696166992
9000000.0000373,-69.7516708374023
9000000.00003731,-69.5349426269531
9000000.00003731,-69.3222503662109
9000000.00003732,-69.1168365478516
9000000.00003732,-68.9219589233398
9000000.00003733,-68.7408752441406
9000000.00003733,-68.5643768310547
9000000.00003733,-68.3826217651367
9000000.00003734,-68.1978759765625
9000000.00003735,-68.0124282836914
9000000.00003735,-67.8285522460938
9000000.00003736,-67.6485214233398
9000000.00003736,-67.4746170043945
9000000.00003736,-67.3091201782227
9000000.00003737,-67.1543121337891
9000000.00003738,-67.0124588012695
9000000.00003738,-66.8858413696289
9000000.00003739,-66.7767486572266
9000000.00003739,-66.6874465942383
9000000.0000374,-66.6167831420898
9000000.0000374,-66.5553207397461
9000000.00003741,-66.5033874511719
9000000.00003741,-66.4621124267578
9000000.00003742,-66.4326629638672
9000000.00003742,-66.4161682128906
9000000.00003743,-66.4137878417969
9000000.00003743,-66.4266662597656
9000000.00003744,-66.4559478759766
9000000.00003744,-66.5027923583984
9000000.00003744,-66.5683288574219
9000000.00003745,-66.6537170410156
9000000.00003746,-66.7601089477539
9000000.00003746,-66.8901214599609
9000000.00003747,-67.0615997314453
9000000.00003747,-67.2737503051758
9000000.00003747,-67.5192108154297
9000000.00003748,-67.7906494140625
9000000.00003749,-68.0807113647461
9000000.00003749,-68.3820495605469
9000000.0000375,-68.6873245239258
9000000.0000375,-68.9891891479492
9000000.00003751,-69.2802886962891
9000000.00003751,-69.5532836914063
9000000.00003752,-69.8008270263672
9000000.00003752,-70.0155715942383
9000000.00003752,-70.1901702880859
9000000.00003753,-70.3344268798828
9000000.00003754,-70.4631881713867
9000000.00003754,-70.5766448974609
9000000.00003755,-70.6749801635742
9000000.00003755,-70.7583847045898
9000000.00003755,-70.8270568847656
9000000.00003756,-70.8811874389648
9000000.00003757,-70.9209671020508
9000000.00003757,-70.9465866088867
9000000.00003758,-70.9582366943359
9000000.00003758,-70.9561080932617
9000000.00003759,-70.9403991699219
9000000.00003759,-70.9112930297852
9000000.0000376,-70.8648071289063
9000000.0000376,-70.7894134521484
9000000.0000376,-70.6882400512695
9000000.00003761,-70.5655364990234
9000000.00003762,-70.4255447387695
9000000.00003762,-70.2724990844727
9000000.00003763,-70.1106567382813
9000000.00003763,-69.9442520141602
9000000.00003763,-69.7775421142578
9000000.00003764,-69.6147537231445
9000000.00003765,-69.4601440429688
9000000.00003765,-69.3179550170898
9000000.00003766,-69.1924285888672
9000000.00003766,-69.0866928100586
9000000.00003766,-68.9891815185547
9000000.00003767,-68.8959045410156
9000000.00003768,-68.8070831298828
9000000.00003768,-68.722900390625
9000000.00003769,-68.6435699462891
9000000.00003769,-68.5692977905273
9000000.0000377,-68.5002899169922
9000000.0000377,-68.4367370605469
9000000.00003771,-68.3788528442383
9000000.00003771,-68.3268356323242
9000000.00003771,-68.280891418457
9000000.00003772,-68.2412261962891
9000000.00003773,-68.2080459594727
9000000.00003773,-68.1829986572266
9000000.00003774,-68.1669692993164
9000000.00003774,-68.1590270996094
9000000.00003774,-68.1582260131836
9000000.00003775,-68.1636276245117
9000000.00003776,-68.1742782592773
9000000.00003776,-68.1892471313477
9000000.00003777,-68.2075881958008
9000000.00003777,-68.2283554077148
9000000.00003778,-68.2506103515625
9000000.00003778,-68.2734069824219
9000000.00003779,-68.2958068847656
9000000.00003779,-68.3168716430664
9000000.00003779,-68.334587097168
9000000.0000378,-68.3460235595703
9000000.00003781,-68.35302734375
9000000.00003781,-68.3577575683594
9000000.00003782,-68.3623962402344
9000000.00003782,-68.3691101074219
9000000.00003782,-68.3800659179688
9000000.00003783,-68.3974380493164
9000000.00003784,-68.4233856201172
9000000.00003784,-68.4600982666016
9000000.00003785,-68.5097274780273
9000000.00003785,-68.5744552612305
9000000.00003785,-68.6564407348633
9000000.00003786,-68.7581405639648
9000000.00003787,-68.8836135864258
9000000.00003787,-69.0309448242188
9000000.00003788,-69.1967315673828
9000000.00003788,-69.377555847168
9000000.00003789,-69.5699844360352
9000000.00003789,-69.770622253418
9000000.0000379,-69.9760360717773
9000000.0000379,-70.1828231811523
9000000.0000379,-70.3875503540039
9000000.00003791,-70.5868225097656
9000000.00003792,-70.7772064208984
9000000.00003792,-70.9552917480469
9000000.00003793,-71.1176605224609
9000000.00003793,-71.2776336669922
9000000.00003793,-71.4480438232422
9000000.00003794,-71.6247100830078
9000000.00003795,-71.8034591674805
9000000.00003795,-71.9801177978516
9000000.00003796,-72.150505065918
9000000.00003796,-72.3104553222656
9000000.00003797,-72.4557800292969
9000000.00003797,-72.5823211669922
9000000.00003798,-72.6858978271484
9000000.00003798,-72.7623291015625
9000000.00003798,-72.8074493408203
9000000.00003799,-72.8170852661133
9000000.000038,-72.7868194580078
9000000.000038,-72.715934753418
9000000.00003801,-72.6090469360352
9000000.00003801,-72.4710159301758
9000000.00003801,-72.3067092895508
9000000.00003802,-72.1209869384766
9000000.00003803,-71.9186935424805
9000000.00003803,-71.7046966552734
9000000.00003804,-71.4838485717773
9000000.00003804,-71.2610168457031
9000000.00003805,-71.0410537719727
9000000.00003805,-70.8288192749023
9000000.00003806,-70.6291656494141
9000000.00003806,-70.4453887939453
9000000.00003807,-70.2609329223633
9000000.00003807,-70.0711975097656
9000000.00003808,-69.877571105957
9000000.00003808,-69.6814804077148
9000000.00003809,-69.4843139648438
9000000.00003809,-69.2874984741211
9000000.00003809,-69.0924301147461
9000000.0000381,-68.9005126953125
9000000.00003811,-68.7131652832031
9000000.00003811,-68.5317840576172
9000000.00003812,-68.357780456543
9000000.00003812,-68.1925659179688
9000000.00003812,-68.0375366210938
9000000.00003813,-67.8896484375
9000000.00003814,-67.7452621459961
9000000.00003814,-67.6049118041992
9000000.00003815,-67.4691314697266
9000000.00003815,-67.3384628295898
9000000.00003816,-67.2134323120117
9000000.00003816,-67.0945739746094
9000000.00003817,-66.9824371337891
9000000.00003817,-66.877555847168
9000000.00003817,-66.7804565429688
9000000.00003818,-66.6916732788086
9000000.00003819,-66.6117553710938
9000000.00003819,-66.5412216186523
9000000.0000382,-66.4780044555664
9000000.0000382,-66.4148864746094
9000000.0000382,-66.3533782958984
9000000.00003821,-66.2956848144531
9000000.00003822,-66.2440032958984
9000000.00003822,-66.2005386352539
9000000.00003823,-66.1674957275391
9000000.00003823,-66.1470642089844
9000000.00003824,-66.1414489746094
9000000.00003824,-66.1528549194336
9000000.00003825,-66.183479309082
9000000.00003825,-66.2355270385742
9000000.00003826,-66.3111953735352
9000000.00003826,-66.411247253418
9000000.00003827,-66.5196380615234
9000000.00003827,-66.6341705322266
9000000.00003828,-66.7584991455078
9000000.00003828,-66.8962707519531
9000000.00003828,-67.0511474609375
9000000.00003829,-67.2267837524414
9000000.0000383,-67.4268188476563
9000000.0000383,-67.6549224853516
9000000.00003831,-67.9147415161133
9000000.00003831,-68.2099304199219
9000000.00003831,-68.5441436767578
9000000.00003832,-68.9210357666016
9000000.00003833,-69.3442535400391
9000000.00003833,-69.8588562011719
9000000.00003834,-70.4911804199219
9000000.00003834,-71.2168655395508
9000000.00003835,-72.0115051269531
9000000.00003835,-72.8507308959961
9000000.00003836,-73.7101593017578
9000000.00003836,-74.5654067993164
9000000.00003836,-75.3920822143555
9000000.00003837,-76.1658096313477
9000000.00003838,-76.8622055053711
9000000.00003838,-77.4568862915039
9000000.00003839,-77.9254684448242
9000000.00003839,-78.2435760498047
9000000.00003839,-78.3979797363281
9000000.0000384,-78.4188919067383
9000000.00003841,-78.3233947753906
9000000.00003841,-78.1265487670898
9000000.00003842,-77.843376159668
9000000.00003842,-77.4889144897461
9000000.00003843,-77.0782241821289
9000000.00003843,-76.6263275146484
9000000.00003844,-76.1482620239258
9000000.00003844,-75.6590805053711
9000000.00003845,-75.1738204956055
9000000.00003845,-74.7075119018555
9000000.00003846,-74.2751998901367
9000000.00003846,-73.8868637084961
9000000.00003847,-73.4888687133789
9000000.00003847,-73.06689453125
9000000.00003847,-72.6261520385742
9000000.00003848,-72.1718521118164
9000000.00003849,-71.7091903686523
9000000.00003849,-71.2433776855469
9000000.0000385,-70.7796173095703
9000000.0000385,-70.3231048583984
9000000.0000385,-69.8790512084961
9000000.00003851,-69.4526596069336
9000000.00003852,-69.0491409301758
9000000.00003852,-68.6736907958984
9000000.00003853,-68.3315124511719
9000000.00003853,-68.0142364501953
9000000.00003854,-67.7103958129883
9000000.00003854,-67.420539855957
9000000.00003855,-67.1452255249023
9000000.00003855,-66.8850173950195
9000000.00003855,-66.6404647827148
9000000.00003856,-66.4121322631836
9000000.00003857,-66.2005767822266
9000000.00003857,-66.00634765625
9000000.00003858,-65.8300018310547
9000000.00003858,-65.6721038818359
9000000.00003858,-65.5332107543945
9000000.00003859,-65.4138717651367
9000000.0000386,-65.3145751953125
9000000.0000386,-65.2351226806641
9000000.00003861,-65.1749801635742
9000000.00003861,-65.1336059570313
9000000.00003862,-65.110481262207
9000000.00003862,-65.1050567626953
9000000.00003863,-65.1168060302734
9000000.00003863,-65.1452026367188
9000000.00003864,-65.189697265625
9000000.00003864,-65.2497634887695
9000000.00003865,-65.3248672485352
9000000.00003865,-65.4144821166992
9000000.00003866,-65.5180587768555
9000000.00003866,-65.6351699829102
9000000.00003866,-65.7667694091797
9000000.00003867,-65.9133453369141
9000000.00003868,-66.0750503540039
9000000.00003868,-66.2520446777344
9000000.00003869,-66.444465637207
9000000.00003869,-66.6524810791016
9000000.00003869,-66.8762359619141
9000000.0000387,-67.1158828735352
9000000.00003871,-67.37158203125
9000000.00003871,-67.6434707641602
9000000.00003872,-67.9317169189453
9000000.00003872,-68.2364654541016
9000000.00003873,-68.5578765869141
9000000.00003873,-68.9171905517578
9000000.00003874,-69.3286209106445
9000000.00003874,-69.7817077636719
9000000.00003874,-70.2660140991211
9000000.00003875,-70.7710952758789
9000000.00003876,-71.286506652832
9000000.00003876,-71.8017959594727
9000000.00003877,-72.306526184082
9000000.00003877,-72.7902526855469
9000000.00003877,-73.2425231933594
9000000.00003878,-73.6529083251953
9000000.00003879,-74.0109405517578
9000000.00003879,-74.3061981201172
9000000.0000388,-74.5390396118164
9000000.0000388,-74.7389984130859
9000000.00003881,-74.9086151123047
9000000.00003881,-75.0479049682617
9000000.00003882,-75.1568832397461
9000000.00003882,-75.2355804443359
9000000.00003883,-75.2840118408203
9000000.00003883,-75.3022003173828
9000000.00003884,-75.2901611328125
9000000.00003884,-75.2479248046875
9000000.00003885,-75.1754989624023
9000000.00003885,-75.0729141235352
9000000.00003885,-74.940185546875
9000000.00003886,-74.7750701904297
9000000.00003887,-74.5508804321289
9000000.00003887,-74.2672576904297
9000000.00003888,-73.9335861206055
9000000.00003888,-73.5592803955078
9000000.00003888,-73.1537322998047
9000000.00003889,-72.7263336181641
9000000.0000389,-72.286491394043
9000000.0000389,-71.8436050415039
9000000.00003891,-71.4070587158203
9000000.00003891,-70.9862670898438
9000000.00003892,-70.5906219482422
9000000.00003892,-70.2295227050781
9000000.00003893,-69.9123611450195
9000000.00003893,-69.6225891113281
9000000.00003893,-69.3385162353516
9000000.00003894,-69.0618591308594
9000000.00003895,-68.794303894043
9000000.00003895,-68.5375595092773
9000000.00003896,-68.2933349609375
9000000.00003896,-68.0633316040039
9000000.00003896,-67.8492584228516
9000000.00003897,-67.6528167724609
9000000.00003898,-67.475700378418
9000000.00003898,-67.3196258544922
9000000.00003899,-67.1862945556641
9000000.00003899,-67.0774154663086
9000000.000039,-66.9939727783203
9000000.000039,-66.9340667724609
9000000.00003901,-66.8964462280273
9000000.00003901,-66.8799819946289
9000000.00003902,-66.8835372924805
9000000.00003902,-66.9059906005859
9000000.00003903,-66.9462051391602
9000000.00003903,-67.0030517578125
9000000.00003904,-67.0754013061523
9000000.00003904,-67.1621246337891
9000000.00003904,-67.262092590332
9000000.00003905,-67.3741683959961
9000000.00003906,-67.4972305297852
9000000.00003906,-67.6313171386719
9000000.00003907,-67.7897033691406
9000000.00003907,-67.9736022949219
9000000.00003907,-68.1793441772461
9000000.00003908,-68.4032821655273
9000000.00003909,-68.6417388916016
9000000.00003909,-68.8910675048828
9000000.0000391,-69.1476058959961
9000000.0000391,-69.4076995849609
9000000.00003911,-69.6676788330078
9000000.00003911,-69.9238891601563
9000000.00003912,-70.1726760864258
9000000.00003912,-70.4103775024414
9000000.00003912,-70.6333312988281
9000000.00003913,-70.8568954467773
9000000.00003914,-71.0955123901367
9000000.00003914,-71.3441925048828
9000000.00003915,-71.5979461669922
9000000.00003915,-71.8517837524414
9000000.00003915,-72.100700378418
9000000.00003916,-72.3397064208984
9000000.00003917,-72.5638122558594
9000000.00003917,-72.7680206298828
9000000.00003918,-72.9473342895508
9000000.00003918,-73.0967636108398
9000000.00003919,-73.211311340332
9000000.00003919,-73.2859878540039
9000000.0000392,-73.3186340332031
9000000.0000392,-73.3169403076172
9000000.00003921,-73.2839813232422
9000000.00003921,-73.2222442626953
9000000.00003922,-73.1342315673828
9000000.00003922,-73.0224380493164
9000000.00003923,-72.8893585205078
9000000.00003923,-72.7374877929688
9000000.00003923,-72.5693206787109
9000000.00003924,-72.3873519897461
9000000.00003925,-72.1940841674805
9000000.00003925,-71.9919967651367
9000000.00003926,-71.7836074829102
9000000.00003926,-71.5694808959961
9000000.00003926,-71.3280715942383
9000000.00003927,-71.0568466186523
9000000.00003928,-70.7611236572266
9000000.00003928,-70.4462356567383
9000000.00003929,-70.1175079345703
9000000.00003929,-69.7802734375
9000000.0000393,-69.4398574829102
9000000.0000393,-69.1015853881836
9000000.00003931,-68.7707901000977
9000000.00003931,-68.4527969360352
9000000.00003931,-68.1529388427734
9000000.00003932,-67.8765335083008
9000000.00003933,-67.6289138793945
9000000.00003933,-67.3985748291016
9000000.00003934,-67.1717987060547
9000000.00003934,-66.9505767822266
9000000.00003934,-66.7369079589844
9000000.00003935,-66.5327835083008
9000000.00003936,-66.340202331543
9000000.00003936,-66.1611633300781
9000000.00003937,-65.9976577758789
9000000.00003937,-65.851676940918
9000000.00003938,-65.7252349853516
9000000.00003938,-65.6203079223633
9000000.00003939,-65.5389099121094
9000000.00003939,-65.4830169677734
9000000.00003939,-65.4516525268555
9000000.0000394,-65.4366226196289
9000000.00003941,-65.4381713867188
9000000.00003941,-65.4572830200195
9000000.00003942,-65.4949340820313
9000000.00003942,-65.5521087646484
9000000.00003942,-65.6297912597656
9000000.00003943,-65.7289581298828
9000000.00003944,-65.8505935668945
9000000.00003944,-65.9956741333008
9000000.00003945,-66.1651763916016
9000000.00003945,-66.3600845336914
9000000.00003946,-66.5813751220703
9000000.00003946,-66.8312835693359
9000000.00003947,-67.1248016357422
9000000.00003947,-67.4612503051758
9000000.00003948,-67.8344345092773
9000000.00003948,-68.238166809082
9000000.00003949,-68.6662445068359
9000000.00003949,-69.1124801635742
9000000.0000395,-69.570686340332
9000000.0000395,-70.03466796875
9000000.0000395,-70.4982299804688
9000000.00003951,-70.9551849365234
9000000.00003952,-71.3993377685547
9000000.00003952,-71.8245010375977
9000000.00003953,-72.2244720458984
9000000.00003953,-72.6319427490234
9000000.00003953,-73.0758972167969
9000000.00003954,-73.5446243286133
9000000.00003955,-74.0264205932617
9000000.00003955,-74.5095672607422
9000000.00003956,-74.9823455810547
9000000.00003956,-75.4330444335938
9000000.00003957,-75.8499526977539
9000000.00003957,-76.2213592529297
9000000.00003958,-76.5355453491211
9000000.00003958,-76.7807998657227
9000000.00003958,-76.9454116821289
9000000.00003959,-77.0176620483398
9000000.0000396,-76.9859237670898
9000000.0000396,-76.8501205444336
9000000.00003961,-76.622673034668
9000000.00003961,-76.3164520263672
9000000.00003961,-75.9443054199219
9000000.00003962,-75.5191040039063
9000000.00003963,-75.0537033081055
9000000.00003963,-74.5609664916992
9000000.00003964,-74.0537490844727
9000000.00003964,-73.5449142456055
9000000.00003965,-73.0473175048828
9000000.00003965,-72.5738296508789
9000000.00003966,-72.1373062133789
9000000.00003966,-71.7466125488281
9000000.00003967,-71.3599014282227
9000000.00003967,-70.9649810791016
9000000.00003968,-70.5648956298828
9000000.00003968,-70.1626739501953
9000000.00003969,-69.7613525390625
9000000.00003969,-69.3639755249023
9000000.00003969,-68.9735641479492
9000000.0000397,-68.5931701660156
9000000.00003971,-68.225830078125
9000000.00003971,-67.8745651245117
9000000.00003972,-67.5424194335938
9000000.00003972,-67.2324295043945
9000000.00003972,-66.947624206543
9000000.00003973,-66.6821136474609
9000000.00003974,-66.4285125732422
9000000.00003974,-66.1876373291016
9000000.00003975,-65.9603118896484
9000000.00003975,-65.7473526000977
9000000.00003976,-65.5495834350586
9000000.00003976,-65.3678283691406
9000000.00003977,-65.2029037475586
9000000.00003977,-65.0556259155273
9000000.00003977,-64.9268188476563
9000000.00003978,-64.8172988891602
9000000.00003979,-64.727897644043
9000000.00003979,-64.659423828125
9000000.0000398,-64.612678527832
9000000.0000398,-64.5875701904297
9000000.0000398,-64.5832595825195
9000000.00003981,-64.598876953125
9000000.00003982,-64.6335601806641
9000000.00003982,-64.6864166259766
9000000.00003983,-64.7565994262695
9000000.00003983,-64.8432235717773
9000000.00003984,-64.9454193115234
9000000.00003984,-65.0623245239258
9000000.00003985,-65.1930618286133
9000000.00003985,-65.3367538452148
9000000.00003986,-65.492546081543
9000000.00003986,-65.6610488891602
9000000.00003987,-65.8594818115234
9000000.00003987,-66.0888671875
9000000.00003988,-66.3439025878906
9000000.00003988,-66.6193313598633
9000000.00003988,-66.9098434448242
9000000.00003989,-67.2101821899414
9000000.0000399,-67.5150451660156
9000000.0000399,-67.8191604614258
9000000.00003991,-68.1172485351563
9000000.00003991,-68.4040145874023
9000000.00003991,-68.6741943359375
9000000.00003992,-68.9224853515625
9000000.00003993,-69.1436157226563
9000000.00003993,-69.3483505249023
9000000.00003994,-69.5498580932617
9000000.00003994,-69.746467590332
9000000.00003995,-69.9365158081055
9000000.00003995,-70.1183319091797
9000000.00003996,-70.2902679443359
9000000.00003996,-70.4506378173828
9000000.00003996,-70.597785949707
9000000.00003997,-70.7300491333008
9000000.00003998,-70.8457489013672
9000000.00003998,-70.943229675293
9000000.00003999,-71.0208206176758
9000000.00003999,-71.0768661499023
9000000.00003999,-71.1085891723633
9000000.00004,-71.1129379272461
9000000.00004001,-71.0925521850586
9000000.00004001,-71.0504531860352
9000000.00004002,-70.9896392822266
9000000.00004002,-70.9131240844727
9000000.00004003,-70.8239135742188
9000000.00004003,-70.7250213623047
9000000.00004004,-70.6194534301758
9000000.00004004,-70.5102233886719
9000000.00004005,-70.4003295898438
9000000.00004005,-70.2927932739258
9000000.00004006,-70.1906127929688
9000000.00004006,-70.0953216552734
9000000.00004007,-69.9905776977539
9000000.00004007,-69.8734512329102
9000000.00004007,-69.746955871582
9000000.00004008,-69.6141128540039
9000000.00004009,-69.4779357910156
9000000.00004009,-69.341438293457
9000000.0000401,-69.207649230957
9000000.0000401,-69.0795745849609
9000000.0000401,-68.9602432250977
9000000.00004011,-68.852668762207
9000000.00004012,-68.7598571777344
9000000.00004012,-68.6848449707031
9000000.00004013,-68.6306304931641
9000000.00004013,-68.5934753417969
9000000.00004014,-68.5674743652344
9000000.00004014,-68.5524063110352
9000000.00004015,-68.5480651855469
9000000.00004015,-68.5542297363281
9000000.00004015,-68.570686340332
9000000.00004016,-68.5972213745117
9000000.00004017,-68.6336288452148
9000000.00004017,-68.6796875
9000000.00004018,-68.7351913452148
9000000.00004018,-68.7999114990234
9000000.00004018,-68.873649597168
9000000.00004019,-68.9561767578125
9000000.0000402,-69.0509948730469
9000000.0000402,-69.1682968139648
9000000.00004021,-69.3053665161133
9000000.00004021,-69.45849609375
9000000.00004022,-69.6239700317383
9000000.00004022,-69.7980880737305
9000000.00004023,-69.9771270751953
9000000.00004023,-70.1573867797852
9000000.00004024,-70.3351593017578
9000000.00004024,-70.5067367553711
9000000.00004025,-70.6684036254883
9000000.00004025,-70.8164443969727
9000000.00004026,-70.9471664428711
9000000.00004026,-71.0578918457031
9000000.00004026,-71.1594772338867
9000000.00004027,-71.2554321289063
9000000.00004028,-71.3452911376953
9000000.00004028,-71.4286270141602
9000000.00004029,-71.5049896240234
9000000.00004029,-71.5739288330078
9000000.00004029,-71.6350021362305
9000000.0000403,-71.6877746582031
9000000.00004031,-71.7317886352539
9000000.00004031,-71.7666091918945
9000000.00004032,-71.7917861938477
9000000.00004032,-71.8068771362305
9000000.00004033,-71.8114395141602
9000000.00004033,-71.8022994995117
9000000.00004034,-71.7778091430664
9000000.00004034,-71.7398147583008
9000000.00004034,-71.6901626586914
9000000.00004035,-71.6306915283203
9000000.00004036,-71.5632400512695
9000000.00004036,-71.4896545410156
9000000.00004037,-71.4117889404297
9000000.00004037,-71.3314666748047
9000000.00004037,-71.2505340576172
9000000.00004038,-71.1708450317383
9000000.00004039,-71.09423828125
9000000.00004039,-71.0225524902344
9000000.0000404,-70.9560317993164
9000000.0000404,-70.8903198242188
9000000.00004041,-70.8247299194336
9000000.00004041,-70.758918762207
9000000.00004042,-70.6925582885742
9000000.00004042,-70.6253204345703
9000000.00004043,-70.5568542480469
9000000.00004043,-70.4868392944336
9000000.00004044,-70.4149398803711
9000000.00004044,-70.3408203125
9000000.00004045,-70.2641448974609
9000000.00004045,-70.1845779418945
9000000.00004045,-70.1017990112305
9000000.00004046,-70.0155487060547
9000000.00004047,-69.9268264770508
9000000.00004047,-69.8359451293945
9000000.00004048,-69.7428588867188
9000000.00004048,-69.6475219726563
9000000.00004048,-69.5498962402344
9000000.00004049,-69.4499435424805
9000000.0000405,-69.3476104736328
9000000.0000405,-69.2428588867188
9000000.00004051,-69.1356506347656
9000000.00004051,-69.0259323120117
9000000.00004052,-68.9136734008789
9000000.00004052,-68.798828125
9000000.00004053,-68.6813430786133
9000000.00004053,-68.5579376220703
9000000.00004053,-68.4264297485352
9000000.00004054,-68.2884521484375
9000000.00004055,-68.145637512207
9000000.00004055,-67.9996109008789
9000000.00004056,-67.8520050048828
9000000.00004056,-67.7044525146484
9000000.00004056,-67.5585861206055
9000000.00004057,-67.4160232543945
9000000.00004058,-67.2784118652344
9000000.00004058,-67.1473693847656
9000000.00004059,-67.0245361328125
9000000.00004059,-66.9115371704102
9000000.0000406,-66.8066101074219
9000000.0000406,-66.700439453125
9000000.00004061,-66.593994140625
9000000.00004061,-66.4890823364258
9000000.00004062,-66.3875198364258
9000000.00004062,-66.291130065918
9000000.00004063,-66.2017135620117
9000000.00004063,-66.12109375
9000000.00004064,-66.0510864257813
9000000.00004064,-65.9934997558594
9000000.00004064,-65.9501571655273
9000000.00004065,-65.9228668212891
9000000.00004066,-65.9134368896484
9000000.00004066,-65.9230575561523
9000000.00004067,-65.9448394775391
9000000.00004067,-65.9770584106445
9000000.00004067,-66.0204772949219
9000000.00004068,-66.0758743286133
9000000.00004069,-66.1440048217773
9000000.00004069,-66.2256546020508
9000000.0000407,-66.3215866088867
9000000.0000407,-66.4325637817383
9000000.00004071,-66.5593643188477
9000000.00004071,-66.702751159668
9000000.00004072,-66.8634948730469
9000000.00004072,-67.042366027832
9000000.00004072,-67.2401351928711
9000000.00004073,-67.4731826782227
9000000.00004074,-67.7517242431641
9000000.00004074,-68.0672607421875
9000000.00004075,-68.4113159179688
9000000.00004075,-68.7753829956055
9000000.00004075,-69.1509857177734
9000000.00004076,-69.5296325683594
9000000.00004077,-69.9028167724609
9000000.00004077,-70.2620697021484
9000000.00004078,-70.5988845825195
9000000.00004078,-70.9047775268555
9000000.00004079,-71.171257019043
9000000.00004079,-71.3898391723633
9000000.0000408,-71.560302734375
9000000.0000408,-71.7052917480469
9000000.00004081,-71.8272399902344
9000000.00004081,-71.9267196655273
9000000.00004082,-72.004280090332
9000000.00004082,-72.0604782104492
9000000.00004083,-72.0958557128906
9000000.00004083,-72.1109848022461
9000000.00004083,-72.1064071655273
9000000.00004084,-72.0826873779297
9000000.00004085,-72.0403671264648
9000000.00004085,-71.9800109863281
9000000.00004086,-71.9021682739258
9000000.00004086,-71.8059463500977
9000000.00004086,-71.6744995117188
9000000.00004087,-71.5070953369141
9000000.00004088,-71.3091812133789
9000000.00004088,-71.0862045288086
9000000.00004089,-70.8435897827148
9000000.00004089,-70.5867919921875
9000000.0000409,-70.3212432861328
9000000.0000409,-70.0523910522461
9000000.00004091,-69.7856674194336
9000000.00004091,-69.5265121459961
9000000.00004091,-69.2803802490234
9000000.00004092,-69.0526962280273
9000000.00004093,-68.8489074707031
9000000.00004093,-68.6589965820313
9000000.00004094,-68.4701156616211
9000000.00004094,-68.2834548950195
9000000.00004094,-68.100227355957
9000000.00004095,-67.9216156005859
9000000.00004096,-67.7488250732422
9000000.00004096,-67.5830535888672
9000000.00004097,-67.4254989624023
9000000.00004097,-67.2773590087891
9000000.00004098,-67.1398391723633
9000000.00004098,-67.0141220092773
9000000.00004099,-66.9014129638672
9000000.00004099,-66.8029174804688
9000000.000041,-66.7168960571289
9000000.000041,-66.6352920532227
9000000.00004101,-66.5591812133789
9000000.00004101,-66.490348815918
9000000.00004102,-66.4305953979492
9000000.00004102,-66.381721496582
9000000.00004102,-66.3455276489258
9000000.00004103,-66.3238143920898
9000000.00004104,-66.3183746337891
9000000.00004104,-66.3310089111328
9000000.00004105,-66.3635177612305
9000000.00004105,-66.4177017211914
9000000.00004106,-66.4953536987305
9000000.00004106,-66.5982666015625
9000000.00004107,-66.7270278930664
9000000.00004107,-66.8800201416016
9000000.00004108,-67.0553894042969
9000000.00004108,-67.2512893676758
9000000.00004109,-67.4658660888672
9000000.00004109,-67.6972732543945
9000000.0000411,-67.9436645507813
9000000.0000411,-68.2031860351563
9000000.0000411,-68.4739990234375
9000000.00004111,-68.7542419433594
9000000.00004112,-69.0420684814453
9000000.00004112,-69.3356323242188
9000000.00004113,-69.6330871582031
9000000.00004113,-69.9623107910156
9000000.00004113,-70.3442077636719
9000000.00004114,-70.7664642333984
9000000.00004115,-71.2167663574219
9000000.00004115,-71.6828002929688
9000000.00004116,-72.1522521972656
9000000.00004116,-72.61279296875
9000000.00004117,-73.052131652832
9000000.00004117,-73.4579315185547
9000000.00004118,-73.8178863525391
9000000.00004118,-74.1196746826172
9000000.00004118,-74.3509902954102
9000000.00004119,-74.4995193481445
9000000.0000412,-74.5587615966797
9000000.0000412,-74.5444869995117
9000000.00004121,-74.4651870727539
9000000.00004121,-74.328254699707
9000000.00004121,-74.1410903930664
9000000.00004122,-73.9110870361328
9000000.00004123,-73.6456527709961
9000000.00004123,-73.352180480957
9000000.00004124,-73.0380706787109
9000000.00004124,-72.7107238769531
9000000.00004125,-72.3775329589844
9000000.00004125,-72.0458984375
9000000.00004126,-71.7232208251953
9000000.00004126,-71.4137191772461
9000000.00004127,-71.0829925537109
9000000.00004127,-70.7238922119141
9000000.00004128,-70.3418045043945
9000000.00004128,-69.9421310424805
9000000.00004129,-69.5302658081055
9000000.00004129,-69.1115951538086
9000000.00004129,-68.6915130615234
9000000.0000413,-68.2754211425781
9000000.00004131,-67.8687057495117
9000000.00004131,-67.4767532348633
9000000.00004132,-67.1049728393555
9000000.00004132,-66.7587432861328
9000000.00004132,-66.4434585571289
9000000.00004133,-66.1489181518555
9000000.00004134,-65.8621826171875
9000000.00004134,-65.584587097168
9000000.00004135,-65.3174514770508
9000000.00004135,-65.0620956420898
9000000.00004136,-64.8198547363281
9000000.00004136,-64.592041015625
9000000.00004137,-64.3799896240234
9000000.00004137,-64.1850204467773
9000000.00004137,-64.0084533691406
9000000.00004138,-63.8516235351563
9000000.00004139,-63.7158508300781
9000000.00004139,-63.6024551391602
9000000.0000414,-63.5108642578125
9000000.0000414,-63.4358749389648
9000000.0000414,-63.3775825500488
9000000.00004141,-63.3365516662598
9000000.00004142,-63.3133430480957
9000000.00004142,-63.308521270752
9000000.00004143,-63.3226470947266
9000000.00004143,-63.3562774658203
9000000.00004144,-63.4099807739258
9000000.00004144,-63.4843139648438
9000000.00004145,-63.5798416137695
9000000.00004145,-63.6971282958984
9000000.00004146,-63.836727142334
9000000.00004146,-63.9991302490234
9000000.00004147,-64.1836318969727
9000000.00004147,-64.3897094726563
9000000.00004148,-64.6170959472656
9000000.00004148,-64.8655395507813
9000000.00004148,-65.134765625
9000000.00004149,-65.4245223999023
9000000.0000415,-65.7345275878906
9000000.0000415,-66.0645294189453
9000000.00004151,-66.4142608642578
9000000.00004151,-66.7834625244141
9000000.00004151,-67.1718597412109
9000000.00004152,-67.5791931152344
9000000.00004153,-68.0052032470703
9000000.00004153,-68.4799575805664
9000000.00004154,-69.0240631103516
9000000.00004154,-69.6230850219727
9000000.00004155,-70.2625579833984
9000000.00004155,-70.9280395507813
9000000.00004156,-71.6050720214844
9000000.00004156,-72.2792129516602
9000000.00004156,-72.9360046386719
9000000.00004157,-73.5609970092773
9000000.00004158,-74.1397399902344
9000000.00004158,-74.6577835083008
9000000.00004159,-75.1006774902344
9000000.00004159,-75.453971862793
9000000.00004159,-75.7135009765625
9000000.0000416,-75.9072723388672
9000000.00004161,-76.0425109863281
9000000.00004161,-76.1242065429688
9000000.00004162,-76.1573638916016
9000000.00004162,-76.1469955444336
9000000.00004163,-76.0980911254883
9000000.00004163,-76.0156707763672
9000000.00004164,-75.9047241210938
9000000.00004164,-75.7702560424805
9000000.00004165,-75.6172790527344
9000000.00004165,-75.4507904052734
9000000.00004166,-75.2757873535156
9000000.00004166,-75.0944595336914
9000000.00004167,-74.8754501342773
9000000.00004167,-74.6138305664063
9000000.00004167,-74.3160934448242
9000000.00004168,-73.9887313842773
9000000.00004169,-73.6382446289063
9000000.00004169,-73.2711181640625
9000000.0000417,-72.8938598632813
9000000.0000417,-72.5129547119141
9000000.0000417,-72.1349029541016
9000000.00004171,-71.7661895751953
9000000.00004172,-71.4133148193359
9000000.00004172,-71.0827713012695
9000000.00004173,-70.7810592651367
9000000.00004173,-70.4970169067383
9000000.00004174,-70.2158584594727
9000000.00004174,-69.9386291503906
9000000.00004175,-69.6663513183594
9000000.00004175,-69.4000778198242
9000000.00004175,-69.1408309936523
9000000.00004176,-68.8896636962891
9000000.00004177,-68.6475982666016
9000000.00004177,-68.4156723022461
9000000.00004178,-68.194938659668
9000000.00004178,-67.9864196777344
9000000.00004178,-67.7911529541016
9000000.00004179,-67.6101837158203
9000000.0000418,-67.4436492919922
9000000.0000418,-67.2891082763672
9000000.00004181,-67.1461639404297
9000000.00004181,-67.0146255493164
9000000.00004182,-66.8943023681641
9000000.00004182,-66.7850036621094
9000000.00004183,-66.6865386962891
9000000.00004183,-66.5987167358398
9000000.00004184,-66.5213470458984
9000000.00004184,-66.454231262207
9000000.00004185,-66.3971786499023
9000000.00004185,-66.3500061035156
9000000.00004186,-66.3125076293945
9000000.00004186,-66.2849960327148
9000000.00004186,-66.2731323242188
9000000.00004187,-66.2771682739258
9000000.00004188,-66.295280456543
9000000.00004188,-66.3256301879883
9000000.00004189,-66.3664016723633
9000000.00004189,-66.415771484375
9000000.00004189,-66.4718933105469
9000000.0000419,-66.532958984375
9000000.00004191,-66.5971374511719
9000000.00004191,-66.66259765625
9000000.00004192,-66.7275161743164
9000000.00004192,-66.7900619506836
9000000.00004193,-66.8484115600586
9000000.00004193,-66.9079818725586
9000000.00004194,-66.974479675293
9000000.00004194,-67.046501159668
9000000.00004194,-67.1226425170898
9000000.00004195,-67.2014999389648
9000000.00004196,-67.2816772460938
9000000.00004196,-67.3617706298828
9000000.00004197,-67.4403762817383
9000000.00004197,-67.5160903930664
9000000.00004197,-67.5875244140625
9000000.00004198,-67.6532592773438
9000000.00004199,-67.7118988037109
9000000.00004199,-67.7620468139648
9000000.000042,-67.8031463623047
9000000.000042,-67.8374938964844
9000000.00004201,-67.8659057617188
9000000.00004201,-67.889030456543
9000000.00004202,-67.9075241088867
9000000.00004202,-67.9220199584961
9000000.00004203,-67.9331741333008
9000000.00004203,-67.9416427612305
9000000.00004204,-67.9480514526367
9000000.00004204,-67.9530639648438
9000000.00004205,-67.9573211669922
9000000.00004205,-67.9614791870117
9000000.00004205,-67.9661712646484
9000000.00004206,-67.9717178344727
9000000.00004207,-67.9743423461914
9000000.00004207,-67.9734191894531
9000000.00004208,-67.9696807861328
9000000.00004208,-67.9638595581055
9000000.00004208,-67.9567108154297
9000000.00004209,-67.9489517211914
9000000.0000421,-67.9413299560547
9000000.0000421,-67.9345855712891
9000000.00004211,-67.9294586181641
9000000.00004211,-67.9266738891602
9000000.00004212,-67.9269714355469
9000000.00004212,-67.9310989379883
9000000.00004213,-67.9397888183594
9000000.00004213,-67.9510345458984
9000000.00004213,-67.9626388549805
9000000.00004214,-67.9750900268555
9000000.00004215,-67.9888610839844
9000000.00004215,-68.0044479370117
9000000.00004216,-68.0223236083984
9000000.00004216,-68.04296875
9000000.00004216,-68.0668563842773
9000000.00004217,-68.094482421875
9000000.00004218,-68.1263198852539
9000000.00004218,-68.1628494262695
9000000.00004219,-68.2045593261719
9000000.00004219,-68.2519149780273
9000000.0000422,-68.3053207397461
9000000.0000422,-68.3645248413086
9000000.00004221,-68.4290924072266
9000000.00004221,-68.4985961914063
9000000.00004222,-68.5725860595703
9000000.00004222,-68.6506423950195
9000000.00004223,-68.7323303222656
9000000.00004223,-68.8172073364258
9000000.00004224,-68.9048538208008
9000000.00004224,-68.9948272705078
9000000.00004224,-69.0866928100586
9000000.00004225,-69.1800231933594
9000000.00004226,-69.2743759155273
9000000.00004226,-69.3701782226563
9000000.00004227,-69.477165222168
9000000.00004227,-69.5958633422852
9000000.00004227,-69.7232284545898
9000000.00004228,-69.8562164306641
9000000.00004229,-69.9917678833008
9000000.00004229,-70.1268463134766
9000000.0000423,-70.2584075927734
9000000.0000423,-70.3833923339844
9000000.00004231,-70.4987564086914
9000000.00004231,-70.6014633178711
9000000.00004232,-70.6884460449219
9000000.00004232,-70.7566833496094
9000000.00004232,-70.803108215332
9000000.00004233,-70.8316345214844
9000000.00004234,-70.8483200073242
9000000.00004234,-70.8533172607422
9000000.00004235,-70.8467712402344
9000000.00004235,-70.828857421875
9000000.00004235,-70.7997131347656
9000000.00004236,-70.7594985961914
9000000.00004237,-70.708366394043
9000000.00004237,-70.646484375
9000000.00004238,-70.5739974975586
9000000.00004238,-70.4910583496094
9000000.00004239,-70.3978271484375
9000000.00004239,-70.2944641113281
9000000.0000424,-70.179443359375
9000000.0000424,-70.0481796264648
9000000.00004241,-69.9018173217773
9000000.00004241,-69.7419815063477
9000000.00004242,-69.5702743530273
9000000.00004242,-69.3883056640625
9000000.00004243,-69.1976852416992
9000000.00004243,-69.0000076293945
9000000.00004243,-68.7968978881836
9000000.00004244,-68.5899658203125
9000000.00004245,-68.3807983398438
9000000.00004245,-68.171028137207
9000000.00004246,-67.9622497558594
9000000.00004246,-67.7550048828125
9000000.00004247,-67.5373992919922
9000000.00004247,-67.3078155517578
9000000.00004248,-67.0689926147461
9000000.00004248,-66.8236618041992
9000000.00004249,-66.5745544433594
9000000.00004249,-66.3244018554688
9000000.0000425,-66.0759429931641
9000000.0000425,-65.831901550293
9000000.00004251,-65.5950164794922
9000000.00004251,-65.3680191040039
9000000.00004251,-65.1536483764648
9000000.00004252,-64.9546203613281
9000000.00004253,-64.7736892700195
9000000.00004253,-64.6034927368164
9000000.00004254,-64.4360427856445
9000000.00004254,-64.2730484008789
9000000.00004254,-64.1162414550781
9000000.00004255,-63.9673385620117
9000000.00004256,-63.828067779541
9000000.00004256,-63.7001495361328
9000000.00004257,-63.5853118896484
9000000.00004257,-63.4852714538574
9000000.00004258,-63.4017601013184
9000000.00004258,-63.3364944458008
9000000.00004259,-63.291202545166
9000000.00004259,-63.2676086425781
9000000.0000426,-63.2634544372559
9000000.0000426,-63.2678298950195
9000000.00004261,-63.2820663452148
9000000.00004261,-63.3084869384766
9000000.00004262,-63.3494262695313
9000000.00004262,-63.4072189331055
9000000.00004262,-63.4841918945313
9000000.00004263,-63.5826835632324
9000000.00004264,-63.7050247192383
9000000.00004264,-63.8535423278809
9000000.00004265,-64.0305709838867
9000000.00004265,-64.2384414672852
9000000.00004266,-64.4794921875
9000000.00004266,-64.7568206787109
9000000.00004267,-65.0804290771484
9000000.00004267,-65.448356628418
9000000.00004268,-65.8549270629883
9000000.00004268,-66.2944869995117
9000000.00004269,-66.7613677978516
9000000.00004269,-67.2499237060547
9000000.0000427,-67.7544784545898
9000000.0000427,-68.2693786621094
9000000.0000427,-68.7889633178711
9000000.00004271,-69.3075637817383
9000000.00004272,-69.8195266723633
9000000.00004272,-70.3191986083984
9000000.00004273,-70.8009033203125
9000000.00004273,-71.3065795898438
9000000.00004273,-71.8708953857422
9000000.00004274,-72.4772644042969
9000000.00004275,-73.1091156005859
9000000.00004275,-73.749870300293
9000000.00004276,-74.3829574584961
9000000.00004276,-74.9917984008789
9000000.00004277,-75.559814453125
9000000.00004277,-76.070426940918
9000000.00004278,-76.5070648193359
9000000.00004278,-76.853157043457
9000000.00004279,-77.0921096801758
9000000.00004279,-77.2073669433594
9000000.0000428,-77.182243347168
9000000.0000428,-77.0160675048828
9000000.00004281,-76.7265853881836
9000000.00004281,-76.3322296142578
9000000.00004281,-75.8514022827148
9000000.00004282,-75.3025436401367
9000000.00004283,-74.7040557861328
9000000.00004283,-74.0743713378906
9000000.00004284,-73.4319076538086
9000000.00004284,-72.7950897216797
9000000.00004285,-72.1823348999023
9000000.00004285,-71.612060546875
9000000.00004286,-71.1026916503906
9000000.00004286,-70.6675872802734
9000000.00004287,-70.2543563842773
9000000.00004287,-69.8456726074219
9000000.00004288,-69.4431991577148
9000000.00004288,-69.0485992431641
9000000.00004289,-68.6635513305664
9000000.00004289,-68.2897262573242
9000000.00004289,-67.9287872314453
9000000.0000429,-67.5824127197266
9000000.00004291,-67.2522735595703
9000000.00004291,-66.9400329589844
9000000.00004292,-66.6473693847656
9000000.00004292,-66.3759460449219
9000000.00004292,-66.12744140625
9000000.00004293,-65.8978424072266
9000000.00004294,-65.6825942993164
9000000.00004294,-65.4825057983398
9000000.00004295,-65.2984008789063
9000000.00004295,-65.1310882568359
9000000.00004296,-64.9813919067383
9000000.00004296,-64.8501205444336
9000000.00004297,-64.7381057739258
9000000.00004297,-64.6461639404297
9000000.00004297,-64.5750961303711
9000000.00004298,-64.5257339477539
9000000.00004299,-64.498893737793
9000000.00004299,-64.4953918457031
9000000.000043,-64.5146331787109
9000000.000043,-64.5527496337891
9000000.000043,-64.6099853515625
9000000.00004301,-64.6869506835938
9000000.00004302,-64.7842483520508
9000000.00004302,-64.9024658203125
9000000.00004303,-65.0422134399414
9000000.00004303,-65.2040939331055
9000000.00004304,-65.3886947631836
9000000.00004304,-65.5966339111328
9000000.00004305,-65.8285064697266
9000000.00004305,-66.0849151611328
9000000.00004306,-66.3664474487305
9000000.00004306,-66.6766738891602
9000000.00004307,-67.0505294799805
9000000.00004307,-67.4879379272461
9000000.00004308,-67.9760131835938
9000000.00004308,-68.5018615722656
9000000.00004308,-69.0526123046875
9000000.00004309,-69.6153793334961
9000000.0000431,-70.1772689819336
9000000.0000431,-70.7254028320313
9000000.00004311,-71.2468872070313
9000000.00004311,-71.7288513183594
9000000.00004311,-72.1584091186523
9000000.00004312,-72.5226669311523
9000000.00004313,-72.8087463378906
9000000.00004313,-73.0308456420898
9000000.00004314,-73.2129592895508
9000000.00004314,-73.3568801879883
9000000.00004315,-73.4644012451172
9000000.00004315,-73.5373229980469
9000000.00004316,-73.5774459838867
9000000.00004316,-73.5865631103516
9000000.00004316,-73.5664749145508
9000000.00004317,-73.5189819335938
9000000.00004318,-73.4458694458008
9000000.00004318,-73.3489379882813
9000000.00004319,-73.2299957275391
9000000.00004319,-73.0908279418945
9000000.00004319,-72.9254684448242
9000000.0000432,-72.7125854492188
9000000.00004321,-72.4564208984375
9000000.00004321,-72.1632766723633
9000000.00004322,-71.8394317626953
9000000.00004322,-71.4911727905273
9000000.00004323,-71.1247787475586
9000000.00004323,-70.7465362548828
9000000.00004324,-70.3627395629883
9000000.00004324,-69.9796600341797
9000000.00004325,-69.6035919189453
9000000.00004325,-69.2408218383789
9000000.00004326,-68.8976287841797
9000000.00004326,-68.5781478881836
9000000.00004327,-68.2595748901367
9000000.00004327,-67.935920715332
9000000.00004327,-67.609504699707
9000000.00004328,-67.2826385498047
9000000.00004329,-66.957633972168
9000000.00004329,-66.6368103027344
9000000.0000433,-66.3224716186523
9000000.0000433,-66.0169448852539
9000000.0000433,-65.722541809082
9000000.00004331,-65.4415664672852
9000000.00004332,-65.1763381958008
9000000.00004332,-64.9291839599609
9000000.00004333,-64.7024002075195
9000000.00004333,-64.4905471801758
9000000.00004334,-64.2873611450195
9000000.00004334,-64.0939331054688
9000000.00004335,-63.9113349914551
9000000.00004335,-63.740665435791
9000000.00004335,-63.5830078125
9000000.00004336,-63.4394416809082
9000000.00004337,-63.3110580444336
9000000.00004337,-63.1989364624023
9000000.00004338,-63.1041679382324
9000000.00004338,-63.0278358459473
9000000.00004338,-62.9710273742676
9000000.00004339,-62.9348258972168
9000000.0000434,-62.918285369873
9000000.0000434,-62.915843963623
9000000.00004341,-62.9279556274414
9000000.00004341,-62.9555816650391
9000000.00004342,-62.9996910095215
9000000.00004342,-63.0612449645996
9000000.00004343,-63.1412086486816
9000000.00004343,-63.2405433654785
9000000.00004344,-63.3602104187012
9000000.00004344,-63.5011825561523
9000000.00004345,-63.6644134521484
9000000.00004345,-63.8508720397949
9000000.00004346,-64.0615234375
9000000.00004346,-64.2949295043945
9000000.00004346,-64.523307800293
9000000.00004347,-64.7454071044922
9000000.00004348,-64.9701690673828
9000000.00004348,-65.2065277099609
9000000.00004349,-65.4634017944336
9000000.00004349,-65.7497329711914
9000000.00004349,-66.0744400024414
9000000.0000435,-66.4464645385742
9000000.00004351,-66.8747253417969
9000000.00004351,-67.3681640625
9000000.00004352,-67.9357070922852
9000000.00004352,-68.5862808227539
9000000.00004353,-69.3288192749023
9000000.00004353,-70.2478485107422
9000000.00004354,-71.3905029296875
9000000.00004354,-72.7096252441406
9000000.00004354,-74.1580657958984
9000000.00004355,-75.6886672973633
9000000.00004356,-77.2542724609375
9000000.00004356,-78.807731628418
9000000.00004357,-80.3018951416016
9000000.00004357,-81.6895980834961
9000000.00004357,-82.923698425293
9000000.00004358,-83.9570236206055
9000000.00004359,-84.7424392700195
9000000.00004359,-85.2327880859375
9000000.0000436,-85.3943481445313
9000000.0000436,-85.2630157470703
9000000.00004361,-84.8783493041992
9000000.00004361,-84.2781448364258
9000000.00004362,-83.5001831054688
9000000.00004362,-82.5822448730469
9000000.00004363,-81.5621185302734
9000000.00004363,-80.4775848388672
9000000.00004364,-79.3664398193359
9000000.00004364,-78.2664566040039
9000000.00004365,-77.2154235839844
9000000.00004365,-76.2511215209961
9000000.00004365,-75.4113464355469
9000000.00004366,-74.7241668701172
9000000.00004367,-74.0901718139648
9000000.00004367,-73.4738922119141
9000000.00004368,-72.8759155273438
9000000.00004368,-72.2968444824219
9000000.00004368,-71.7372741699219
9000000.00004369,-71.1977920532227
9000000.0000437,-70.6789932250977
9000000.0000437,-70.1814727783203
9000000.00004371,-69.7058258056641
9000000.00004371,-69.2526473999023
9000000.00004372,-68.8225326538086
9000000.00004372,-68.4160690307617
9000000.00004373,-68.0338668823242
9000000.00004373,-67.6757049560547
9000000.00004373,-67.3407897949219
9000000.00004374,-67.0288162231445
9000000.00004375,-66.7394790649414
9000000.00004375,-66.4724884033203
9000000.00004376,-66.2275314331055
9000000.00004376,-66.0043029785156
9000000.00004376,-65.8025054931641
9000000.00004377,-65.6218414306641
9000000.00004378,-65.4620056152344
9000000.00004378,-65.3226928710938
9000000.00004379,-65.2035980224609
9000000.00004379,-65.1044311523438
9000000.0000438,-65.0243530273438
9000000.0000438,-64.9619445800781
9000000.00004381,-64.9179306030273
9000000.00004381,-64.8932037353516
9000000.00004382,-64.8886489868164
9000000.00004382,-64.9051513671875
9000000.00004383,-64.9435958862305
9000000.00004383,-65.0048675537109
9000000.00004384,-65.0898590087891
9000000.00004384,-65.1994552612305
9000000.00004384,-65.3345336914063
9000000.00004385,-65.4959945678711
9000000.00004386,-65.6847152709961
9000000.00004386,-65.9009628295898
9000000.00004387,-66.1377716064453
9000000.00004387,-66.3942413330078
9000000.00004387,-66.6720199584961
9000000.00004388,-66.972770690918
9000000.00004389,-67.2981338500977
9000000.00004389,-67.6497650146484
9000000.0000439,-68.0293197631836
9000000.0000439,-68.4384384155273
9000000.00004391,-68.878776550293
9000000.00004391,-69.3519897460938
9000000.00004392,-69.8597259521484
9000000.00004392,-70.4036331176758
9000000.00004392,-70.9853668212891
9000000.00004393,-71.6669769287109
9000000.00004394,-72.4885482788086
9000000.00004394,-73.4187698364258
9000000.00004395,-74.4263381958008
9000000.00004395,-75.4799652099609
9000000.00004395,-76.54833984375
9000000.00004396,-77.6001586914063
9000000.00004397,-78.604118347168
9000000.00004397,-79.5289154052734
9000000.00004398,-80.3432540893555
9000000.00004398,-81.0158233642578
9000000.00004399,-81.5153274536133
9000000.00004399,-81.8104705810547
9000000.000044,-81.8761749267578
9000000.000044,-81.728874206543
9000000.00004401,-81.3969802856445
9000000.00004401,-80.9084243774414
9000000.00004402,-80.291145324707
9000000.00004402,-79.5730972290039
9000000.00004403,-78.7822189331055
9000000.00004403,-77.9464492797852
9000000.00004403,-77.0937194824219
9000000.00004404,-76.2519912719727
9000000.00004405,-75.4491958618164
9000000.00004405,-74.7132797241211
9000000.00004406,-74.0721740722656
9000000.00004406,-73.5466842651367
9000000.00004407,-73.0636291503906
9000000.00004407,-72.5967788696289
9000000.00004408,-72.1464538574219
9000000.00004408,-71.7129745483398
9000000.00004409,-71.2966613769531
9000000.00004409,-70.8978424072266
9000000.0000441,-70.5168228149414
9000000.0000441,-70.153923034668
9000000.00004411,-69.8094787597656
9000000.00004411,-69.4837951660156
9000000.00004411,-69.1772003173828
9000000.00004412,-68.8900146484375
9000000.00004413,-68.6225509643555
9000000.00004413,-68.3774948120117
9000000.00004414,-68.1563034057617
9000000.00004414,-67.9574584960938
9000000.00004414,-67.7794342041016
9000000.00004415,-67.6207122802734
9000000.00004416,-67.4797668457031
9000000.00004416,-67.3550796508789
9000000.00004417,-67.2451248168945
9000000.00004417,-67.1483840942383
9000000.00004418,-67.0633316040039
9000000.00004418,-66.9884567260742
9000000.00004419,-66.9222259521484
9000000.00004419,-66.8631210327148
9000000.0000442,-66.8109512329102
9000000.0000442,-66.7693634033203
9000000.00004421,-66.7389068603516
9000000.00004421,-66.7198486328125
9000000.00004422,-66.7124481201172
9000000.00004422,-66.7169723510742
9000000.00004422,-66.7336730957031
9000000.00004423,-66.762809753418
9000000.00004424,-66.8046417236328
9000000.00004424,-66.8594436645508
9000000.00004425,-66.9274597167969
9000000.00004425,-67.0089569091797
9000000.00004426,-67.1042022705078
9000000.00004426,-67.2118988037109
9000000.00004427,-67.3140029907227
9000000.00004427,-67.410041809082
9000000.00004428,-67.5061492919922
9000000.00004428,-67.6084594726563
9000000.00004429,-67.7231063842773
9000000.00004429,-67.8562164306641
9000000.0000443,-68.0139389038086
9000000.0000443,-68.2024002075195
9000000.0000443,-68.427734375
9000000.00004431,-68.6960754394531
9000000.00004432,-69.013557434082
9000000.00004432,-69.3863220214844
9000000.00004433,-69.8204956054688
9000000.00004433,-70.3619079589844
9000000.00004433,-71.03466796875
9000000.00004434,-71.8123474121094
9000000.00004435,-72.6684951782227
9000000.00004435,-73.5766754150391
9000000.00004436,-74.5104522705078
9000000.00004436,-75.4433822631836
9000000.00004437,-76.3490219116211
9000000.00004437,-77.2009429931641
9000000.00004438,-77.9726943969727
9000000.00004438,-78.6378402709961
9000000.00004439,-79.1699371337891
9000000.00004439,-79.5425567626953
9000000.0000444,-79.7417602539063
9000000.0000444,-79.8013458251953
9000000.00004441,-79.7395553588867
9000000.00004441,-79.5722885131836
9000000.00004441,-79.3154220581055
9000000.00004442,-78.9848709106445
9000000.00004443,-78.5965118408203
9000000.00004443,-78.1662445068359
9000000.00004444,-77.7099609375
9000000.00004444,-77.2435531616211
9000000.00004445,-76.7829208374023
9000000.00004445,-76.3439559936523
9000000.00004446,-75.9425506591797
9000000.00004446,-75.5894622802734
9000000.00004447,-75.2305450439453
9000000.00004447,-74.850700378418
9000000.00004448,-74.4545440673828
9000000.00004448,-74.0466842651367
9000000.00004449,-73.6317138671875
9000000.00004449,-73.2142562866211
9000000.00004449,-72.7989044189453
9000000.0000445,-72.3902740478516
9000000.00004451,-71.9929656982422
9000000.00004451,-71.6115875244141
9000000.00004452,-71.2507400512695
9000000.00004452,-70.9150390625
9000000.00004452,-70.6090850830078
9000000.00004453,-70.3267440795898
9000000.00004454,-70.0587539672852
9000000.00004454,-69.8049545288086
9000000.00004455,-69.5652389526367
9000000.00004455,-69.3394622802734
9000000.00004456,-69.1274871826172
9000000.00004456,-68.92919921875
9000000.00004457,-68.7444458007813
9000000.00004457,-68.573112487793
9000000.00004458,-68.4150543212891
9000000.00004458,-68.270149230957
9000000.00004459,-68.1382522583008
9000000.00004459,-68.0192489624023
9000000.0000446,-67.9110260009766
9000000.0000446,-67.8081741333008
9000000.0000446,-67.7123870849609
9000000.00004461,-67.6259078979492
9000000.00004462,-67.5509872436523
9000000.00004462,-67.489860534668
9000000.00004463,-67.4447631835938
9000000.00004463,-67.4179458618164
9000000.00004464,-67.4116439819336
9000000.00004464,-67.428092956543
9000000.00004465,-67.4695358276367
9000000.00004465,-67.5382232666016
9000000.00004466,-67.6363830566406
9000000.00004466,-67.7673416137695
9000000.00004467,-67.9446029663086
9000000.00004467,-68.1663208007813
9000000.00004468,-68.4256820678711
9000000.00004468,-68.7158660888672
9000000.00004468,-69.0300674438477
9000000.00004469,-69.361457824707
9000000.0000447,-69.703239440918
9000000.0000447,-70.0485763549805
9000000.00004471,-70.3906631469727
9000000.00004471,-70.7226867675781
9000000.00004471,-71.0378341674805
9000000.00004472,-71.3292846679688
9000000.00004473,-71.5902252197266
9000000.00004473,-71.8399353027344
9000000.00004474,-72.0990829467773
9000000.00004474,-72.3628692626953
9000000.00004475,-72.6265258789063
9000000.00004475,-72.8852691650391
9000000.00004476,-73.1343231201172
9000000.00004476,-73.3689041137695
9000000.00004477,-73.5842361450195
9000000.00004477,-73.7755355834961
9000000.00004478,-73.9380340576172
9000000.00004478,-74.0669403076172
9000000.00004479,-74.1574859619141
9000000.00004479,-74.2048873901367
9000000.00004479,-74.2031478881836
9000000.0000448,-74.1488265991211
9000000.00004481,-74.047981262207
9000000.00004481,-73.9071731567383
9000000.00004482,-73.7329788208008
9000000.00004482,-73.5319671630859
9000000.00004483,-73.3107070922852
9000000.00004483,-73.0757751464844
9000000.00004484,-72.833740234375
9000000.00004484,-72.5911636352539
9000000.00004485,-72.3546295166016
9000000.00004485,-72.1307067871094
9000000.00004486,-71.9259567260742
9000000.00004486,-71.7450637817383
9000000.00004487,-71.5683441162109
9000000.00004487,-71.3895950317383
9000000.00004487,-71.2097778320313
9000000.00004488,-71.0298309326172
9000000.00004489,-70.850700378418
9000000.00004489,-70.67333984375
9000000.0000449,-70.4986953735352
9000000.0000449,-70.3277206420898
9000000.0000449,-70.1613693237305
9000000.00004491,-70.0005722045898
9000000.00004492,-69.8462905883789
9000000.00004492,-69.6994705200195
9000000.00004493,-69.5610656738281
9000000.00004493,-69.4291076660156
9000000.00004494,-69.3012313842773
9000000.00004494,-69.1777420043945
9000000.00004495,-69.0589447021484
9000000.00004495,-68.9451522827148
9000000.00004495,-68.8366775512695
9000000.00004496,-68.7338256835938
9000000.00004497,-68.6369094848633
9000000.00004497,-68.5462417602539
9000000.00004498,-68.4621200561523
9000000.00004498,-68.3848648071289
9000000.00004498,-68.3147811889648
9000000.00004499,-68.2521820068359
9000000.000045,-68.1950149536133
9000000.000045,-68.1367721557617
9000000.00004501,-68.0790100097656
9000000.00004501,-68.0239028930664
9000000.00004502,-67.9736251831055
9000000.00004502,-67.9303436279297
9000000.00004503,-67.8962478637695
9000000.00004503,-67.8734970092773
9000000.00004504,-67.8642807006836
9000000.00004504,-67.8707580566406
9000000.00004505,-67.8951110839844
9000000.00004505,-67.9395217895508
9000000.00004506,-68.0061569213867
9000000.00004506,-68.0975875854492
9000000.00004506,-68.2193984985352
9000000.00004507,-68.3696899414063
9000000.00004508,-68.5445175170898
9000000.00004508,-68.7399215698242
9000000.00004509,-68.9519500732422
9000000.00004509,-69.176643371582
9000000.00004509,-69.4100570678711
9000000.0000451,-69.6482391357422
9000000.00004511,-69.8872299194336
9000000.00004511,-70.1230773925781
9000000.00004512,-70.3518295288086
9000000.00004512,-70.5695343017578
9000000.00004513,-70.7722396850586
9000000.00004513,-70.9779052734375
9000000.00004514,-71.2030792236328
9000000.00004514,-71.4417037963867
9000000.00004514,-71.6877136230469
9000000.00004515,-71.9350280761719
9000000.00004516,-72.1775894165039
9000000.00004516,-72.4093246459961
9000000.00004517,-72.6241683959961
9000000.00004517,-72.8160629272461
9000000.00004517,-72.9789276123047
9000000.00004518,-73.1066970825195
9000000.00004519,-73.1933059692383
9000000.00004519,-73.2326889038086
9000000.0000452,-73.218017578125
9000000.0000452,-73.1470336914063
9000000.00004521,-73.0268096923828
9000000.00004521,-72.864875793457
9000000.00004522,-72.6687393188477
9000000.00004522,-72.445915222168
9000000.00004523,-72.2039413452148
9000000.00004523,-71.9503173828125
9000000.00004524,-71.6925659179688
9000000.00004524,-71.4382171630859
9000000.00004525,-71.1947708129883
9000000.00004525,-70.9697647094727
9000000.00004525,-70.7706985473633
9000000.00004526,-70.6033020019531
9000000.00004527,-70.4493255615234
9000000.00004527,-70.3017272949219
9000000.00004528,-70.1600875854492
9000000.00004528,-70.0239791870117
9000000.00004528,-69.8929901123047
9000000.00004529,-69.7666854858398
9000000.0000453,-69.644645690918
9000000.0000453,-69.5264434814453
9000000.00004531,-69.4116592407227
9000000.00004531,-69.2998733520508
9000000.00004532,-69.1906661987305
9000000.00004532,-69.0835952758789
9000000.00004533,-68.9782562255859
9000000.00004533,-68.8753204345703
9000000.00004533,-68.7757263183594
9000000.00004534,-68.6794204711914
9000000.00004535,-68.5863647460938
9000000.00004535,-68.4965057373047
9000000.00004536,-68.4098129272461
9000000.00004536,-68.3262252807617
9000000.00004536,-68.2457122802734
9000000.00004537,-68.1682281494141
9000000.00004538,-68.0937118530273
9000000.00004538,-68.0221405029297
9000000.00004539,-67.9534606933594
9000000.00004539,-67.8876190185547
9000000.0000454,-67.8209838867188
9000000.0000454,-67.7436141967773
9000000.00004541,-67.6584396362305
9000000.00004541,-67.5693359375
9000000.00004542,-67.4801940917969
9000000.00004542,-67.394905090332
9000000.00004543,-67.3173446655273
9000000.00004543,-67.2514114379883
9000000.00004544,-67.2009887695313
9000000.00004544,-67.1699600219727
9000000.00004544,-67.1622161865234
9000000.00004545,-67.1816482543945
9000000.00004546,-67.2321319580078
9000000.00004546,-67.3111114501953
9000000.00004547,-67.3441925048828
9000000.00004547,-67.3268890380859
9000000.00004548,-67.2818984985352
9000000.00004548,-67.2319412231445
9000000.00004549,-67.1997146606445
9000000.00004549,-67.2079391479492
9000000.0000455,-67.2793197631836
9000000.0000455,-67.4365692138672
9000000.00004551,-67.7023849487305
9000000.00004551,-68.099479675293
9000000.00004552,-68.6505661010742
9000000.00004552,-69.3783569335938
9000000.00004552,-70.305549621582
9000000.00004553,-71.5607604980469
9000000.00004554,-73.2054977416992
9000000.00004554,-75.161865234375
9000000.00004555,-77.3519592285156
9000000.00004555,-79.6978607177734
9000000.00004555,-82.1216659545898
9000000.00004556,-84.5454788208008
9000000.00004557,-86.8913803100586
9000000.00004557,-89.0814743041992
9000000.00004558,-91.037841796875
9000000.00004558,-92.6825866699219
9000000.00004559,-93.9377899169922
9000000.00004559,-94.7255554199219
9000000.0000456,-94.9910659790039
9000000.0000456,-94.7959823608398
9000000.00004561,-94.2049942016602
9000000.00004561,-93.2796096801758
9000000.00004562,-92.0813293457031
9000000.00004562,-90.6716461181641
9000000.00004563,-89.1120758056641
9000000.00004563,-87.4641036987305
9000000.00004563,-85.7892379760742
9000000.00004564,-84.1489715576172
9000000.00004565,-82.6048202514648
9000000.00004565,-81.2182769775391
9000000.00004566,-80.0508422851563
9000000.00004566,-79.1496734619141
9000000.00004567,-78.3702087402344
9000000.00004567,-77.654914855957
9000000.00004568,-76.9986877441406
9000000.00004568,-76.3964157104492
9000000.00004569,-75.8429794311523
9000000.00004569,-75.3332748413086
9000000.0000457,-74.862190246582
9000000.0000457,-74.4246063232422
9000000.00004571,-74.0154190063477
9000000.00004571,-73.629508972168
9000000.00004571,-73.2617645263672
9000000.00004572,-72.9070816040039
9000000.00004573,-72.5603408813477
9000000.00004573,-72.2383575439453
9000000.00004574,-71.9582214355469
9000000.00004574,-71.715202331543
9000000.00004574,-71.5045547485352
9000000.00004575,-71.3215713500977
9000000.00004576,-71.161506652832
9000000.00004576,-71.019645690918
9000000.00004577,-70.891242980957
9000000.00004577,-70.7715835571289
9000000.00004578,-70.6559371948242
9000000.00004578,-70.5395660400391
9000000.00004579,-70.4177474975586
9000000.00004579,-70.2857513427734
9000000.0000458,-70.1425170898438
9000000.0000458,-69.9980316162109
9000000.00004581,-69.8544235229492
9000000.00004581,-69.713005065918
9000000.00004582,-69.5751037597656
9000000.00004582,-69.442024230957
9000000.00004582,-69.3150863647461
9000000.00004583,-69.1956176757813
9000000.00004584,-69.0849304199219
9000000.00004584,-68.9843444824219
9000000.00004585,-68.8951721191406
9000000.00004585,-68.8187408447266
9000000.00004586,-68.7563629150391
9000000.00004586,-68.7092895507813
9000000.00004587,-68.6772918701172
9000000.00004587,-68.6591796875
9000000.00004588,-68.6538238525391
9000000.00004588,-68.6601028442383
9000000.00004589,-68.6769027709961
9000000.00004589,-68.7031021118164
9000000.0000459,-68.7375717163086
9000000.0000459,-68.7791976928711
9000000.0000459,-68.8268585205078
9000000.00004591,-68.8794326782227
9000000.00004592,-68.9357986450195
9000000.00004592,-68.9948348999023
9000000.00004593,-69.0554275512695
9000000.00004593,-69.1280212402344
9000000.00004593,-69.2209396362305
9000000.00004594,-69.3298492431641
9000000.00004595,-69.4504241943359
9000000.00004595,-69.5783309936523
9000000.00004596,-69.7092514038086
9000000.00004596,-69.8388442993164
9000000.00004597,-69.9627838134766
9000000.00004597,-70.0767440795898
9000000.00004598,-70.176399230957
9000000.00004598,-70.2574157714844
9000000.00004599,-70.3154602050781
9000000.00004599,-70.3462142944336
9000000.000046,-70.3477783203125
9000000.000046,-70.326774597168
9000000.00004601,-70.2858810424805
9000000.00004601,-70.2272720336914
9000000.00004601,-70.1531372070313
9000000.00004602,-70.0656585693359
9000000.00004603,-69.9670257568359
9000000.00004603,-69.8594131469727
9000000.00004604,-69.7450103759766
9000000.00004604,-69.6259994506836
9000000.00004605,-69.5045623779297
9000000.00004605,-69.3828964233398
9000000.00004606,-69.2631683349609
9000000.00004606,-69.1464309692383
9000000.00004607,-69.0200805664063
9000000.00004607,-68.8819808959961
9000000.00004608,-68.7345809936523
9000000.00004608,-68.5803375244141
9000000.00004609,-68.4216995239258
9000000.00004609,-68.261116027832
9000000.00004609,-68.1010513305664
9000000.0000461,-67.9439392089844
9000000.00004611,-67.7922439575195
9000000.00004611,-67.6484146118164
9000000.00004612,-67.5149002075195
9000000.00004612,-67.394157409668
9000000.00004612,-67.2886352539063
9000000.00004613,-67.1950607299805
9000000.00004614,-67.1084823608398
9000000.00004614,-67.0288238525391
9000000.00004615,-66.9560394287109
9000000.00004615,-66.8900604248047
9000000.00004616,-66.8308181762695
9000000.00004616,-66.7782516479492
9000000.00004617,-66.7322998046875
9000000.00004617,-66.6929016113281
9000000.00004618,-66.6599884033203
9000000.00004618,-66.6335067749023
9000000.00004619,-66.6133804321289
9000000.00004619,-66.5995483398438
9000000.0000462,-66.5905075073242
9000000.0000462,-66.5822372436523
9000000.0000462,-66.5759811401367
9000000.00004621,-66.5733413696289
9000000.00004622,-66.5759353637695
9000000.00004622,-66.5853881835938
9000000.00004623,-66.6033096313477
9000000.00004623,-66.6313171386719
9000000.00004624,-66.671028137207
9000000.00004624,-66.7240600585938
9000000.00004625,-66.7920303344727
9000000.00004625,-66.8765563964844
9000000.00004626,-66.979248046875
9000000.00004626,-67.0985260009766
9000000.00004627,-67.1973648071289
9000000.00004627,-67.273811340332
9000000.00004628,-67.3394622802734
9000000.00004628,-67.4059143066406
9000000.00004628,-67.4847564697266
9000000.00004629,-67.5875778198242
9000000.0000463,-67.7259826660156
9000000.0000463,-67.9115600585938
9000000.00004631,-68.1558990478516
9000000.00004631,-68.4706039428711
9000000.00004631,-68.8672485351563
9000000.00004632,-69.3574447631836
9000000.00004633,-69.9527816772461
9000000.00004633,-70.7341766357422
9000000.00004634,-71.7433471679688
9000000.00004634,-72.9330978393555
9000000.00004635,-74.256233215332
9000000.00004635,-75.6655502319336
9000000.00004636,-77.1138534545898
9000000.00004636,-78.5539398193359
9000000.00004637,-79.9386138916016
9000000.00004637,-81.2206726074219
9000000.00004638,-82.3529281616211
9000000.00004638,-83.2881622314453
9000000.00004639,-83.9791946411133
9000000.00004639,-84.3788223266602
9000000.00004639,-84.4529800415039
9000000.0000464,-84.2366943359375
9000000.00004641,-83.7698364257813
9000000.00004641,-83.0905609130859
9000000.00004642,-82.2370452880859
9000000.00004642,-81.2474365234375
9000000.00004643,-80.1599044799805
9000000.00004643,-79.0126113891602
9000000.00004644,-77.8437271118164
9000000.00004644,-76.69140625
9000000.00004645,-75.5938186645508
9000000.00004645,-74.5891265869141
9000000.00004646,-73.7154922485352
9000000.00004646,-73.0014877319336
9000000.00004647,-72.3492660522461
9000000.00004647,-71.7230224609375
9000000.00004647,-71.1224670410156
9000000.00004648,-70.5472869873047
9000000.00004649,-69.9971923828125
9000000.00004649,-69.4718780517578
9000000.0000465,-68.9710388183594
9000000.0000465,-68.4943923950195
9000000.0000465,-68.0416107177734
9000000.00004651,-67.612419128418
9000000.00004652,-67.2065048217773
9000000.00004652,-66.8235626220703
9000000.00004653,-66.4633026123047
9000000.00004653,-66.1278686523438
9000000.00004654,-65.8190307617188
9000000.00004654,-65.5359649658203
9000000.00004655,-65.2778244018555
9000000.00004655,-65.0437698364258
9000000.00004656,-64.8329620361328
9000000.00004656,-64.6445617675781
9000000.00004657,-64.4777221679688
9000000.00004657,-64.3316116333008
9000000.00004658,-64.2053909301758
9000000.00004658,-64.0982131958008
9000000.00004658,-64.0092391967773
9000000.00004659,-63.9376373291016
9000000.0000466,-63.8834266662598
9000000.0000466,-63.8489799499512
9000000.00004661,-63.8344955444336
9000000.00004661,-63.8399848937988
9000000.00004662,-63.8654479980469
9000000.00004662,-63.9108963012695
9000000.00004663,-63.9763259887695
9000000.00004663,-64.0617446899414
9000000.00004664,-64.1671600341797
9000000.00004664,-64.2925796508789
9000000.00004665,-64.4379959106445
9000000.00004665,-64.6034240722656
9000000.00004666,-64.7888641357422
9000000.00004666,-64.9927215576172
9000000.00004666,-65.1961059570313
9000000.00004667,-65.3987731933594
9000000.00004668,-65.6073760986328
9000000.00004668,-65.8285903930664
9000000.00004669,-66.0690536499023
9000000.00004669,-66.3354415893555
9000000.00004669,-66.6344146728516
9000000.0000467,-66.9726181030273
9000000.00004671,-67.3567276000977
9000000.00004671,-67.7933959960938
9000000.00004672,-68.2892913818359
9000000.00004672,-68.8510589599609
9000000.00004673,-69.4853668212891
9000000.00004673,-70.2632827758789
9000000.00004674,-71.2253875732422
9000000.00004674,-72.3326034545898
9000000.00004674,-73.5458602905273
9000000.00004675,-74.8260879516602
9000000.00004676,-76.1342010498047
9000000.00004676,-77.4311370849609
9000000.00004677,-78.6778106689453
9000000.00004677,-79.8351669311523
9000000.00004677,-80.8641128540039
9000000.00004678,-81.7255783081055
9000000.00004679,-82.3804931640625
9000000.00004679,-82.7897872924805
9000000.0000468,-82.9265594482422
9000000.0000468,-82.823371887207
9000000.00004681,-82.5121994018555
9000000.00004681,-82.0232620239258
9000000.00004682,-81.3867645263672
9000000.00004682,-80.6329116821289
9000000.00004683,-79.7919311523438
9000000.00004683,-78.8940200805664
9000000.00004684,-77.9693984985352
9000000.00004684,-77.0482711791992
9000000.00004685,-76.1608505249023
9000000.00004685,-75.3373565673828
9000000.00004685,-74.6079864501953
9000000.00004686,-73.9947357177734
9000000.00004687,-73.4126129150391
9000000.00004687,-72.8331832885742
9000000.00004688,-72.2588653564453
9000000.00004688,-71.6920700073242
9000000.00004688,-71.1352233886719
9000000.00004689,-70.5907287597656
9000000.0000469,-70.0610122680664
9000000.0000469,-69.5484848022461
9000000.00004691,-69.0555725097656
9000000.00004691,-68.5846786499023
9000000.00004692,-68.1382293701172
9000000.00004692,-67.7186431884766
9000000.00004693,-67.3283233642578
9000000.00004693,-66.9642105102539
9000000.00004693,-66.6215286254883
9000000.00004694,-66.3001327514648
9000000.00004695,-65.9998931884766
9000000.00004695,-65.7206649780273
9000000.00004696,-65.4623107910156
9000000.00004696,-65.2246856689453
9000000.00004696,-65.0076675415039
9000000.00004697,-64.8111038208008
9000000.00004698,-64.6348571777344
9000000.00004698,-64.4787979125977
9000000.00004699,-64.3427734375
9000000.00004699,-64.2266540527344
9000000.000047,-64.1317672729492
9000000.000047,-64.0621185302734
9000000.00004701,-64.0166931152344
9000000.00004701,-63.9941024780273
9000000.00004702,-63.9929351806641
9000000.00004702,-64.0117874145508
9000000.00004703,-64.0492706298828
9000000.00004703,-64.1039657592773
9000000.00004704,-64.1744842529297
9000000.00004704,-64.2594146728516
9000000.00004704,-64.3573684692383
9000000.00004705,-64.466926574707
9000000.00004706,-64.5867004394531
9000000.00004706,-64.7167587280273
9000000.00004707,-64.8739242553711
9000000.00004707,-65.059684753418
9000000.00004708,-65.2693862915039
9000000.00004708,-65.4983596801758
9000000.00004709,-65.7419586181641
9000000.00004709,-65.9955291748047
9000000.0000471,-66.2544021606445
9000000.0000471,-66.5139236450195
9000000.00004711,-66.7694473266602
9000000.00004711,-67.0163040161133
9000000.00004712,-67.2498321533203
9000000.00004712,-67.4653930664063
9000000.00004712,-67.6583099365234
9000000.00004713,-67.8388137817383
9000000.00004714,-68.0189971923828
9000000.00004714,-68.1970520019531
9000000.00004715,-68.3711395263672
9000000.00004715,-68.5394439697266
9000000.00004715,-68.7001419067383
9000000.00004716,-68.8514099121094
9000000.00004717,-68.9914245605469
9000000.00004717,-69.1183700561523
9000000.00004718,-69.2304077148438
9000000.00004718,-69.3257293701172
9000000.00004719,-69.4025039672852
9000000.00004719,-69.4589080810547
9000000.0000472,-69.4923400878906
9000000.0000472,-69.5005722045898
9000000.00004721,-69.4861831665039
9000000.00004721,-69.452018737793
9000000.00004722,-69.4009475708008
9000000.00004722,-69.335807800293
9000000.00004723,-69.2594604492188
9000000.00004723,-69.1747589111328
9000000.00004723,-69.0845565795898
9000000.00004724,-68.9917068481445
9000000.00004725,-68.8990631103516
9000000.00004725,-68.8094863891602
9000000.00004726,-68.7258148193359
9000000.00004726,-68.649772644043
9000000.00004727,-68.5691299438477
9000000.00004727,-68.4811248779297
9000000.00004728,-68.3874893188477
9000000.00004728,-68.2899322509766
9000000.00004729,-68.1901702880859
9000000.00004729,-68.0899200439453
9000000.0000473,-67.9908981323242
9000000.0000473,-67.8948211669922
9000000.00004731,-67.8034057617188
9000000.00004731,-67.7183685302734
9000000.00004731,-67.6414260864258
9000000.00004732,-67.5742874145508
9000000.00004733,-67.5186767578125
9000000.00004733,-67.4734344482422
9000000.00004734,-67.4358673095703
9000000.00004734,-67.4053726196289
9000000.00004734,-67.3813629150391
9000000.00004735,-67.3632278442383
9000000.00004736,-67.3503799438477
9000000.00004736,-67.3422088623047
9000000.00004737,-67.3381271362305
9000000.00004737,-67.337532043457
9000000.00004738,-67.3398284912109
9000000.00004738,-67.3444137573242
9000000.00004739,-67.3506927490234
9000000.00004739,-67.3580627441406
9000000.0000474,-67.3648223876953
9000000.0000474,-67.3678588867188
9000000.00004741,-67.3687133789063
9000000.00004741,-67.3692398071289
9000000.00004742,-67.3712768554688
9000000.00004742,-67.3766784667969
9000000.00004742,-67.3873062133789
9000000.00004743,-67.4049987792969
9000000.00004744,-67.4316101074219
9000000.00004744,-67.468994140625
9000000.00004745,-67.5189971923828
9000000.00004745,-67.5834732055664
9000000.00004746,-67.6642761230469
9000000.00004746,-67.7631759643555
9000000.00004747,-67.8799896240234
9000000.00004747,-68.0130310058594
9000000.00004748,-68.1606826782227
9000000.00004748,-68.3213195800781
9000000.00004749,-68.4933166503906
9000000.00004749,-68.6750564575195
9000000.0000475,-68.8649139404297
9000000.0000475,-69.0612640380859
9000000.0000475,-69.2624816894531
9000000.00004751,-69.4669494628906
9000000.00004752,-69.6730422973633
9000000.00004752,-69.8791351318359
9000000.00004753,-70.0836029052734
9000000.00004753,-70.3034210205078
9000000.00004753,-70.551872253418
9000000.00004754,-70.8217849731445
9000000.00004755,-71.1060104370117
9000000.00004755,-71.3973922729492
9000000.00004756,-71.6887588500977
9000000.00004756,-71.9729614257813
9000000.00004757,-72.2428359985352
9000000.00004757,-72.4912185668945
9000000.00004758,-72.7109603881836
9000000.00004758,-72.8948974609375
9000000.00004759,-73.0358657836914
9000000.00004759,-73.126708984375
9000000.0000476,-73.1646499633789
9000000.0000476,-73.1615905761719
9000000.00004761,-73.1216812133789
9000000.00004761,-73.0481567382813
9000000.00004761,-72.9442596435547
9000000.00004762,-72.813232421875
9000000.00004763,-72.658317565918
9000000.00004763,-72.4827499389648
9000000.00004764,-72.2897796630859
9000000.00004764,-72.0826416015625
9000000.00004765,-71.8645858764648
9000000.00004765,-71.6388473510742
9000000.00004766,-71.4086761474609
9000000.00004766,-71.1752319335938
9000000.00004767,-70.91552734375
9000000.00004767,-70.6263122558594
9000000.00004768,-70.3127517700195
9000000.00004768,-69.9800186157227
9000000.00004769,-69.6332626342773
9000000.00004769,-69.2776565551758
9000000.00004769,-68.9183502197266
9000000.0000477,-68.5605163574219
9000000.00004771,-68.2093200683594
9000000.00004771,-67.8699111938477
9000000.00004772,-67.5474624633789
9000000.00004772,-67.2471313476563
9000000.00004772,-66.9740829467773
9000000.00004773,-66.7168426513672
9000000.00004774,-66.4618911743164
9000000.00004774,-66.2113189697266
9000000.00004775,-65.9672241210938
9000000.00004775,-65.7316970825195
9000000.00004776,-65.5068359375
9000000.00004776,-65.2947311401367
9000000.00004777,-65.0974731445313
9000000.00004777,-64.9171676635742
9000000.00004778,-64.7558898925781
9000000.00004778,-64.6157531738281
9000000.00004779,-64.4988403320313
9000000.00004779,-64.4072418212891
9000000.0000478,-64.3404769897461
9000000.0000478,-64.2914657592773
9000000.0000478,-64.2600326538086
9000000.00004781,-64.2466278076172
9000000.00004782,-64.2516860961914
9000000.00004782,-64.2756423950195
9000000.00004783,-64.3189468383789
9000000.00004783,-64.3820343017578
9000000.00004784,-64.4653472900391
9000000.00004784,-64.5693283081055
9000000.00004785,-64.6944198608398
9000000.00004785,-64.8410568237305
9000000.00004786,-65.0096893310547
9000000.00004786,-65.2017288208008
9000000.00004787,-65.4288864135742
9000000.00004787,-65.6909332275391
9000000.00004788,-65.9833145141602
9000000.00004788,-66.3015060424805
9000000.00004788,-66.6409683227539
9000000.00004789,-66.9971542358398
9000000.0000479,-67.3655471801758
9000000.0000479,-67.7415924072266
9000000.00004791,-68.1207656860352
9000000.00004791,-68.4985275268555
9000000.00004791,-68.8703384399414
9000000.00004792,-69.2316589355469
9000000.00004793,-69.5779647827148
9000000.00004793,-69.9270095825195
9000000.00004794,-70.2958602905273
9000000.00004794,-70.6789398193359
9000000.00004795,-71.0706787109375
9000000.00004795,-71.4654998779297
9000000.00004796,-71.8578262329102
9000000.00004796,-72.2420883178711
9000000.00004797,-72.6127014160156
9000000.00004797,-72.9640960693359
9000000.00004798,-73.2906951904297
9000000.00004798,-73.5869216918945
9000000.00004799,-73.8472061157227
9000000.00004799,-74.0659637451172
9000000.00004799,-74.2403869628906
9000000.000048,-74.3779449462891
9000000.00004801,-74.4823760986328
9000000.00004801,-74.5569152832031
9000000.00004802,-74.6047668457031
9000000.00004802,-74.6291656494141
9000000.00004803,-74.6333160400391
9000000.00004803,-74.6204528808594
9000000.00004804,-74.5937881469727
9000000.00004804,-74.5565414428711
9000000.00004805,-74.5119400024414
9000000.00004805,-74.4631958007813
9000000.00004806,-74.4135360717773
9000000.00004806,-74.3650054931641
9000000.00004807,-74.3051071166992
9000000.00004807,-74.2307510375977
9000000.00004807,-74.1434173583984
9000000.00004808,-74.0445861816406
9000000.00004809,-73.9357299804688
9000000.00004809,-73.8183135986328
9000000.0000481,-73.6938247680664
9000000.0000481,-73.5637283325195
9000000.0000481,-73.4294967651367
9000000.00004811,-73.2926177978516
9000000.00004812,-73.1545486450195
9000000.00004812,-73.0167770385742
9000000.00004813,-72.8807678222656
9000000.00004813,-72.7415008544922
9000000.00004814,-72.5939254760742
9000000.00004814,-72.4394989013672
9000000.00004815,-72.2796630859375
9000000.00004815,-72.1158752441406
9000000.00004816,-71.949577331543
9000000.00004816,-71.7822189331055
9000000.00004817,-71.6152648925781
9000000.00004817,-71.4501495361328
9000000.00004818,-71.288330078125
9000000.00004818,-71.1312561035156
9000000.00004818,-70.9803771972656
9000000.00004819,-70.8371429443359
9000000.0000482,-70.698844909668
9000000.0000482,-70.5540771484375
9000000.00004821,-70.4045867919922
9000000.00004821,-70.2532119750977
9000000.00004822,-70.1027679443359
9000000.00004822,-69.9560852050781
9000000.00004823,-69.8159942626953
9000000.00004823,-69.6853103637695
9000000.00004824,-69.5668716430664
9000000.00004824,-69.463493347168
9000000.00004825,-69.3780136108398
9000000.00004825,-69.3132400512695
9000000.00004826,-69.2720108032227
9000000.00004826,-69.2538528442383
9000000.00004826,-69.2210540771484
9000000.00004827,-69.1705551147461
9000000.00004828,-69.1130981445313
9000000.00004828,-69.0594100952148
9000000.00004829,-69.0202255249023
9000000.00004829,-69.0062713623047
9000000.00004829,-69.0282745361328
9000000.0000483,-69.0969772338867
9000000.00004831,-69.2230987548828
9000000.00004831,-69.4173812866211
9000000.00004832,-69.6905517578125
9000000.00004832,-70.0533447265625
9000000.00004833,-70.5164794921875
9000000.00004833,-71.1509704589844
9000000.00004834,-71.9927978515625
9000000.00004834,-73.0001754760742
9000000.00004835,-74.1313095092773
9000000.00004835,-75.3444061279297
9000000.00004836,-76.5976638793945
9000000.00004836,-77.8493041992188
9000000.00004837,-79.0575256347656
9000000.00004837,-80.180534362793
9000000.00004837,-81.1765441894531
9000000.00004838,-82.0037612915039
9000000.00004839,-82.6203842163086
9000000.00004839,-82.9846267700195
9000000.0000484,-83.0695037841797
9000000.0000484,-82.9147338867188
9000000.00004841,-82.553108215332
9000000.00004841,-82.0150375366211
9000000.00004842,-81.3309555053711
9000000.00004842,-80.5312728881836
9000000.00004843,-79.6464157104492
9000000.00004843,-78.7067947387695
9000000.00004844,-77.7428283691406
9000000.00004844,-76.7849502563477
9000000.00004845,-75.8635711669922
9000000.00004845,-75.0091094970703
9000000.00004845,-74.2519912719727
9000000.00004846,-73.6143188476563
9000000.00004847,-73.0102386474609
9000000.00004847,-72.4111175537109
9000000.00004848,-71.8194808959961
9000000.00004848,-71.2378692626953
9000000.00004849,-70.668815612793
9000000.00004849,-70.114860534668
9000000.0000485,-69.5785293579102
9000000.0000485,-69.0623550415039
9000000.00004851,-68.5688858032227
9000000.00004851,-68.1006469726563
9000000.00004852,-67.6601715087891
9000000.00004852,-67.25
9000000.00004853,-66.8726654052734
9000000.00004853,-66.5255889892578
9000000.00004853,-66.2042007446289
9000000.00004854,-65.9080429077148
9000000.00004855,-65.6366500854492
9000000.00004855,-65.3895721435547
9000000.00004856,-65.1663436889648
9000000.00004856,-64.9665069580078
9000000.00004856,-64.7895965576172
9000000.00004857,-64.6351623535156
9000000.00004858,-64.5027389526367
9000000.00004858,-64.3918609619141
9000000.00004859,-64.3020858764648
9000000.00004859,-64.2329406738281
9000000.0000486,-64.1853485107422
9000000.0000486,-64.1630859375
9000000.00004861,-64.1655502319336
9000000.00004861,-64.1917877197266
9000000.00004862,-64.2408294677734
9000000.00004862,-64.3117218017578
9000000.00004863,-64.4035110473633
9000000.00004863,-64.5152206420898
9000000.00004864,-64.6459121704102
9000000.00004864,-64.7946166992188
9000000.00004864,-64.9603805541992
9000000.00004865,-65.1422348022461
9000000.00004866,-65.339225769043
9000000.00004866,-65.5503387451172
9000000.00004867,-65.7744827270508
9000000.00004867,-66.0125274658203
9000000.00004868,-66.2657165527344
9000000.00004868,-66.5353088378906
9000000.00004869,-66.8225631713867
9000000.00004869,-67.1287384033203
9000000.0000487,-67.4550857543945
9000000.0000487,-67.802864074707
9000000.00004871,-68.1733322143555
9000000.00004871,-68.5677490234375
9000000.00004872,-68.9873580932617
9000000.00004872,-69.4334335327148
9000000.00004872,-69.9072189331055
9000000.00004873,-70.449104309082
9000000.00004874,-71.0849685668945
9000000.00004874,-71.7943267822266
9000000.00004875,-72.5566787719727
9000000.00004875,-73.3515167236328
9000000.00004875,-74.1583633422852
9000000.00004876,-74.9567108154297
9000000.00004877,-75.7260589599609
9000000.00004877,-76.445930480957
9000000.00004878,-77.0958099365234
9000000.00004878,-77.6552124023438
9000000.00004879,-78.1036376953125
9000000.00004879,-78.4205856323242
9000000.0000488,-78.595832824707
9000000.0000488,-78.657112121582
9000000.00004881,-78.6181335449219
9000000.00004881,-78.4906005859375
9000000.00004882,-78.286247253418
9000000.00004882,-78.0167999267578
9000000.00004883,-77.693962097168
9000000.00004883,-77.3294677734375
9000000.00004883,-76.9350357055664
9000000.00004884,-76.5223922729492
9000000.00004885,-76.1032562255859
9000000.00004885,-75.6893463134766
9000000.00004886,-75.2923889160156
9000000.00004886,-74.9193496704102
9000000.00004887,-74.5189437866211
9000000.00004887,-74.0799026489258
9000000.00004888,-73.6096115112305
9000000.00004888,-73.1154937744141
9000000.00004889,-72.6049423217773
9000000.00004889,-72.0853576660156
9000000.0000489,-71.5641479492188
9000000.0000489,-71.048713684082
9000000.00004891,-70.5464630126953
9000000.00004891,-70.0647888183594
9000000.00004891,-69.6111068725586
9000000.00004892,-69.1928100585938
9000000.00004893,-68.8173065185547
9000000.00004893,-68.4729385375977
9000000.00004894,-68.1435699462891
9000000.00004894,-67.8298492431641
9000000.00004894,-67.5324630737305
9000000.00004895,-67.2520751953125
9000000.00004896,-66.9893493652344
9000000.00004896,-66.7449569702148
9000000.00004897,-66.5195617675781
9000000.00004897,-66.3138275146484
9000000.00004898,-66.1284408569336
9000000.00004898,-65.9640502929688
9000000.00004899,-65.8213272094727
9000000.00004899,-65.7009429931641
9000000.000049,-65.604850769043
9000000.000049,-65.5365829467773
9000000.00004901,-65.4944152832031
9000000.00004901,-65.4762344360352
9000000.00004902,-65.4799575805664
9000000.00004902,-65.5034713745117
9000000.00004902,-65.544677734375
9000000.00004903,-65.6014785766602
9000000.00004904,-65.6717681884766
9000000.00004904,-65.7534484863281
9000000.00004905,-65.8444137573242
9000000.00004905,-65.9425659179688
9000000.00004906,-66.0457992553711
9000000.00004906,-66.1534194946289
9000000.00004907,-66.2810440063477
9000000.00004907,-66.430778503418
9000000.00004908,-66.5990295410156
9000000.00004908,-66.7821884155273
9000000.00004909,-66.976676940918
9000000.00004909,-67.1788940429688
9000000.0000491,-67.3852310180664
9000000.0000491,-67.5921096801758
9000000.0000491,-67.7959213256836
9000000.00004911,-67.9930801391602
9000000.00004912,-68.1799774169922
9000000.00004912,-68.35302734375
9000000.00004913,-68.5086364746094
9000000.00004913,-68.6568298339844
9000000.00004913,-68.8084335327148
9000000.00004914,-68.9609756469727
9000000.00004915,-69.1119995117188
9000000.00004915,-69.2590637207031
9000000.00004916,-69.3996963500977
9000000.00004916,-69.5314483642578
9000000.00004917,-69.6518707275391
9000000.00004917,-69.7584991455078
9000000.00004918,-69.8488845825195
9000000.00004918,-69.9205627441406
9000000.00004919,-69.9710845947266
9000000.00004919,-69.9979934692383
9000000.0000492,-69.9994201660156
9000000.0000492,-69.976921081543
9000000.00004921,-69.9326553344727
9000000.00004921,-69.8687057495117
9000000.00004921,-69.7871551513672
9000000.00004922,-69.6901016235352
9000000.00004923,-69.5796203613281
9000000.00004923,-69.4578018188477
9000000.00004924,-69.3267364501953
9000000.00004924,-69.1885147094727
9000000.00004925,-69.0452117919922
9000000.00004925,-68.89892578125
9000000.00004926,-68.7517395019531
9000000.00004926,-68.6044921875
9000000.00004927,-68.4432907104492
9000000.00004927,-68.2660522460938
9000000.00004928,-68.0757827758789
9000000.00004928,-67.87548828125
9000000.00004929,-67.6681594848633
9000000.00004929,-67.4568023681641
9000000.00004929,-67.2444152832031
9000000.0000493,-67.0339889526367
9000000.00004931,-66.8285369873047
9000000.00004931,-66.6310577392578
9000000.00004932,-66.4445419311523
9000000.00004932,-66.2719955444336
9000000.00004932,-66.1164169311523
9000000.00004933,-65.9708938598633
9000000.00004934,-65.8274154663086
9000000.00004934,-65.6873092651367
9000000.00004935,-65.5519104003906
9000000.00004935,-65.4225616455078
9000000.00004936,-65.3005828857422
9000000.00004936,-65.1873092651367
9000000.00004937,-65.0840911865234
9000000.00004937,-64.9922409057617
9000000.00004938,-64.9131088256836
9000000.00004938,-64.848014831543
9000000.00004939,-64.7983016967773
9000000.00004939,-64.7653045654297
9000000.0000494,-64.7477416992188
9000000.0000494,-64.7384414672852
9000000.0000494,-64.7380676269531
9000000.00004941,-64.7479248046875
9000000.00004942,-64.7693252563477
9000000.00004942,-64.803581237793
9000000.00004943,-64.8520050048828
9000000.00004943,-64.915901184082
9000000.00004944,-64.99658203125
9000000.00004944,-65.0953598022461
9000000.00004945,-65.2135467529297
9000000.00004945,-65.3524551391602
9000000.00004946,-65.5133895874023
9000000.00004946,-65.6983871459961
9000000.00004947,-65.9165496826172
9000000.00004947,-66.1667938232422
9000000.00004948,-66.4447326660156
9000000.00004948,-66.7459487915039
9000000.00004948,-67.0660400390625
9000000.00004949,-67.4006118774414
9000000.0000495,-67.745246887207
9000000.0000495,-68.0955429077148
9000000.00004951,-68.4471054077148
9000000.00004951,-68.795524597168
9000000.00004951,-69.1363906860352
9000000.00004952,-69.4653091430664
9000000.00004953,-69.7778701782227
9000000.00004953,-70.0945816040039
9000000.00004954,-70.4342193603516
9000000.00004954,-70.7897872924805
9000000.00004955,-71.1542816162109
9000000.00004955,-71.5207061767578
9000000.00004956,-71.8820495605469
9000000.00004956,-72.231315612793
9000000.00004957,-72.5615005493164
9000000.00004957,-72.865608215332
9000000.00004958,-73.1366348266602
9000000.00004958,-73.3675842285156
9000000.00004959,-73.5514450073242
9000000.00004959,-73.6812210083008
9000000.00004959,-73.7507019042969
9000000.0000496,-73.7619171142578
9000000.00004961,-73.7216873168945
9000000.00004961,-73.6369094848633
9000000.00004962,-73.5144729614258
9000000.00004962,-73.3612594604492
9000000.00004963,-73.1841583251953
9000000.00004963,-72.9900741577148
9000000.00004964,-72.7858810424805
9000000.00004964,-72.5784759521484
9000000.00004965,-72.3747482299805
9000000.00004965,-72.1815795898438
9000000.00004966,-72.0058746337891
9000000.00004966,-71.8522338867188
9000000.00004967,-71.6965713500977
9000000.00004967,-71.532341003418
9000000.00004967,-71.3617477416992
9000000.00004968,-71.1870193481445
9000000.00004969,-71.0103607177734
9000000.00004969,-70.833984375
9000000.0000497,-70.6601028442383
9000000.0000497,-70.4909439086914
9000000.0000497,-70.3287048339844
9000000.00004971,-70.1756134033203
9000000.00004972,-70.0338668823242
9000000.00004972,-69.9056930541992
9000000.00004973,-69.7933044433594
9000000.00004973,-69.6943359375
9000000.00004974,-69.604736328125
9000000.00004974,-69.5241470336914
9000000.00004975,-69.4522247314453
9000000.00004975,-69.3886108398438
9000000.00004976,-69.3329620361328
9000000.00004976,-69.2849273681641
9000000.00004977,-69.2441482543945
9000000.00004977,-69.2102737426758
9000000.00004978,-69.1829681396484
9000000.00004978,-69.161865234375
9000000.00004978,-69.1466217041016
9000000.00004979,-69.1368789672852
9000000.0000498,-69.1323699951172
9000000.0000498,-69.1332855224609
9000000.00004981,-69.1399383544922
9000000.00004981,-69.1526336669922
9000000.00004982,-69.1716918945313
9000000.00004982,-69.1974105834961
9000000.00004983,-69.230110168457
9000000.00004983,-69.2700958251953
9000000.00004984,-69.3176727294922
9000000.00004984,-69.373161315918
9000000.00004985,-69.4368667602539
9000000.00004985,-69.5090942382813
9000000.00004986,-69.5901489257813
9000000.00004986,-69.6810531616211
9000000.00004986,-69.7901306152344
9000000.00004987,-69.9172134399414
9000000.00004988,-70.0590667724609
9000000.00004988,-70.2124786376953
9000000.00004989,-70.3742218017578
9000000.00004989,-70.5410766601563
9000000.0000499,-70.7098236083984
9000000.0000499,-70.8772277832031
9000000.00004991,-71.0400695800781
9000000.00004991,-71.1951370239258
9000000.00004992,-71.3391952514648
9000000.00004992,-71.4690246582031
9000000.00004993,-71.5814056396484
9000000.00004993,-71.6855239868164
9000000.00004994,-71.7911987304688
9000000.00004994,-71.8961334228516
9000000.00004995,-71.9980316162109
9000000.00004995,-72.094596862793
9000000.00004996,-72.1835479736328
9000000.00004996,-72.262565612793
9000000.00004997,-72.3293762207031
9000000.00004997,-72.3816833496094
9000000.00004997,-72.4171829223633
9000000.00004998,-72.4335784912109
9000000.00004999,-72.4285888671875
9000000.00004999,-72.3999099731445
9000000.00005,-72.3442153930664
9000000.00005,-72.2586135864258
9000000.00005001,-72.146369934082
9000000.00005001,-72.011116027832
9000000.00005002,-71.8564834594727
9000000.00005002,-71.6861114501953
9000000.00005003,-71.5036392211914
9000000.00005003,-71.3126907348633
9000000.00005004,-71.1168975830078
9000000.00005004,-70.9199066162109
9000000.00005005,-70.725341796875
9000000.00005005,-70.5368423461914
9000000.00005005,-70.358039855957
9000000.00005006,-70.1912841796875
9000000.00005007,-70.0228881835938
9000000.00005007,-69.8493728637695
9000000.00005008,-69.6722564697266
9000000.00005008,-69.4930572509766
9000000.00005009,-69.3133010864258
9000000.00005009,-69.1344909667969
9000000.0000501,-68.9581451416016
9000000.0000501,-68.7857894897461
9000000.00005011,-68.6189270019531
9000000.00005011,-68.4590835571289
9000000.00005012,-68.3077697753906
9000000.00005012,-68.16650390625
9000000.00005013,-68.0368041992188
9000000.00005013,-67.915885925293
9000000.00005014,-67.8001708984375
9000000.00005014,-67.6899948120117
9000000.00005015,-67.5856857299805
9000000.00005015,-67.4875717163086
9000000.00005016,-67.3959808349609
9000000.00005016,-67.3112411499023
9000000.00005016,-67.2336883544922
9000000.00005017,-67.1636505126953
9000000.00005018,-67.101448059082
9000000.00005018,-67.0474166870117
9000000.00005019,-67.0018920898438
9000000.00005019,-66.9651947021484
9000000.0000502,-66.9350814819336
9000000.0000502,-66.9044723510742
9000000.00005021,-66.8750762939453
9000000.00005021,-66.849250793457
9000000.00005022,-66.8293914794922
9000000.00005022,-66.8178634643555
9000000.00005023,-66.8170394897461
9000000.00005023,-66.8293075561523
9000000.00005024,-66.8570327758789
9000000.00005024,-66.9026031494141
9000000.00005024,-66.9683837890625
9000000.00005025,-67.056755065918
9000000.00005026,-67.1701049804688
9000000.00005026,-67.3072891235352
9000000.00005027,-67.4280014038086
9000000.00005027,-67.5295562744141
9000000.00005028,-67.6240310668945
9000000.00005028,-67.7234649658203
9000000.00005029,-67.8399276733398
9000000.00005029,-67.985481262207
9000000.0000503,-68.1721801757813
9000000.0000503,-68.4120788574219
9000000.00005031,-68.7172470092773
9000000.00005031,-69.0997467041016
9000000.00005032,-69.5716247558594
9000000.00005032,-70.1449432373047
9000000.00005032,-70.8317642211914
9000000.00005033,-71.723030090332
9000000.00005034,-72.86669921875
9000000.00005034,-74.2103881835938
9000000.00005035,-75.7017059326172
9000000.00005035,-77.2882766723633
9000000.00005035,-78.9177093505859
9000000.00005036,-80.5376129150391
9000000.00005037,-82.0956115722656
9000000.00005037,-83.539306640625
9000000.00005038,-84.8163223266602
9000000.00005038,-85.874267578125
9000000.00005039,-86.660758972168
9000000.00005039,-87.123405456543
9000000.0000504,-87.2243347167969
9000000.0000504,-87.0022354125977
9000000.00005041,-86.5014114379883
9000000.00005041,-85.7642974853516
9000000.00005042,-84.8333129882813
9000000.00005042,-83.7508926391602
9000000.00005043,-82.5594711303711
9000000.00005043,-81.3014755249023
9000000.00005043,-80.0193405151367
9000000.00005044,-78.755500793457
9000000.00005045,-77.552375793457
9000000.00005045,-76.4524002075195
9000000.00005046,-75.4980087280273
9000000.00005046,-74.7210464477539
9000000.00005047,-74.013542175293
9000000.00005047,-73.3357162475586
9000000.00005048,-72.6869277954102
9000000.00005048,-72.0665664672852
9000000.00005049,-71.473991394043
9000000.00005049,-70.908576965332
9000000.0000505,-70.3696899414063
9000000.0000505,-69.8567047119141
9000000.00005051,-69.3689956665039
9000000.00005051,-68.9059295654297
9000000.00005051,-68.4668807983398
9000000.00005052,-68.0512161254883
9000000.00005053,-67.6583099365234
9000000.00005053,-67.2905807495117
9000000.00005054,-66.9503555297852
9000000.00005054,-66.6368865966797
9000000.00005054,-66.3494186401367
9000000.00005055,-66.0872192382813
9000000.00005056,-65.8495178222656
9000000.00005056,-65.6355819702148
9000000.00005057,-65.4446487426758
9000000.00005057,-65.2759704589844
9000000.00005058,-65.1288070678711
9000000.00005058,-65.0024032592773
9000000.00005059,-64.8960037231445
9000000.00005059,-64.8088684082031
9000000.0000506,-64.7420425415039
9000000.0000506,-64.7004547119141
9000000.00005061,-64.683479309082
9000000.00005061,-64.6900329589844
9000000.00005062,-64.7190246582031
9000000.00005062,-64.7693634033203
9000000.00005062,-64.8399658203125
9000000.00005063,-64.9297485351563
9000000.00005064,-65.0376129150391
9000000.00005064,-65.162483215332
9000000.00005065,-65.3032608032227
9000000.00005065,-65.458869934082
9000000.00005066,-65.6282196044922
9000000.00005066,-65.8116302490234
9000000.00005067,-66.0252838134766
9000000.00005067,-66.270378112793
9000000.00005068,-66.5421905517578
9000000.00005068,-66.8360061645508
9000000.00005069,-67.1471099853516
9000000.00005069,-67.4707717895508
9000000.0000507,-67.8022842407227
9000000.0000507,-68.1369247436523
9000000.0000507,-68.469970703125
9000000.00005071,-68.7967071533203
9000000.00005072,-69.112419128418
9000000.00005072,-69.4123840332031
9000000.00005073,-69.6918792724609
9000000.00005073,-69.9646148681641
9000000.00005073,-70.2451171875
9000000.00005074,-70.5299072265625
9000000.00005075,-70.8155059814453
9000000.00005075,-71.0984420776367
9000000.00005076,-71.3752288818359
9000000.00005076,-71.6423950195313
9000000.00005077,-71.8964614868164
9000000.00005077,-72.1339492797852
9000000.00005078,-72.3513793945313
9000000.00005078,-72.545280456543
9000000.00005079,-72.7121658325195
9000000.00005079,-72.8485641479492
9000000.0000508,-72.9549407958984
9000000.0000508,-73.042106628418
9000000.00005081,-73.1106185913086
9000000.00005081,-73.1601104736328
9000000.00005081,-73.1902236938477
9000000.00005082,-73.2005767822266
9000000.00005083,-73.1908187866211
9000000.00005083,-73.1605758666992
9000000.00005084,-73.1094818115234
9000000.00005084,-73.0371780395508
9000000.00005085,-72.9432830810547
9000000.00005085,-72.8274383544922
9000000.00005086,-72.6892776489258
9000000.00005086,-72.5269393920898
9000000.00005087,-72.3226623535156
9000000.00005087,-72.0765533447266
9000000.00005088,-71.7952041625977
9000000.00005088,-71.4852294921875
9000000.00005089,-71.1532135009766
9000000.00005089,-70.805778503418
9000000.00005089,-70.4495086669922
9000000.0000509,-70.0910034179688
9000000.00005091,-69.7368850708008
9000000.00005091,-69.3937301635742
9000000.00005092,-69.0681533813477
9000000.00005092,-68.7667617797852
9000000.00005092,-68.4961395263672
9000000.00005093,-68.2414779663086
9000000.00005094,-67.9853744506836
9000000.00005094,-67.7305908203125
9000000.00005095,-67.479866027832
9000000.00005095,-67.2359619140625
9000000.00005096,-67.0016326904297
9000000.00005096,-66.7796173095703
9000000.00005097,-66.5726776123047
9000000.00005097,-66.3835678100586
9000000.00005098,-66.2150192260742
9000000.00005098,-66.0698089599609
9000000.00005099,-65.9506683349609
9000000.00005099,-65.8603591918945
9000000.000051,-65.8004150390625
9000000.000051,-65.7675552368164
9000000.000051,-65.7598037719727
9000000.00005101,-65.7754287719727
9000000.00005102,-65.8126831054688
9000000.00005102,-65.8698120117188
9000000.00005103,-65.9450836181641
9000000.00005103,-66.0367431640625
9000000.00005104,-66.1430511474609
9000000.00005104,-66.2622604370117
9000000.00005105,-66.3926239013672
9000000.00005105,-66.5323944091797
9000000.00005106,-66.6798400878906
9000000.00005106,-66.8348617553711
9000000.00005107,-67.016242980957
9000000.00005107,-67.2258071899414
9000000.00005108,-67.4585266113281
9000000.00005108,-67.7093505859375
9000000.00005108,-67.9732513427734
9000000.00005109,-68.2451858520508
9000000.0000511,-68.5201263427734
9000000.0000511,-68.7930221557617
9000000.00005111,-69.058837890625
9000000.00005111,-69.3125381469727
9000000.00005111,-69.5490875244141
9000000.00005112,-69.7634506225586
9000000.00005113,-69.9505767822266
9000000.00005113,-70.1100387573242
9000000.00005114,-70.2471542358398
9000000.00005114,-70.3655471801758
9000000.00005115,-70.4688415527344
9000000.00005115,-70.5606460571289
9000000.00005116,-70.6445846557617
9000000.00005116,-70.7242813110352
9000000.00005117,-70.8033447265625
9000000.00005117,-70.8854064941406
9000000.00005118,-70.9740753173828
9000000.00005118,-71.0729751586914
9000000.00005119,-71.1857299804688
9000000.00005119,-71.3159484863281
9000000.00005119,-71.472053527832
9000000.0000512,-71.667350769043
9000000.00005121,-71.8941650390625
9000000.00005121,-72.1433792114258
9000000.00005122,-72.4058990478516
9000000.00005122,-72.6725997924805
9000000.00005123,-72.9343719482422
9000000.00005123,-73.1821136474609
9000000.00005124,-73.4067001342773
9000000.00005124,-73.5990295410156
9000000.00005125,-73.7499923706055
9000000.00005125,-73.8504791259766
9000000.00005126,-73.8913650512695
9000000.00005126,-73.8639450073242
9000000.00005127,-73.7692794799805
9000000.00005127,-73.6156311035156
9000000.00005127,-73.4109268188477
9000000.00005128,-73.1631088256836
9000000.00005129,-72.8801345825195
9000000.00005129,-72.5699310302734
9000000.0000513,-72.2404479980469
9000000.0000513,-71.8996276855469
9000000.0000513,-71.5554046630859
9000000.00005131,-71.2157211303711
9000000.00005132,-70.8885269165039
9000000.00005132,-70.5817489624023
9000000.00005133,-70.3033447265625
9000000.00005133,-70.0343399047852
9000000.00005134,-69.753044128418
9000000.00005134,-69.4633102416992
9000000.00005135,-69.1690139770508
9000000.00005135,-68.8740158081055
9000000.00005136,-68.5821685791016
9000000.00005136,-68.2973480224609
9000000.00005137,-68.0234146118164
9000000.00005137,-67.7642288208008
9000000.00005138,-67.5236511230469
9000000.00005138,-67.305549621582
9000000.00005138,-67.1137847900391
9000000.00005139,-66.9522171020508
9000000.0000514,-66.8202590942383
9000000.0000514,-66.7057418823242
9000000.00005141,-66.6080856323242
9000000.00005141,-66.5277709960938
9000000.00005142,-66.4652709960938
9000000.00005142,-66.4210510253906
9000000.00005143,-66.3955993652344
9000000.00005143,-66.3893814086914
9000000.00005144,-66.4028701782227
9000000.00005144,-66.4365463256836
9000000.00005145,-66.4908828735352
9000000.00005145,-66.5663452148438
9000000.00005146,-66.6634216308594
9000000.00005146,-66.7824630737305
9000000.00005146,-66.9223327636719
9000000.00005147,-67.0825805664063
9000000.00005148,-67.2631759643555
9000000.00005148,-67.4640960693359
9000000.00005149,-67.685302734375
9000000.00005149,-67.9267807006836
9000000.0000515,-68.1884918212891
9000000.0000515,-68.4704055786133
9000000.00005151,-68.7725067138672
9000000.00005151,-69.0947494506836
9000000.00005152,-69.4371109008789
9000000.00005152,-69.7995681762695
9000000.00005153,-70.1820831298828
9000000.00005153,-70.6223754882813
9000000.00005154,-71.1459579467773
9000000.00005154,-71.734504699707
9000000.00005155,-72.3696899414063
9000000.00005155,-73.0331802368164
9000000.00005156,-73.7066497802734
9000000.00005156,-74.3717651367188
9000000.00005157,-75.0102081298828
9000000.00005157,-75.6036529541016
9000000.00005157,-76.1337585449219
9000000.00005158,-76.5822067260742
9000000.00005159,-76.9306716918945
9000000.00005159,-77.1608200073242
9000000.0000516,-77.2608184814453
9000000.0000516,-77.2481155395508
9000000.00005161,-77.1370849609375
9000000.00005161,-76.941047668457
9000000.00005162,-76.67333984375
9000000.00005162,-76.3473129272461
9000000.00005163,-75.9762802124023
9000000.00005163,-75.5735778808594
9000000.00005164,-75.1525497436523
9000000.00005164,-74.7265243530273
9000000.00005165,-74.308837890625
9000000.00005165,-73.9128265380859
9000000.00005165,-73.5518112182617
9000000.00005166,-73.2348403930664
9000000.00005167,-72.9165573120117
9000000.00005167,-72.5843124389648
9000000.00005168,-72.2419357299805
9000000.00005168,-71.8932723999023
9000000.00005169,-71.5421447753906
9000000.00005169,-71.1923904418945
9000000.0000517,-70.8478469848633
9000000.0000517,-70.5123443603516
9000000.00005171,-70.1897201538086
9000000.00005171,-69.8838043212891
9000000.00005172,-69.5984344482422
9000000.00005172,-69.3374481201172
9000000.00005173,-69.1046676635742
9000000.00005173,-68.8949890136719
9000000.00005174,-68.70068359375
9000000.00005174,-68.5216445922852
9000000.00005175,-68.3577575683594
9000000.00005175,-68.2089233398438
9000000.00005176,-68.0750427246094
9000000.00005176,-67.9560012817383
9000000.00005176,-67.8516998291016
9000000.00005177,-67.7620315551758
9000000.00005178,-67.6868896484375
9000000.00005178,-67.6261672973633
9000000.00005179,-67.5797653198242
9000000.00005179,-67.5475769042969
9000000.0000518,-67.5300216674805
9000000.0000518,-67.5285720825195
9000000.00005181,-67.5429000854492
9000000.00005181,-67.5725708007813
9000000.00005182,-67.6171340942383
9000000.00005182,-67.6761322021484
9000000.00005183,-67.7491226196289
9000000.00005183,-67.8356552124023
9000000.00005184,-67.9352722167969
9000000.00005184,-68.0475387573242
9000000.00005184,-68.1719970703125
9000000.00005185,-68.3081970214844
9000000.00005186,-68.455696105957
9000000.00005186,-68.6155624389648
9000000.00005187,-68.8056335449219
9000000.00005187,-69.0265426635742
9000000.00005188,-69.2724075317383
9000000.00005188,-69.5373458862305
9000000.00005189,-69.8154830932617
9000000.00005189,-70.1009292602539
9000000.0000519,-70.3878173828125
9000000.0000519,-70.6702575683594
9000000.00005191,-70.9423751831055
9000000.00005191,-71.1982803344727
9000000.00005192,-71.4321060180664
9000000.00005192,-71.6379623413086
9000000.00005193,-71.8099670410156
9000000.00005193,-71.9567489624023
9000000.00005194,-72.090690612793
9000000.00005194,-72.2115783691406
9000000.00005195,-72.3191833496094
9000000.00005195,-72.4132995605469
9000000.00005195,-72.4937057495117
9000000.00005196,-72.560173034668
9000000.00005197,-72.6124801635742
9000000.00005197,-72.6504211425781
9000000.00005198,-72.6737747192383
9000000.00005198,-72.6823043823242
9000000.00005199,-72.6758117675781
9000000.00005199,-72.6540603637695
9000000.000052,-72.6138076782227
9000000.000052,-72.5466613769531
9000000.00005201,-72.4552764892578
9000000.00005201,-72.3431396484375
9000000.00005202,-72.2137222290039
9000000.00005202,-72.0705184936523
9000000.00005203,-71.9169921875
9000000.00005203,-71.7566375732422
9000000.00005203,-71.5929260253906
9000000.00005204,-71.4293441772461
9000000.00005205,-71.2693710327148
9000000.00005205,-71.1164855957031
9000000.00005206,-70.9741744995117
9000000.00005206,-70.8447418212891
9000000.00005207,-70.7158660888672
9000000.00005207,-70.584228515625
9000000.00005208,-70.4510040283203
9000000.00005208,-70.3173828125
9000000.00005209,-70.1845245361328
9000000.00005209,-70.0536117553711
9000000.0000521,-69.9258270263672
9000000.0000521,-69.8023452758789
9000000.00005211,-69.6843338012695
9000000.00005211,-69.5729827880859
9000000.00005211,-69.4694595336914
9000000.00005212,-69.3749389648438
9000000.00005213,-69.2906036376953
9000000.00005213,-69.2162628173828
9000000.00005214,-69.1504516601563
9000000.00005214,-69.0924835205078
9000000.00005214,-69.0416641235352
9000000.00005215,-68.9972763061523
9000000.00005216,-68.9586410522461
9000000.00005216,-68.9250411987305
9000000.00005217,-68.8957824707031
9000000.00005217,-68.8701782226563
9000000.00005218,-68.8475112915039
9000000.00005218,-68.8270874023438
9000000.00005219,-68.8082122802734
9000000.00005219,-68.7901763916016
9000000.0000522,-68.7712097167969
9000000.0000522,-68.748291015625
9000000.00005221,-68.7230377197266
9000000.00005221,-68.697380065918
9000000.00005222,-68.6732406616211
9000000.00005222,-68.6525573730469
9000000.00005222,-68.6372451782227
9000000.00005223,-68.6292495727539
9000000.00005224,-68.630485534668
9000000.00005224,-68.6428909301758
9000000.00005225,-68.6683959960938
9000000.00005225,-68.7089233398438
9000000.00005226,-68.7664108276367
9000000.00005226,-68.8406829833984
9000000.00005227,-68.9078826904297
9000000.00005227,-68.965950012207
9000000.00005228,-69.0215454101563
9000000.00005228,-69.0813369750977
9000000.00005229,-69.1519775390625
9000000.00005229,-69.2401428222656
9000000.0000523,-69.3524856567383
9000000.0000523,-69.4956741333008
9000000.0000523,-69.6763687133789
9000000.00005231,-69.9012298583984
9000000.00005232,-70.1769256591797
9000000.00005232,-70.5101165771484
9000000.00005233,-70.9074630737305
9000000.00005233,-71.4175415039063
9000000.00005233,-72.0657348632813
9000000.00005234,-72.8238983154297
9000000.00005235,-73.6639022827148
9000000.00005235,-74.5576171875
9000000.00005236,-75.476921081543
9000000.00005236,-76.3936614990234
9000000.00005237,-77.2797164916992
9000000.00005237,-78.1069564819336
9000000.00005238,-78.8472442626953
9000000.00005238,-79.4724502563477
9000000.00005239,-79.9544296264648
9000000.00005239,-80.2650680541992
9000000.0000524,-80.3885803222656
9000000.0000524,-80.358283996582
9000000.00005241,-80.1943511962891
9000000.00005241,-79.9147186279297
9000000.00005241,-79.5373153686523
9000000.00005242,-79.0800704956055
9000000.00005243,-78.5609130859375
9000000.00005243,-77.9977798461914
9000000.00005244,-77.4085998535156
9000000.00005244,-76.8113021850586
9000000.00005245,-76.2238235473633
9000000.00005245,-75.6641006469727
9000000.00005246,-75.1500473022461
9000000.00005246,-74.6938934326172
9000000.00005247,-74.2353439331055
9000000.00005247,-73.7574005126953
9000000.00005248,-73.2649765014648
9000000.00005248,-72.7629623413086
9000000.00005249,-72.2562789916992
9000000.00005249,-71.7498245239258
9000000.00005249,-71.2485122680664
9000000.0000525,-70.7572402954102
9000000.00005251,-70.2809219360352
9000000.00005251,-69.8244552612305
9000000.00005252,-69.3927612304688
9000000.00005252,-68.9907302856445
9000000.00005252,-68.6232833862305
9000000.00005253,-68.2824020385742
9000000.00005254,-67.9571990966797
9000000.00005254,-67.6482543945313
9000000.00005255,-67.3561553955078
9000000.00005255,-67.0814666748047
9000000.00005256,-66.8247833251953
9000000.00005256,-66.5866775512695
9000000.00005257,-66.3677291870117
9000000.00005257,-66.1685256958008
9000000.00005258,-65.9896392822266
9000000.00005258,-65.831657409668
9000000.00005259,-65.6951522827148
9000000.00005259,-65.5807189941406
9000000.0000526,-65.4883804321289
9000000.0000526,-65.4166564941406
9000000.0000526,-65.365364074707
9000000.00005261,-65.3344345092773
9000000.00005262,-65.3238143920898
9000000.00005262,-65.3334426879883
9000000.00005263,-65.3632431030273
9000000.00005263,-65.4131622314453
9000000.00005264,-65.4831390380859
9000000.00005264,-65.573112487793
9000000.00005265,-65.6830139160156
9000000.00005265,-65.8127822875977
9000000.00005266,-65.9623641967773
9000000.00005266,-66.1320495605469
9000000.00005267,-66.3261489868164
9000000.00005267,-66.5447616577148
9000000.00005268,-66.7864379882813
9000000.00005268,-67.0497207641602
9000000.00005268,-67.333137512207
9000000.00005269,-67.6352462768555
9000000.0000527,-67.9545669555664
9000000.0000527,-68.2896575927734
9000000.00005271,-68.6390533447266
9000000.00005271,-69.0012893676758
9000000.00005271,-69.3749160766602
9000000.00005272,-69.7584609985352
9000000.00005273,-70.1504821777344
9000000.00005273,-70.5792007446289
9000000.00005274,-71.0653381347656
9000000.00005274,-71.5961380004883
9000000.00005275,-72.1588516235352
9000000.00005275,-72.74072265625
9000000.00005276,-73.3290100097656
9000000.00005276,-73.9109497070313
9000000.00005277,-74.4737930297852
9000000.00005277,-75.0047988891602
9000000.00005278,-75.4912033081055
9000000.00005278,-75.9202575683594
9000000.00005279,-76.2792129516602
9000000.00005279,-76.5553207397461
9000000.00005279,-76.742546081543
9000000.0000528,-76.8590698242188
9000000.00005281,-76.9131622314453
9000000.00005281,-76.9117431640625
9000000.00005282,-76.8617477416992
9000000.00005282,-76.7701187133789
9000000.00005283,-76.6437835693359
9000000.00005283,-76.4896774291992
9000000.00005284,-76.3147354125977
9000000.00005284,-76.1258926391602
9000000.00005285,-75.9300842285156
9000000.00005285,-75.7342376708984
9000000.00005286,-75.545295715332
9000000.00005286,-75.3676605224609
9000000.00005287,-75.1743469238281
9000000.00005287,-74.9587173461914
9000000.00005287,-74.7239761352539
9000000.00005288,-74.4733276367188
9000000.00005289,-74.2099609375
9000000.00005289,-73.9370727539063
9000000.0000529,-73.6578674316406
9000000.0000529,-73.3755340576172
9000000.00005291,-73.0932846069336
9000000.00005291,-72.8143005371094
9000000.00005292,-72.5417938232422
9000000.00005292,-72.2789535522461
9000000.00005293,-72.0289764404297
9000000.00005293,-71.7832565307617
9000000.00005294,-71.5323791503906
9000000.00005294,-71.2783889770508
9000000.00005295,-71.0233154296875
9000000.00005295,-70.7691879272461
9000000.00005296,-70.5180435180664
9000000.00005296,-70.2719192504883
9000000.00005297,-70.032829284668
9000000.00005297,-69.8028259277344
9000000.00005298,-69.5839309692383
9000000.00005298,-69.3781814575195
9000000.00005298,-69.1875991821289
9000000.00005299,-69.0142364501953
9000000.000053,-68.8556060791016
9000000.000053,-68.6993713378906
9000000.00005301,-68.5469512939453
9000000.00005301,-68.40087890625
9000000.00005302,-68.2637176513672
9000000.00005302,-68.1380004882813
9000000.00005303,-68.0262832641602
9000000.00005303,-67.9311141967773
9000000.00005304,-67.8550415039063
9000000.00005304,-67.8006057739258
9000000.00005305,-67.7703628540039
9000000.00005305,-67.7668533325195
9000000.00005306,-67.7926330566406
9000000.00005306,-67.8507919311523
9000000.00005306,-67.9487838745117
9000000.00005307,-68.0844039916992
9000000.00005308,-68.2526931762695
9000000.00005308,-68.4486923217773
9000000.00005309,-68.6674575805664
9000000.00005309,-68.9040222167969
9000000.0000531,-69.153434753418
9000000.0000531,-69.4107360839844
9000000.00005311,-69.6709671020508
9000000.00005311,-69.9291839599609
9000000.00005312,-70.1804275512695
9000000.00005312,-70.4197311401367
9000000.00005313,-70.6421508789063
9000000.00005313,-70.8689880371094
9000000.00005314,-71.1201782226563
9000000.00005314,-71.3886947631836
9000000.00005315,-71.6675262451172
9000000.00005315,-71.9496612548828
9000000.00005316,-72.2280807495117
9000000.00005316,-72.4957656860352
9000000.00005317,-72.7456970214844
9000000.00005317,-72.9708709716797
9000000.00005317,-73.1642684936523
9000000.00005318,-73.3188629150391
9000000.00005319,-73.4276428222656
9000000.00005319,-73.4835968017578
9000000.0000532,-73.4818878173828
9000000.0000532,-73.4283599853516
9000000.00005321,-73.3287582397461
9000000.00005321,-73.1885070800781
9000000.00005322,-73.0130233764648
9000000.00005322,-72.8077545166016
9000000.00005323,-72.5781173706055
9000000.00005323,-72.3295364379883
9000000.00005324,-72.0674438476563
9000000.00005324,-71.7972640991211
9000000.00005325,-71.5244293212891
9000000.00005325,-71.2543640136719
9000000.00005325,-70.9925003051758
9000000.00005326,-70.7417755126953
9000000.00005327,-70.4751510620117
9000000.00005327,-70.1873550415039
9000000.00005328,-69.8829956054688
9000000.00005328,-69.566650390625
9000000.00005329,-69.2429122924805
9000000.00005329,-68.9163818359375
9000000.0000533,-68.5916442871094
9000000.0000533,-68.2732925415039
9000000.00005331,-67.9659194946289
9000000.00005331,-67.6741180419922
9000000.00005332,-67.4024810791016
9000000.00005332,-67.1556015014648
9000000.00005333,-66.9380722045898
9000000.00005333,-66.7398376464844
9000000.00005334,-66.5489730834961
9000000.00005334,-66.3672714233398
9000000.00005335,-66.1965179443359
9000000.00005335,-66.0384979248047
9000000.00005336,-65.8950042724609
9000000.00005336,-65.767822265625
9000000.00005336,-65.6587371826172
9000000.00005337,-65.5695419311523
9000000.00005338,-65.5020217895508
9000000.00005338,-65.4579620361328
9000000.00005339,-65.4391479492188
9000000.00005339,-65.447380065918
9000000.0000534,-65.4857864379883
9000000.0000534,-65.5581512451172
9000000.00005341,-65.6614761352539
9000000.00005341,-65.7923583984375
9000000.00005342,-65.9473724365234
9000000.00005342,-66.1231002807617
9000000.00005343,-66.3161315917969
9000000.00005343,-66.5230484008789
9000000.00005344,-66.7404251098633
9000000.00005344,-66.9648513793945
9000000.00005344,-67.1929016113281
9000000.00005345,-67.4211730957031
9000000.00005346,-67.6462326049805
9000000.00005346,-67.8666152954102
9000000.00005347,-68.1038589477539
9000000.00005347,-68.361328125
9000000.00005348,-68.6345520019531
9000000.00005348,-68.9190368652344
9000000.00005349,-69.2103118896484
9000000.00005349,-69.5038833618164
9000000.0000535,-69.7952880859375
9000000.0000535,-70.0800323486328
9000000.00005351,-70.353630065918
9000000.00005351,-70.6116104125977
9000000.00005352,-70.8494873046875
9000000.00005352,-71.0627822875977
9000000.00005353,-71.2470092773438
9000000.00005353,-71.4099884033203
9000000.00005354,-71.5620040893555
9000000.00005354,-71.7022933959961
9000000.00005355,-71.8300704956055
9000000.00005355,-71.9445648193359
9000000.00005355,-72.0449981689453
9000000.00005356,-72.1305923461914
9000000.00005357,-72.2005767822266
9000000.00005357,-72.2541732788086
9000000.00005358,-72.2906036376953
9000000.00005358,-72.3090972900391
9000000.00005359,-72.3088760375977
9000000.00005359,-72.2891616821289
9000000.0000536,-72.2490615844727
9000000.0000536,-72.1882553100586
9000000.00005361,-72.1076507568359
9000000.00005361,-72.0082321166992
9000000.00005362,-71.8909683227539
9000000.00005362,-71.7568511962891
9000000.00005363,-71.6068496704102
9000000.00005363,-71.4419479370117
9000000.00005363,-71.2631149291992
9000000.00005364,-71.0713424682617
9000000.00005365,-70.8675994873047
9000000.00005365,-70.6528625488281
9000000.00005366,-70.4281234741211
9000000.00005366,-70.192756652832
9000000.00005367,-69.9284591674805
9000000.00005367,-69.6340942382813
9000000.00005368,-69.3152389526367
9000000.00005368,-68.9774627685547
9000000.00005369,-68.6263427734375
9000000.00005369,-68.2674407958984
9000000.0000537,-67.9063415527344
9000000.0000537,-67.5486068725586
9000000.00005371,-67.1998062133789
9000000.00005371,-66.8655166625977
9000000.00005372,-66.5513153076172
9000000.00005372,-66.2627639770508
9000000.00005373,-66.0054397583008
9000000.00005373,-65.7686157226563
9000000.00005374,-65.5388107299805
9000000.00005374,-65.3174896240234
9000000.00005374,-65.1061019897461
9000000.00005375,-64.9061050415039
9000000.00005376,-64.7189483642578
9000000.00005376,-64.5460891723633
9000000.00005377,-64.3889770507813
9000000.00005377,-64.2490692138672
9000000.00005378,-64.1278228759766
9000000.00005378,-64.0266799926758
9000000.00005379,-63.9471054077148
9000000.00005379,-63.8905487060547
9000000.0000538,-63.8570938110352
9000000.0000538,-63.8429985046387
9000000.00005381,-63.8478050231934
9000000.00005381,-63.8713684082031
9000000.00005382,-63.9135398864746
9000000.00005382,-63.9741744995117
9000000.00005382,-64.0531234741211
9000000.00005383,-64.1502456665039
9000000.00005384,-64.2653961181641
9000000.00005384,-64.3984222412109
9000000.00005385,-64.549186706543
9000000.00005385,-64.717529296875
9000000.00005386,-64.9033203125
9000000.00005386,-65.1059265136719
9000000.00005387,-65.3197860717773
9000000.00005387,-65.5449371337891
9000000.00005388,-65.7835006713867
9000000.00005388,-66.0375671386719
9000000.00005389,-66.3092498779297
9000000.00005389,-66.6006469726563
9000000.0000539,-66.9138641357422
9000000.0000539,-67.2510147094727
9000000.00005391,-67.6141815185547
9000000.00005391,-68.0054931640625
9000000.00005392,-68.4270324707031
9000000.00005392,-68.8809127807617
9000000.00005393,-69.3692474365234
9000000.00005393,-69.9264984130859
9000000.00005393,-70.5736236572266
9000000.00005394,-71.2924194335938
9000000.00005395,-72.0647048950195
9000000.00005395,-72.8722686767578
9000000.00005396,-73.6969223022461
9000000.00005396,-74.5204696655273
9000000.00005397,-75.3247146606445
9000000.00005397,-76.0914611816406
9000000.00005398,-76.8025207519531
9000000.00005398,-77.4396820068359
9000000.00005399,-77.9847640991211
9000000.00005399,-78.419563293457
9000000.000054,-78.7401733398438
9000000.000054,-78.9855117797852
9000000.00005401,-79.1636123657227
9000000.00005401,-79.2793579101563
9000000.00005401,-79.3376388549805
9000000.00005402,-79.3433227539063
9000000.00005403,-79.3013153076172
9000000.00005403,-79.2164840698242
9000000.00005404,-79.0937194824219
9000000.00005404,-78.9379043579102
9000000.00005405,-78.7539215087891
9000000.00005405,-78.5466613769531
9000000.00005406,-78.3210067749023
9000000.00005406,-78.0782470703125
9000000.00005407,-77.7780914306641
9000000.00005407,-77.4155960083008
9000000.00005408,-77.0005111694336
9000000.00005408,-76.5426254272461
9000000.00005409,-76.0516815185547
9000000.00005409,-75.5374526977539
9000000.00005409,-75.0097122192383
9000000.0000541,-74.4782104492188
9000000.00005411,-73.9527206420898
9000000.00005411,-73.443000793457
9000000.00005412,-72.9588241577148
9000000.00005412,-72.5099487304688
9000000.00005412,-72.1061477661133
9000000.00005413,-71.7316970825195
9000000.00005414,-71.3650741577148
9000000.00005414,-71.00732421875
9000000.00005415,-70.6595001220703
9000000.00005415,-70.322639465332
9000000.00005416,-69.997802734375
9000000.00005416,-69.6860198974609
9000000.00005417,-69.3883590698242
9000000.00005417,-69.1058502197266
9000000.00005418,-68.8395462036133
9000000.00005418,-68.5904998779297
9000000.00005419,-68.3597564697266
9000000.00005419,-68.1483535766602
9000000.0000542,-67.9551544189453
9000000.0000542,-67.7741088867188
9000000.0000542,-67.6058578491211
9000000.00005421,-67.4515838623047
9000000.00005422,-67.3124771118164
9000000.00005422,-67.1897201538086
9000000.00005423,-67.0845108032227
9000000.00005423,-66.9980239868164
9000000.00005424,-66.9314498901367
9000000.00005424,-66.8859786987305
9000000.00005425,-66.8628005981445
9000000.00005425,-66.8630905151367
9000000.00005426,-66.8880462646484
9000000.00005426,-66.9388046264648
9000000.00005427,-67.0153427124023
9000000.00005427,-67.1165924072266
9000000.00005428,-67.2414703369141
9000000.00005428,-67.3889083862305
9000000.00005428,-67.5578308105469
9000000.00005429,-67.7471618652344
9000000.0000543,-67.9558334350586
9000000.0000543,-68.1827621459961
9000000.00005431,-68.426872253418
9000000.00005431,-68.6871032714844
9000000.00005431,-68.9623641967773
9000000.00005432,-69.251594543457
9000000.00005433,-69.5537109375
9000000.00005433,-69.9012451171875
9000000.00005434,-70.3173599243164
9000000.00005434,-70.7869720458984
9000000.00005435,-71.2949829101563
9000000.00005435,-71.826286315918
9000000.00005436,-72.3657989501953
9000000.00005436,-72.8984146118164
9000000.00005437,-73.4090423583984
9000000.00005437,-73.8825836181641
9000000.00005438,-74.3039398193359
9000000.00005438,-74.6580200195313
9000000.00005439,-74.9297256469727
9000000.00005439,-75.1039505004883
9000000.00005439,-75.1713256835938
9000000.0000544,-75.1471939086914
9000000.00005441,-75.0431060791016
9000000.00005441,-74.8696670532227
9000000.00005442,-74.6374816894531
9000000.00005442,-74.3571472167969
9000000.00005443,-74.0392608642578
9000000.00005443,-73.6944274902344
9000000.00005444,-73.3332443237305
9000000.00005444,-72.9663238525391
9000000.00005445,-72.6042556762695
9000000.00005445,-72.2576370239258
9000000.00005446,-71.9370803833008
9000000.00005446,-71.6494140625
9000000.00005447,-71.3544769287109
9000000.00005447,-71.0421447753906
9000000.00005447,-70.7169189453125
9000000.00005448,-70.3833084106445
9000000.00005449,-70.0458068847656
9000000.00005449,-69.7089157104492
9000000.0000545,-69.3771362304688
9000000.0000545,-69.0549621582031
9000000.00005451,-68.7469024658203
9000000.00005451,-68.4574584960938
9000000.00005452,-68.1911163330078
9000000.00005452,-67.9523849487305
9000000.00005453,-67.7457656860352
9000000.00005453,-67.5648498535156
9000000.00005454,-67.400260925293
9000000.00005454,-67.2520904541016
9000000.00005455,-67.1204147338867
9000000.00005455,-67.0053100585938
9000000.00005456,-66.9068603515625
9000000.00005456,-66.8251495361328
9000000.00005457,-66.76025390625
9000000.00005457,-66.7122497558594
9000000.00005458,-66.6812286376953
9000000.00005458,-66.6672515869141
9000000.00005458,-66.6704177856445
9000000.00005459,-66.6907958984375
9000000.0000546,-66.7303848266602
9000000.0000546,-66.7944717407227
9000000.00005461,-66.8814468383789
9000000.00005461,-66.9891815185547
9000000.00005462,-67.1155395507813
9000000.00005462,-67.2583923339844
9000000.00005463,-67.4155960083008
9000000.00005463,-67.5850372314453
9000000.00005464,-67.7645721435547
9000000.00005464,-67.9520721435547
9000000.00005465,-68.1454010009766
9000000.00005465,-68.3424377441406
9000000.00005466,-68.5410385131836
9000000.00005466,-68.7404174804688
9000000.00005466,-68.9555435180664
9000000.00005467,-69.1885375976563
9000000.00005468,-69.4360656738281
9000000.00005468,-69.6947860717773
9000000.00005469,-69.9613723754883
9000000.00005469,-70.2324829101563
9000000.0000547,-70.5047836303711
9000000.0000547,-70.7749404907227
9000000.00005471,-71.0396118164063
9000000.00005471,-71.2954711914063
9000000.00005472,-71.5391845703125
9000000.00005472,-71.7674026489258
9000000.00005473,-71.9767990112305
9000000.00005473,-72.180046081543
9000000.00005474,-72.3894348144531
9000000.00005474,-72.6010589599609
9000000.00005475,-72.8109970092773
9000000.00005475,-73.0153350830078
9000000.00005476,-73.2101745605469
9000000.00005476,-73.3915863037109
9000000.00005477,-73.5556716918945
9000000.00005477,-73.6985092163086
9000000.00005477,-73.8161926269531
9000000.00005478,-73.9048080444336
9000000.00005479,-73.96044921875
9000000.00005479,-73.9791870117188
9000000.0000548,-73.9569091796875
9000000.0000548,-73.8929061889648
9000000.00005481,-73.7915267944336
9000000.00005481,-73.6573257446289
9000000.00005482,-73.4948654174805
9000000.00005482,-73.3086929321289
9000000.00005483,-73.1033630371094
9000000.00005483,-72.8834381103516
9000000.00005484,-72.6534729003906
9000000.00005484,-72.4180221557617
9000000.00005485,-72.1816482543945
9000000.00005485,-71.9488906860352
9000000.00005485,-71.7243194580078
9000000.00005486,-71.5106353759766
9000000.00005487,-71.2878265380859
9000000.00005487,-71.051513671875
9000000.00005488,-70.8046035766602
9000000.00005488,-70.5499877929688
9000000.00005489,-70.2905807495117
9000000.00005489,-70.0292816162109
9000000.0000549,-69.7689971923828
9000000.0000549,-69.5126190185547
9000000.00005491,-69.263053894043
9000000.00005491,-69.0232162475586
9000000.00005492,-68.7959976196289
9000000.00005492,-68.5843048095703
9000000.00005493,-68.3910446166992
9000000.00005493,-68.2103042602539
9000000.00005494,-68.0348587036133
9000000.00005494,-67.8656158447266
9000000.00005495,-67.703483581543
9000000.00005495,-67.5493774414063
9000000.00005496,-67.4042129516602
9000000.00005496,-67.2688903808594
9000000.00005496,-67.1443176269531
9000000.00005497,-67.0314178466797
9000000.00005498,-66.9310989379883
9000000.00005498,-66.8442611694336
9000000.00005499,-66.7718276977539
9000000.00005499,-66.7146987915039
9000000.000055,-66.6718826293945
9000000.000055,-66.6381378173828
9000000.00005501,-66.6139984130859
9000000.00005501,-66.6005172729492
9000000.00005502,-66.5987014770508
9000000.00005502,-66.6095962524414
9000000.00005503,-66.6342239379883
9000000.00005503,-66.6736145019531
9000000.00005504,-66.7288055419922
9000000.00005504,-66.8008117675781
9000000.00005504,-66.8906784057617
9000000.00005505,-66.9994277954102
9000000.00005506,-67.1280899047852
9000000.00005506,-67.2771148681641
9000000.00005507,-67.4401321411133
9000000.00005507,-67.6161270141602
9000000.00005508,-67.8064041137695
9000000.00005508,-68.0122833251953
9000000.00005509,-68.2350692749023
9000000.00005509,-68.4760665893555
9000000.0000551,-68.7365951538086
9000000.0000551,-69.0179672241211
9000000.00005511,-69.3214797973633
9000000.00005511,-69.6484603881836
9000000.00005512,-70.0002059936523
9000000.00005512,-70.3780364990234
9000000.00005513,-70.7832641601563
9000000.00005513,-71.2404403686523
9000000.00005514,-71.7647018432617
9000000.00005514,-72.3432235717773
9000000.00005515,-72.9631576538086
9000000.00005515,-73.6116714477539
9000000.00005515,-74.2759399414063
9000000.00005516,-74.943115234375
9000000.00005517,-75.6003646850586
9000000.00005517,-76.2348556518555
9000000.00005518,-76.8337554931641
9000000.00005518,-77.3842315673828
9000000.00005519,-77.8734359741211
9000000.00005519,-78.2885437011719
9000000.0000552,-78.6329956054688
9000000.0000552,-78.9513473510742
9000000.00005521,-79.2443237304688
9000000.00005521,-79.5087661743164
9000000.00005522,-79.7414932250977
9000000.00005522,-79.9393539428711
9000000.00005523,-80.0991821289063
9000000.00005523,-80.2178039550781
9000000.00005523,-80.2920532226563
9000000.00005524,-80.3187789916992
9000000.00005525,-80.294807434082
9000000.00005525,-80.2169647216797
9000000.00005526,-80.0820999145508
9000000.00005526,-79.884391784668
9000000.00005527,-79.5913772583008
9000000.00005527,-79.2055053710938
9000000.00005528,-78.7411117553711
9000000.00005528,-78.2125473022461
9000000.00005529,-77.6341552734375
9000000.00005529,-77.0202789306641
9000000.0000553,-76.3852615356445
9000000.0000553,-75.7434387207031
9000000.00005531,-75.1091690063477
9000000.00005531,-74.4967880249023
9000000.00005532,-73.9206390380859
9000000.00005532,-73.3950653076172
9000000.00005533,-72.9344177246094
9000000.00005533,-72.516716003418
9000000.00005534,-72.111083984375
9000000.00005534,-71.7185211181641
9000000.00005534,-71.3400268554688
9000000.00005535,-70.9766082763672
9000000.00005536,-70.6292572021484
9000000.00005536,-70.2989730834961
9000000.00005537,-69.9867630004883
9000000.00005537,-69.6936264038086
9000000.00005538,-69.4205551147461
9000000.00005538,-69.1685562133789
9000000.00005539,-68.9386291503906
9000000.00005539,-68.7317657470703
9000000.0000554,-68.5494155883789
9000000.0000554,-68.3927917480469
9000000.00005541,-68.260498046875
9000000.00005541,-68.1509475708008
9000000.00005542,-68.0625762939453
9000000.00005542,-67.9938201904297
9000000.00005542,-67.9430999755859
9000000.00005543,-67.9088516235352
9000000.00005544,-67.8895034790039
9000000.00005544,-67.8834838867188
9000000.00005545,-67.8892211914063
9000000.00005545,-67.9051513671875
9000000.00005546,-67.9297027587891
9000000.00005546,-67.9629516601563
9000000.00005547,-68.0236892700195
9000000.00005547,-68.1135787963867
9000000.00005548,-68.227424621582
9000000.00005548,-68.3600234985352
9000000.00005549,-68.5061874389648
9000000.00005549,-68.6607055664063
9000000.0000555,-68.8183898925781
9000000.0000555,-68.9740371704102
9000000.00005551,-69.122444152832
9000000.00005551,-69.2584228515625
9000000.00005552,-69.3767623901367
9000000.00005552,-69.4722671508789
9000000.00005553,-69.5397491455078
9000000.00005553,-69.5845336914063
9000000.00005553,-69.6160354614258
9000000.00005554,-69.6351776123047
9000000.00005555,-69.6428756713867
9000000.00005555,-69.6400375366211
9000000.00005556,-69.6275787353516
9000000.00005556,-69.6064300537109
9000000.00005557,-69.5774917602539
9000000.00005557,-69.5416946411133
9000000.00005558,-69.4999389648438
9000000.00005558,-69.4531555175781
9000000.00005559,-69.4022521972656
9000000.00005559,-69.34814453125
9000000.0000556,-69.2888565063477
9000000.0000556,-69.2164154052734
9000000.00005561,-69.1321563720703
9000000.00005561,-69.0381546020508
9000000.00005561,-68.9364929199219
9000000.00005562,-68.829231262207
9000000.00005563,-68.7184600830078
9000000.00005563,-68.6062469482422
9000000.00005564,-68.4946670532227
9000000.00005564,-68.3858108520508
9000000.00005565,-68.28173828125
9000000.00005565,-68.1845321655273
9000000.00005566,-68.0962677001953
9000000.00005566,-68.0183410644531
9000000.00005567,-67.9435729980469
9000000.00005567,-67.8699798583984
9000000.00005568,-67.798210144043
9000000.00005568,-67.7288970947266
9000000.00005569,-67.6626968383789
9000000.00005569,-67.6002426147461
9000000.0000557,-67.5421676635742
9000000.0000557,-67.4891204833984
9000000.00005571,-67.4417419433594
9000000.00005571,-67.4006652832031
9000000.00005572,-67.3665466308594
9000000.00005572,-67.3400115966797
9000000.00005572,-67.3217086791992
9000000.00005573,-67.3138885498047
9000000.00005574,-67.3173599243164
9000000.00005574,-67.3305816650391
9000000.00005575,-67.3520431518555
9000000.00005575,-67.3802032470703
9000000.00005576,-67.4135360717773
9000000.00005576,-67.4505157470703
9000000.00005577,-67.4896087646484
9000000.00005577,-67.529296875
9000000.00005578,-67.5680465698242
9000000.00005578,-67.6043243408203
9000000.00005579,-67.6366119384766
9000000.00005579,-67.6633758544922
9000000.0000558,-67.6829376220703
9000000.0000558,-67.6948318481445
9000000.0000558,-67.7008209228516
9000000.00005581,-67.702751159668
9000000.00005582,-67.7024688720703
9000000.00005582,-67.7018280029297
9000000.00005583,-67.7026824951172
9000000.00005583,-67.7068862915039
9000000.00005584,-67.7162780761719
9000000.00005584,-67.7327194213867
9000000.00005585,-67.758056640625
9000000.00005585,-67.7941436767578
9000000.00005586,-67.8428344726563
9000000.00005586,-67.9046020507813
9000000.00005587,-67.9641342163086
9000000.00005587,-68.0195465087891
9000000.00005588,-68.0745620727539
9000000.00005588,-68.1329040527344
9000000.00005588,-68.1982803344727
9000000.00005589,-68.2744293212891
9000000.0000559,-68.3650665283203
9000000.0000559,-68.4739074707031
9000000.00005591,-68.6046752929688
9000000.00005591,-68.7610855102539
9000000.00005592,-68.9468688964844
9000000.00005592,-69.1657409667969
9000000.00005593,-69.4214248657227
9000000.00005593,-69.7382965087891
9000000.00005594,-70.1286849975586
9000000.00005594,-70.5782089233398
9000000.00005595,-71.0724945068359
9000000.00005595,-71.5971603393555
9000000.00005596,-72.1378326416016
9000000.00005596,-72.6801376342773
9000000.00005597,-73.2096939086914
9000000.00005597,-73.7121276855469
9000000.00005598,-74.1730651855469
9000000.00005598,-74.578125
9000000.00005599,-74.9129333496094
9000000.00005599,-75.1631164550781
9000000.00005599,-75.3262405395508
9000000.000056,-75.4348907470703
9000000.00005601,-75.4948806762695
9000000.00005601,-75.5093612670898
9000000.00005602,-75.4814910888672
9000000.00005602,-75.414421081543
9000000.00005603,-75.3112945556641
9000000.00005603,-75.1752853393555
9000000.00005604,-75.0095291137695
9000000.00005604,-74.8171844482422
9000000.00005605,-74.6014022827148
9000000.00005605,-74.3653411865234
9000000.00005606,-74.1121520996094
9000000.00005606,-73.8419952392578
9000000.00005607,-73.5208282470703
9000000.00005607,-73.1453628540039
9000000.00005607,-72.7247314453125
9000000.00005608,-72.2680587768555
9000000.00005609,-71.7844848632813
9000000.00005609,-71.2831420898438
9000000.0000561,-70.7731704711914
9000000.0000561,-70.2636871337891
9000000.00005611,-69.7638397216797
9000000.00005611,-69.2827529907227
9000000.00005612,-68.8295669555664
9000000.00005612,-68.4134140014648
9000000.00005613,-68.0434188842773
9000000.00005613,-67.7046432495117
9000000.00005614,-67.3767929077148
9000000.00005614,-67.0609588623047
9000000.00005615,-66.7582473754883
9000000.00005615,-66.4697494506836
9000000.00005616,-66.1965637207031
9000000.00005616,-65.9397964477539
9000000.00005617,-65.7005310058594
9000000.00005617,-65.4798889160156
9000000.00005618,-65.2789459228516
9000000.00005618,-65.0988159179688
9000000.00005618,-64.9405899047852
9000000.00005619,-64.8053741455078
9000000.0000562,-64.6937408447266
9000000.0000562,-64.6042861938477
9000000.00005621,-64.536262512207
9000000.00005621,-64.4890060424805
9000000.00005622,-64.4618530273438
9000000.00005622,-64.4541320800781
9000000.00005623,-64.4651947021484
9000000.00005623,-64.4943695068359
9000000.00005624,-64.5410003662109
9000000.00005624,-64.6044235229492
9000000.00005625,-64.683967590332
9000000.00005625,-64.7789840698242
9000000.00005626,-64.888801574707
9000000.00005626,-65.0139465332031
9000000.00005626,-65.1681137084961
9000000.00005627,-65.3520812988281
9000000.00005628,-65.5616149902344
9000000.00005628,-65.7924957275391
9000000.00005629,-66.0404891967773
9000000.00005629,-66.3013610839844
9000000.0000563,-66.5708923339844
9000000.0000563,-66.844856262207
9000000.00005631,-67.1190185546875
9000000.00005631,-67.3891448974609
9000000.00005632,-67.6510238647461
9000000.00005632,-67.9004058837891
9000000.00005633,-68.1330795288086
9000000.00005633,-68.3628921508789
9000000.00005634,-68.6039352416992
9000000.00005634,-68.8523178100586
9000000.00005635,-69.1041641235352
9000000.00005635,-69.355583190918
9000000.00005636,-69.6026916503906
9000000.00005636,-69.8416137695313
9000000.00005637,-70.0684585571289
9000000.00005637,-70.2793502807617
9000000.00005637,-70.4704055786133
9000000.00005638,-70.6377258300781
9000000.00005639,-70.7774429321289
9000000.00005639,-70.8856735229492
9000000.0000564,-70.9598693847656
9000000.0000564,-71.0036392211914
9000000.00005641,-71.0200500488281
9000000.00005641,-71.011962890625
9000000.00005642,-70.9822387695313
9000000.00005642,-70.9337463378906
9000000.00005643,-70.8693389892578
9000000.00005643,-70.7918853759766
9000000.00005644,-70.7042388916016
9000000.00005644,-70.609260559082
9000000.00005645,-70.5098190307617
9000000.00005645,-70.4087677001953
9000000.00005645,-70.3089752197266
9000000.00005646,-70.2119445800781
9000000.00005647,-70.1029510498047
9000000.00005647,-69.9792022705078
9000000.00005648,-69.8432998657227
9000000.00005648,-69.6978225708008
9000000.00005649,-69.5453720092773
9000000.00005649,-69.3885192871094
9000000.0000565,-69.2298736572266
9000000.0000565,-69.0720138549805
9000000.00005651,-68.9175338745117
9000000.00005651,-68.7690124511719
9000000.00005652,-68.6290512084961
9000000.00005652,-68.500244140625
9000000.00005653,-68.3851623535156
9000000.00005653,-68.2786636352539
9000000.00005654,-68.1743621826172
9000000.00005654,-68.0730209350586
9000000.00005655,-67.9753952026367
9000000.00005655,-67.8822479248047
9000000.00005656,-67.7943344116211
9000000.00005656,-67.7124252319336
9000000.00005656,-67.6372756958008
9000000.00005657,-67.5696411132813
9000000.00005658,-67.5102844238281
9000000.00005658,-67.4599685668945
9000000.00005659,-67.4194488525391
9000000.00005659,-67.3894882202148
9000000.0000566,-67.3678283691406
9000000.0000566,-67.3461837768555
9000000.00005661,-67.3261413574219
9000000.00005661,-67.3100662231445
9000000.00005662,-67.3003540039063
9000000.00005662,-67.2993545532227
9000000.00005663,-67.3094482421875
9000000.00005663,-67.3330078125
9000000.00005664,-67.3724060058594
9000000.00005664,-67.4300231933594
9000000.00005664,-67.5082168579102
9000000.00005665,-67.609375
9000000.00005666,-67.7358627319336
9000000.00005666,-67.889030456543
9000000.00005667,-68.0577621459961
9000000.00005667,-68.2397613525391
9000000.00005668,-68.4367980957031
9000000.00005668,-68.6506195068359
9000000.00005669,-68.8829879760742
9000000.00005669,-69.1356506347656
9000000.0000567,-69.4103775024414
9000000.0000567,-69.7089233398438
9000000.00005671,-70.0330352783203
9000000.00005671,-70.3844757080078
9000000.00005672,-70.765007019043
9000000.00005672,-71.1763763427734
9000000.00005673,-71.6203536987305
9000000.00005673,-72.1451950073242
9000000.00005674,-72.7815399169922
9000000.00005674,-73.5047378540039
9000000.00005675,-74.2901153564453
9000000.00005675,-75.1129989624023
9000000.00005675,-75.94873046875
9000000.00005676,-76.7726364135742
9000000.00005677,-77.56005859375
9000000.00005677,-78.2863235473633
9000000.00005678,-78.9267654418945
9000000.00005678,-79.4567184448242
9000000.00005679,-79.8515167236328
9000000.00005679,-80.0864944458008
9000000.0000568,-80.1423721313477
9000000.0000568,-80.0333862304688
9000000.00005681,-79.7815399169922
9000000.00005681,-79.4083633422852
9000000.00005682,-78.9353713989258
9000000.00005682,-78.3840713500977
9000000.00005683,-77.7760009765625
9000000.00005683,-77.1326599121094
9000000.00005683,-76.4755783081055
9000000.00005684,-75.8262634277344
9000000.00005685,-75.2062454223633
9000000.00005685,-74.6370315551758
9000000.00005686,-74.1401519775391
9000000.00005686,-73.7316284179688
9000000.00005687,-73.3553695678711
9000000.00005687,-72.9911651611328
9000000.00005688,-72.6391754150391
9000000.00005688,-72.2995681762695
9000000.00005689,-71.9725036621094
9000000.00005689,-71.6581268310547
9000000.0000569,-71.3566131591797
9000000.0000569,-71.0681076049805
9000000.00005691,-70.7927780151367
9000000.00005691,-70.5307769775391
9000000.00005692,-70.2822723388672
9000000.00005692,-70.0474166870117
9000000.00005693,-69.8263778686523
9000000.00005693,-69.6220626831055
9000000.00005694,-69.4362716674805
9000000.00005694,-69.2674789428711
9000000.00005694,-69.1141586303711
9000000.00005695,-68.9747772216797
9000000.00005696,-68.8478088378906
9000000.00005696,-68.7317276000977
9000000.00005697,-68.625
9000000.00005697,-68.5261001586914
9000000.00005698,-68.4335021972656
9000000.00005698,-68.3456726074219
9000000.00005699,-68.2610931396484
9000000.00005699,-68.17822265625
9000000.000057,-68.0947341918945
9000000.000057,-68.0083541870117
9000000.00005701,-67.9213562011719
9000000.00005701,-67.8362884521484
9000000.00005702,-67.7557067871094
9000000.00005702,-67.6821670532227
9000000.00005702,-67.6182098388672
9000000.00005703,-67.5663986206055
9000000.00005704,-67.5292739868164
9000000.00005704,-67.509391784668
9000000.00005705,-67.5093002319336
9000000.00005705,-67.5315551757813
9000000.00005706,-67.5787124633789
9000000.00005706,-67.6522216796875
9000000.00005707,-67.7401962280273
9000000.00005707,-67.8401794433594
9000000.00005708,-67.9540405273438
9000000.00005708,-68.0836334228516
9000000.00005709,-68.230827331543
9000000.00005709,-68.3974914550781
9000000.0000571,-68.5854873657227
9000000.0000571,-68.7966766357422
9000000.00005711,-69.0329284667969
9000000.00005711,-69.2961120605469
9000000.00005712,-69.5880813598633
9000000.00005712,-69.9107131958008
9000000.00005713,-70.265869140625
9000000.00005713,-70.6845474243164
9000000.00005713,-71.1856307983398
9000000.00005714,-71.7527694702148
9000000.00005715,-72.3696136474609
9000000.00005715,-73.0198211669922
9000000.00005716,-73.6870422363281
9000000.00005716,-74.3549346923828
9000000.00005717,-75.0071563720703
9000000.00005717,-75.6273651123047
9000000.00005718,-76.1991958618164
9000000.00005718,-76.7063217163086
9000000.00005719,-77.1323928833008
9000000.00005719,-77.4610595703125
9000000.0000572,-77.6875762939453
9000000.0000572,-77.843505859375
9000000.00005721,-77.9370422363281
9000000.00005721,-77.9738845825195
9000000.00005721,-77.9597396850586
9000000.00005722,-77.9003143310547
9000000.00005723,-77.8013076782227
9000000.00005723,-77.6684341430664
9000000.00005724,-77.5073928833008
9000000.00005724,-77.3238830566406
9000000.00005725,-77.1236267089844
9000000.00005725,-76.9123077392578
9000000.00005726,-76.6956405639648
9000000.00005726,-76.4765167236328
9000000.00005727,-76.2240753173828
9000000.00005727,-75.932746887207
9000000.00005728,-75.6082153320313
9000000.00005728,-75.2561798095703
9000000.00005729,-74.8823089599609
9000000.00005729,-74.492301940918
9000000.0000573,-74.0918350219727
9000000.0000573,-73.6865997314453
9000000.00005731,-73.2822875976563
9000000.00005731,-72.8845748901367
9000000.00005732,-72.499153137207
9000000.00005732,-72.131706237793
9000000.00005733,-71.7879180908203
9000000.00005733,-71.455810546875
9000000.00005734,-71.1209411621094
9000000.00005734,-70.785285949707
9000000.00005735,-70.4508361816406
9000000.00005735,-70.1195831298828
9000000.00005736,-69.7935104370117
9000000.00005736,-69.4746017456055
9000000.00005737,-69.1648483276367
9000000.00005737,-68.8662338256836
9000000.00005738,-68.5807495117188
9000000.00005738,-68.3103790283203
9000000.00005739,-68.0571060180664
9000000.00005739,-67.8229217529297
9000000.0000574,-67.6063766479492
9000000.0000574,-67.3980407714844
9000000.0000574,-67.1985397338867
9000000.00005741,-67.0093383789063
9000000.00005742,-66.831901550293
9000000.00005742,-66.6677017211914
9000000.00005743,-66.518196105957
9000000.00005743,-66.3848571777344
9000000.00005744,-66.2691497802734
9000000.00005744,-66.1725463867188
9000000.00005745,-66.0965042114258
9000000.00005745,-66.0425033569336
9000000.00005746,-66.0119934082031
9000000.00005746,-66.0054016113281
9000000.00005747,-66.010856628418
9000000.00005747,-66.0268783569336
9000000.00005748,-66.0563201904297
9000000.00005748,-66.1020126342773
9000000.00005749,-66.1668243408203
9000000.00005749,-66.2535934448242
9000000.0000575,-66.3651580810547
9000000.0000575,-66.5043792724609
9000000.00005751,-66.6741027832031
9000000.00005751,-66.8771667480469
9000000.00005752,-67.1164245605469
9000000.00005752,-67.3947143554688
9000000.00005753,-67.7149047851563
9000000.00005753,-68.1150588989258
9000000.00005754,-68.6177520751953
9000000.00005754,-69.2025146484375
9000000.00005755,-69.8488998413086
9000000.00005755,-70.5364608764648
9000000.00005756,-71.2447357177734
9000000.00005756,-71.9532775878906
9000000.00005757,-72.6416244506836
9000000.00005757,-73.2893371582031
9000000.00005758,-73.8759460449219
9000000.00005758,-74.3810119628906
9000000.00005759,-74.7840728759766
9000000.00005759,-75.0646820068359
9000000.00005759,-75.2139739990234
9000000.0000576,-75.2633666992188
9000000.00005761,-75.225456237793
9000000.00005761,-75.1104888916016
9000000.00005762,-74.9287185668945
9000000.00005762,-74.6904067993164
9000000.00005763,-74.4058074951172
9000000.00005763,-74.0851745605469
9000000.00005764,-73.7387619018555
9000000.00005764,-73.376823425293
9000000.00005765,-73.0096206665039
9000000.00005765,-72.6473999023438
9000000.00005766,-72.3004150390625
9000000.00005766,-71.9747009277344
9000000.00005767,-71.6244888305664
9000000.00005767,-71.2398986816406
9000000.00005767,-70.8277282714844
9000000.00005768,-70.3947677612305
9000000.00005769,-69.9478073120117
9000000.00005769,-69.4936370849609
9000000.0000577,-69.0390548706055
9000000.0000577,-68.5908355712891
9000000.00005771,-68.1557846069336
9000000.00005771,-67.7406921386719
9000000.00005772,-67.3523406982422
9000000.00005772,-66.9975357055664
9000000.00005773,-66.6830520629883
9000000.00005773,-66.3966979980469
9000000.00005774,-66.1226501464844
9000000.00005774,-65.8622436523438
9000000.00005775,-65.616828918457
9000000.00005775,-65.3877563476563
9000000.00005776,-65.1763687133789
9000000.00005776,-64.9840087890625
9000000.00005777,-64.8120346069336
9000000.00005777,-64.6617736816406
9000000.00005778,-64.5345840454102
9000000.00005778,-64.4318084716797
9000000.00005778,-64.3547973632813
9000000.00005779,-64.3048858642578
9000000.0000578,-64.2810363769531
9000000.0000578,-64.2766876220703
9000000.00005781,-64.2923049926758
9000000.00005781,-64.3289566040039
9000000.00005782,-64.3877029418945
9000000.00005782,-64.469596862793
9000000.00005783,-64.5757141113281
9000000.00005783,-64.7071075439453
9000000.00005784,-64.8648452758789
9000000.00005784,-65.0499801635742
9000000.00005785,-65.2635879516602
9000000.00005785,-65.506721496582
9000000.00005786,-65.7804489135742
9000000.00005786,-66.0874710083008
9000000.00005786,-66.4475708007813
9000000.00005787,-66.8600463867188
9000000.00005788,-67.3169403076172
9000000.00005788,-67.8103103637695
9000000.00005789,-68.3321990966797
9000000.00005789,-68.8746643066406
9000000.0000579,-69.4297561645508
9000000.0000579,-69.9895172119141
9000000.00005791,-70.5460052490234
9000000.00005791,-71.0912628173828
9000000.00005792,-71.6173477172852
9000000.00005792,-72.1163024902344
9000000.00005793,-72.5801849365234
9000000.00005793,-73.0443572998047
9000000.00005794,-73.5416259765625
9000000.00005794,-74.0601348876953
9000000.00005795,-74.5880584716797
9000000.00005795,-75.1135406494141
9000000.00005796,-75.624755859375
9000000.00005796,-76.10986328125
9000000.00005797,-76.5570220947266
9000000.00005797,-76.9543914794922
9000000.00005797,-77.2901382446289
9000000.00005798,-77.5524139404297
9000000.00005799,-77.7293853759766
9000000.00005799,-77.8092193603516
9000000.000058,-77.7795257568359
9000000.000058,-77.6385116577148
9000000.00005801,-77.3992385864258
9000000.00005801,-77.0753707885742
9000000.00005802,-76.6805648803711
9000000.00005802,-76.2284774780273
9000000.00005803,-75.732780456543
9000000.00005803,-75.2071380615234
9000000.00005804,-74.6651992797852
9000000.00005804,-74.1206359863281
9000000.00005805,-73.5871124267578
9000000.00005805,-73.0782775878906
9000000.00005805,-72.6078109741211
9000000.00005806,-72.1849594116211
9000000.00005807,-71.7633514404297
9000000.00005807,-71.3300094604492
9000000.00005808,-70.8888320922852
9000000.00005808,-70.443733215332
9000000.00005809,-69.9986114501953
9000000.00005809,-69.557373046875
9000000.0000581,-69.1239013671875
9000000.0000581,-68.7021179199219
9000000.00005811,-68.2959213256836
9000000.00005811,-67.9092102050781
9000000.00005812,-67.5458831787109
9000000.00005812,-67.209846496582
9000000.00005813,-66.9049987792969
9000000.00005813,-66.6246643066406
9000000.00005814,-66.3599624633789
9000000.00005814,-66.1115112304688
9000000.00005815,-65.8799209594727
9000000.00005815,-65.6658096313477
9000000.00005816,-65.4697875976563
9000000.00005816,-65.2924728393555
9000000.00005816,-65.1344833374023
9000000.00005817,-64.9964370727539
9000000.00005818,-64.8789367675781
9000000.00005818,-64.7826080322266
9000000.00005819,-64.7080535888672
9000000.00005819,-64.6558990478516
9000000.0000582,-64.6250457763672
9000000.0000582,-64.6107711791992
9000000.00005821,-64.6137847900391
9000000.00005821,-64.6352310180664
9000000.00005822,-64.6762771606445
9000000.00005822,-64.7380599975586
9000000.00005823,-64.8217315673828
9000000.00005823,-64.9284439086914
9000000.00005824,-65.0593414306641
9000000.00005824,-65.215576171875
9000000.00005824,-65.398307800293
9000000.00005825,-65.6086654663086
9000000.00005826,-65.8478164672852
9000000.00005826,-66.1178665161133
9000000.00005827,-66.4305191040039
9000000.00005827,-66.7848968505859
9000000.00005828,-67.1758117675781
9000000.00005828,-67.5980834960938
9000000.00005829,-68.0465316772461
9000000.00005829,-68.5159530639648
9000000.0000583,-69.0011825561523
9000000.0000583,-69.4970245361328
9000000.00005831,-69.9982986450195
9000000.00005831,-70.4998245239258
9000000.00005832,-70.9964065551758
9000000.00005832,-71.4828643798828
9000000.00005833,-71.9540176391602
9000000.00005833,-72.450325012207
9000000.00005834,-73.0049133300781
9000000.00005834,-73.6016082763672
9000000.00005835,-74.2242279052734
9000000.00005835,-74.8565902709961
9000000.00005835,-75.4825057983398
9000000.00005836,-76.085807800293
9000000.00005837,-76.6503143310547
9000000.00005837,-77.1598358154297
9000000.00005838,-77.5981903076172
9000000.00005838,-77.9492034912109
9000000.00005839,-78.1966934204102
9000000.00005839,-78.3244781494141
9000000.0000584,-78.3154602050781
9000000.0000584,-78.1666946411133
9000000.00005841,-77.8961791992188
9000000.00005841,-77.5227584838867
9000000.00005842,-77.0653076171875
9000000.00005842,-76.5426864624023
9000000.00005843,-75.973747253418
9000000.00005843,-75.3773651123047
9000000.00005843,-74.7723922729492
9000000.00005844,-74.1776885986328
9000000.00005845,-73.6121292114258
9000000.00005845,-73.0945587158203
9000000.00005846,-72.6438446044922
9000000.00005846,-72.2741546630859
9000000.00005847,-71.9374847412109
9000000.00005847,-71.6161575317383
9000000.00005848,-71.3098983764648
9000000.00005848,-71.0184097290039
9000000.00005849,-70.7414169311523
9000000.00005849,-70.4786376953125
9000000.0000585,-70.2297973632813
9000000.0000585,-69.9946060180664
9000000.00005851,-69.7727813720703
9000000.00005851,-69.5640411376953
9000000.00005852,-69.3681106567383
9000000.00005852,-69.184700012207
9000000.00005853,-69.0135345458984
9000000.00005853,-68.859619140625
9000000.00005854,-68.7266616821289
9000000.00005854,-68.6124038696289
9000000.00005854,-68.5146026611328
9000000.00005855,-68.4310150146484
9000000.00005856,-68.3593902587891
9000000.00005856,-68.2974853515625
9000000.00005857,-68.243049621582
9000000.00005857,-68.1938323974609
9000000.00005858,-68.1475982666016
9000000.00005858,-68.1020812988281
9000000.00005859,-68.0550537109375
9000000.00005859,-68.0042495727539
9000000.0000586,-67.9479827880859
9000000.0000586,-67.8876953125
9000000.00005861,-67.8253479003906
9000000.00005861,-67.7628402709961
9000000.00005862,-67.7020797729492
9000000.00005862,-67.6449737548828
9000000.00005862,-67.5934066772461
9000000.00005863,-67.5492935180664
9000000.00005864,-67.5145416259766
9000000.00005864,-67.4910354614258
9000000.00005865,-67.4806900024414
9000000.00005865,-67.4854049682617
9000000.00005866,-67.5070877075195
9000000.00005866,-67.5466690063477
9000000.00005867,-67.5935745239258
9000000.00005867,-67.6459426879883
9000000.00005868,-67.7057800292969
9000000.00005868,-67.7750701904297
9000000.00005869,-67.8558197021484
9000000.00005869,-67.9500274658203
9000000.0000587,-68.0596771240234
9000000.0000587,-68.1867828369141
9000000.00005871,-68.3333282470703
9000000.00005871,-68.5013198852539
9000000.00005872,-68.6927490234375
9000000.00005872,-68.9096069335938
9000000.00005873,-69.1539077758789
9000000.00005873,-69.4470977783203
9000000.00005873,-69.8014450073242
9000000.00005874,-70.2051620483398
9000000.00005875,-70.6464691162109
9000000.00005875,-71.1135635375977
9000000.00005876,-71.5946655273438
9000000.00005876,-72.0779876708984
9000000.00005877,-72.5517272949219
9000000.00005877,-73.0041122436523
9000000.00005878,-73.4233474731445
9000000.00005878,-73.7976455688477
9000000.00005879,-74.1152114868164
9000000.00005879,-74.3642654418945
9000000.0000588,-74.5434494018555
9000000.0000588,-74.681266784668
9000000.00005881,-74.7819595336914
9000000.00005881,-74.8474349975586
9000000.00005881,-74.8795852661133
9000000.00005882,-74.8803253173828
9000000.00005883,-74.8515472412109
9000000.00005883,-74.7951507568359
9000000.00005884,-74.7130355834961
9000000.00005884,-74.6071090698242
9000000.00005885,-74.4792633056641
9000000.00005885,-74.3313980102539
9000000.00005886,-74.1654205322266
9000000.00005886,-73.981086730957
9000000.00005887,-73.7538909912109
9000000.00005887,-73.4818115234375
9000000.00005888,-73.171745300293
9000000.00005888,-72.8306045532227
9000000.00005889,-72.4653015136719
9000000.00005889,-72.0827484130859
9000000.0000589,-71.6898498535156
9000000.0000589,-71.2935256958008
9000000.00005891,-70.9006805419922
9000000.00005891,-70.5182189941406
9000000.00005892,-70.1530532836914
9000000.00005892,-69.8121032714844
9000000.00005893,-69.5022659301758
9000000.00005893,-69.2110900878906
9000000.00005894,-68.9224472045898
9000000.00005894,-68.6377105712891
9000000.00005895,-68.358283996582
9000000.00005895,-68.0855560302734
9000000.00005896,-67.8209228515625
9000000.00005896,-67.5657653808594
9000000.00005897,-67.3214797973633
9000000.00005897,-67.0894622802734
9000000.00005898,-66.8711013793945
9000000.00005898,-66.6677856445313
9000000.00005899,-66.4809188842773
9000000.00005899,-66.3118743896484
9000000.000059,-66.1597442626953
9000000.000059,-66.0182037353516
9000000.000059,-65.8876113891602
9000000.00005901,-65.7688827514648
9000000.00005902,-65.6629409790039
9000000.00005902,-65.5707092285156
9000000.00005903,-65.4930953979492
9000000.00005903,-65.431037902832
9000000.00005904,-65.3854446411133
9000000.00005904,-65.3572387695313
9000000.00005905,-65.3473510742188
9000000.00005905,-65.356689453125
9000000.00005906,-65.3861770629883
9000000.00005906,-65.4370193481445
9000000.00005907,-65.512825012207
9000000.00005907,-65.6128158569336
9000000.00005908,-65.7348709106445
9000000.00005908,-65.8768692016602
9000000.00005909,-66.0366973876953
9000000.00005909,-66.2122344970703
9000000.0000591,-66.4013748168945
9000000.0000591,-66.6019897460938
9000000.00005911,-66.8119659423828
9000000.00005911,-67.029182434082
9000000.00005912,-67.2515335083008
9000000.00005912,-67.4768905639648
9000000.00005913,-67.7031402587891
9000000.00005913,-67.9493026733398
9000000.00005914,-68.230583190918
9000000.00005914,-68.5391616821289
9000000.00005915,-68.8672256469727
9000000.00005915,-69.2069473266602
9000000.00005916,-69.5505065917969
9000000.00005916,-69.8900909423828
9000000.00005917,-70.2178802490234
9000000.00005917,-70.5260467529297
9000000.00005918,-70.806770324707
9000000.00005918,-71.05224609375
9000000.00005919,-71.254638671875
9000000.00005919,-71.406135559082
9000000.00005919,-71.5045318603516
9000000.0000592,-71.5651473999023
9000000.00005921,-71.5918350219727
9000000.00005921,-71.5872421264648
9000000.00005922,-71.5540161132813
9000000.00005922,-71.4948120117188
9000000.00005923,-71.4122772216797
9000000.00005923,-71.3090591430664
9000000.00005924,-71.1878051757813
9000000.00005924,-71.0511703491211
9000000.00005925,-70.9017944335938
9000000.00005925,-70.7423400878906
9000000.00005926,-70.5754470825195
9000000.00005926,-70.4018249511719
9000000.00005927,-70.1996917724609
9000000.00005927,-69.9663696289063
9000000.00005928,-69.7071228027344
9000000.00005928,-69.4272232055664
9000000.00005929,-69.1319427490234
9000000.00005929,-68.8265533447266
9000000.0000593,-68.5163192749023
9000000.0000593,-68.2065200805664
9000000.00005931,-67.9024200439453
9000000.00005931,-67.6092834472656
9000000.00005932,-67.332389831543
9000000.00005932,-67.0770111083984
9000000.00005933,-66.8484115600586
9000000.00005933,-66.634521484375
9000000.00005934,-66.4212951660156
9000000.00005934,-66.211051940918
9000000.00005935,-66.0060882568359
9000000.00005935,-65.8087310791016
9000000.00005936,-65.6212844848633
9000000.00005936,-65.4460678100586
9000000.00005937,-65.2853775024414
9000000.00005937,-65.1415328979492
9000000.00005938,-65.0168533325195
9000000.00005938,-64.9136352539063
9000000.00005938,-64.8342056274414
9000000.00005939,-64.7808609008789
9000000.0000594,-64.7523574829102
9000000.0000594,-64.7389526367188
9000000.00005941,-64.7410049438477
9000000.00005941,-64.7597503662109
9000000.00005942,-64.7964324951172
9000000.00005942,-64.852294921875
9000000.00005943,-64.9285736083984
9000000.00005943,-65.0265045166016
9000000.00005944,-65.147331237793
9000000.00005944,-65.2922821044922
9000000.00005945,-65.4626083374023
9000000.00005945,-65.6595458984375
9000000.00005946,-65.8843307495117
9000000.00005946,-66.1386260986328
9000000.00005946,-66.4279327392578
9000000.00005947,-66.7511825561523
9000000.00005948,-67.1053237915039
9000000.00005948,-67.4872817993164
9000000.00005949,-67.8939819335938
9000000.00005949,-68.3223724365234
9000000.0000595,-68.7693634033203
9000000.0000595,-69.2319030761719
9000000.00005951,-69.706916809082
9000000.00005951,-70.1913299560547
9000000.00005952,-70.6820831298828
9000000.00005952,-71.1761093139648
9000000.00005953,-71.6703262329102
9000000.00005953,-72.1948318481445
9000000.00005954,-72.7733688354492
9000000.00005954,-73.3933792114258
9000000.00005955,-74.0423049926758
9000000.00005955,-74.7075729370117
9000000.00005956,-75.3766403198242
9000000.00005956,-76.0369338989258
9000000.00005957,-76.6759033203125
9000000.00005957,-77.2809753417969
9000000.00005957,-77.8395919799805
9000000.00005958,-78.3392028808594
9000000.00005959,-78.7672348022461
9000000.00005959,-79.1111373901367
9000000.0000596,-79.3677368164063
9000000.0000596,-79.562614440918
9000000.00005961,-79.7016983032227
9000000.00005961,-79.7888488769531
9000000.00005962,-79.8279266357422
9000000.00005962,-79.8228149414063
9000000.00005963,-79.7773666381836
9000000.00005963,-79.6954650878906
9000000.00005964,-79.5809707641602
9000000.00005964,-79.4377517700195
9000000.00005965,-79.2696762084961
9000000.00005965,-79.0806198120117
9000000.00005965,-78.8744430541992
9000000.00005966,-78.6523208618164
9000000.00005967,-78.3839492797852
9000000.00005967,-78.0654449462891
9000000.00005968,-77.7039566040039
9000000.00005968,-77.3066558837891
9000000.00005969,-76.8806915283203
9000000.00005969,-76.433235168457
9000000.0000597,-75.971435546875
9000000.0000597,-75.5024566650391
9000000.00005971,-75.0334548950195
9000000.00005971,-74.5715866088867
9000000.00005972,-74.1240234375
9000000.00005972,-73.6979141235352
9000000.00005973,-73.300422668457
9000000.00005973,-72.9161682128906
9000000.00005974,-72.5267639160156
9000000.00005974,-72.1348571777344
9000000.00005975,-71.7430801391602
9000000.00005975,-71.3540954589844
9000000.00005976,-70.9705276489258
9000000.00005976,-70.5950317382813
9000000.00005976,-70.2302474975586
9000000.00005977,-69.8788223266602
9000000.00005978,-69.5433883666992
9000000.00005978,-69.2266006469727
9000000.00005979,-68.9310989379883
9000000.00005979,-68.6595306396484
9000000.0000598,-68.4108428955078
9000000.0000598,-68.1749496459961
9000000.00005981,-67.9519653320313
9000000.00005981,-67.7429046630859
9000000.00005982,-67.5487594604492
9000000.00005982,-67.3705444335938
9000000.00005983,-67.2092666625977
9000000.00005983,-67.0659255981445
9000000.00005984,-66.941535949707
9000000.00005984,-66.8371047973633
9000000.00005984,-66.7536315917969
9000000.00005985,-66.6921234130859
9000000.00005986,-66.6535873413086
9000000.00005986,-66.6395111083984
9000000.00005987,-66.6558990478516
9000000.00005987,-66.7019195556641
9000000.00005988,-66.7745361328125
9000000.00005988,-66.8707046508789
9000000.00005989,-66.9873886108398
9000000.00005989,-67.1215438842773
9000000.0000599,-67.2701416015625
9000000.0000599,-67.4301452636719
9000000.00005991,-67.598503112793
9000000.00005991,-67.7721862792969
9000000.00005992,-67.9481430053711
9000000.00005992,-68.1233520507813
9000000.00005993,-68.2947692871094
9000000.00005993,-68.4778671264648
9000000.00005994,-68.6865005493164
9000000.00005994,-68.9152069091797
9000000.00005995,-69.1584854125977
9000000.00005995,-69.4108810424805
9000000.00005995,-69.6669006347656
9000000.00005996,-69.9210739135742
9000000.00005997,-70.1679229736328
9000000.00005997,-70.4019622802734
9000000.00005998,-70.6177215576172
9000000.00005998,-70.8097229003906
9000000.00005999,-70.9724884033203
9000000.00005999,-71.1005401611328
9000000.00006,-71.1916275024414
9000000.00006,-71.2545394897461
9000000.00006001,-71.2925338745117
9000000.00006001,-71.3082275390625
9000000.00006002,-71.3042144775391
9000000.00006002,-71.2831039428711
9000000.00006003,-71.2475128173828
9000000.00006003,-71.2000427246094
9000000.00006003,-71.1432952880859
9000000.00006004,-71.0798873901367
9000000.00006005,-71.0124206542969
9000000.00006005,-70.9435043334961
9000000.00006006,-70.8757476806641
9000000.00006006,-70.8107299804688
9000000.00006007,-70.7374877929688
9000000.00006007,-70.6535034179688
9000000.00006008,-70.5602874755859
9000000.00006008,-70.4593276977539
9000000.00006009,-70.3521118164063
9000000.00006009,-70.2401428222656
9000000.0000601,-70.1249084472656
9000000.0000601,-70.0079040527344
9000000.00006011,-69.890625
9000000.00006011,-69.7745590209961
9000000.00006012,-69.6612091064453
9000000.00006012,-69.5520629882813
9000000.00006013,-69.448616027832
9000000.00006013,-69.3468399047852
9000000.00006014,-69.2423477172852
9000000.00006014,-69.1360778808594
9000000.00006014,-69.0289916992188
9000000.00006015,-68.9220428466797
9000000.00006016,-68.8161697387695
9000000.00006016,-68.7123336791992
9000000.00006017,-68.6114807128906
9000000.00006017,-68.5145568847656
9000000.00006018,-68.4225158691406
9000000.00006018,-68.3363189697266
9000000.00006019,-68.2569046020508
9000000.00006019,-68.1852188110352
9000000.0000602,-68.1189346313477
9000000.0000602,-68.0489959716797
9000000.00006021,-67.9770050048828
9000000.00006021,-67.9054183959961
9000000.00006022,-67.8367004394531
9000000.00006022,-67.773307800293
9000000.00006022,-67.7177047729492
9000000.00006023,-67.6723403930664
9000000.00006024,-67.6396713256836
9000000.00006024,-67.6221618652344
9000000.00006025,-67.6222763061523
9000000.00006025,-67.642463684082
9000000.00006026,-67.6851806640625
9000000.00006026,-67.7523803710938
9000000.00006027,-67.8389892578125
9000000.00006027,-67.9427108764648
9000000.00006028,-68.063102722168
9000000.00006028,-68.1996994018555
9000000.00006029,-68.35205078125
9000000.00006029,-68.5197067260742
9000000.0000603,-68.7022094726563
9000000.0000603,-68.8991012573242
9000000.00006031,-69.1099395751953
9000000.00006031,-69.3342590332031
9000000.00006032,-69.5716171264648
9000000.00006032,-69.8215484619141
9000000.00006033,-70.0836029052734
9000000.00006033,-70.375862121582
9000000.00006034,-70.7110595703125
9000000.00006034,-71.080696105957
9000000.00006035,-71.4762878417969
9000000.00006035,-71.8893432617188
9000000.00006036,-72.3113632202148
9000000.00006036,-72.7338638305664
9000000.00006037,-73.1483612060547
9000000.00006037,-73.5463485717773
9000000.00006038,-73.9193496704102
9000000.00006038,-74.2588729858398
9000000.00006039,-74.5564193725586
9000000.00006039,-74.8035049438477
9000000.0000604,-74.9994354248047
9000000.0000604,-75.1654968261719
9000000.00006041,-75.3045272827148
9000000.00006041,-75.4176025390625
9000000.00006041,-75.5057983398438
9000000.00006042,-75.5701904296875
9000000.00006043,-75.6118392944336
9000000.00006043,-75.6318283081055
9000000.00006044,-75.631217956543
9000000.00006044,-75.6110992431641
9000000.00006045,-75.5725250244141
9000000.00006045,-75.5165786743164
9000000.00006046,-75.4443283081055
9000000.00006046,-75.3555221557617
9000000.00006047,-75.2348556518555
9000000.00006047,-75.081169128418
9000000.00006048,-74.8988800048828
9000000.00006048,-74.6924057006836
9000000.00006049,-74.4661560058594
9000000.00006049,-74.2245559692383
9000000.0000605,-73.9720077514648
9000000.0000605,-73.7129440307617
9000000.00006051,-73.451774597168
9000000.00006051,-73.1929092407227
9000000.00006052,-72.9407730102539
9000000.00006052,-72.6997833251953
9000000.00006053,-72.4743499755859
9000000.00006053,-72.2522354125977
9000000.00006054,-72.0202407836914
9000000.00006054,-71.7813339233398
9000000.00006055,-71.5384826660156
9000000.00006055,-71.2946624755859
9000000.00006056,-71.0528335571289
9000000.00006056,-70.8159713745117
9000000.00006057,-70.5870513916016
9000000.00006057,-70.3690338134766
9000000.00006058,-70.1649017333984
9000000.00006058,-69.9776077270508
9000000.00006059,-69.8101348876953
9000000.00006059,-69.6654510498047
9000000.0000606,-69.5431518554688
9000000.0000606,-69.4340591430664
9000000.0000606,-69.3376693725586
9000000.00006061,-69.2542953491211
9000000.00006062,-69.1842269897461
9000000.00006062,-69.1277694702148
9000000.00006063,-69.0852355957031
9000000.00006063,-69.0569229125977
9000000.00006064,-69.0431213378906
9000000.00006064,-69.0441513061523
9000000.00006065,-69.060302734375
9000000.00006065,-69.0918884277344
9000000.00006066,-69.1391983032227
9000000.00006066,-69.2041015625
9000000.00006067,-69.3050537109375
9000000.00006067,-69.442008972168
9000000.00006068,-69.6081924438477
9000000.00006068,-69.7968139648438
9000000.00006069,-70.0010757446289
9000000.00006069,-70.2141952514648
9000000.0000607,-70.4293823242188
9000000.0000607,-70.6398468017578
9000000.00006071,-70.8387985229492
9000000.00006071,-71.0194473266602
9000000.00006072,-71.1750106811523
9000000.00006072,-71.2986907958984
9000000.00006073,-71.3837051391602
9000000.00006073,-71.4374008178711
9000000.00006074,-71.4723358154297
9000000.00006074,-71.4895172119141
9000000.00006075,-71.4899597167969
9000000.00006075,-71.4746627807617
9000000.00006076,-71.4446487426758
9000000.00006076,-71.4009246826172
9000000.00006077,-71.3444976806641
9000000.00006077,-71.2763748168945
9000000.00006078,-71.1975708007813
9000000.00006078,-71.1090927124023
9000000.00006079,-71.011962890625
9000000.00006079,-70.9071731567383
9000000.00006079,-70.7927932739258
9000000.0000608,-70.6607055664063
9000000.00006081,-70.5121841430664
9000000.00006081,-70.3492584228516
9000000.00006082,-70.173957824707
9000000.00006082,-69.9883117675781
9000000.00006083,-69.7943572998047
9000000.00006083,-69.594123840332
9000000.00006084,-69.3896331787109
9000000.00006084,-69.1829299926758
9000000.00006085,-68.9760284423828
9000000.00006085,-68.7709732055664
9000000.00006086,-68.5697860717773
9000000.00006086,-68.3734359741211
9000000.00006087,-68.1702499389648
9000000.00006087,-67.9582290649414
9000000.00006088,-67.7396392822266
9000000.00006088,-67.5167617797852
9000000.00006089,-67.2918701171875
9000000.00006089,-67.0672149658203
9000000.0000609,-66.845085144043
9000000.0000609,-66.6277465820313
9000000.00006091,-66.4174652099609
9000000.00006091,-66.2165145874023
9000000.00006092,-66.0271682739258
9000000.00006092,-65.851692199707
9000000.00006093,-65.6923599243164
9000000.00006093,-65.5440673828125
9000000.00006094,-65.4008407592773
9000000.00006094,-65.2636260986328
9000000.00006095,-65.1333618164063
9000000.00006095,-65.0110015869141
9000000.00006096,-64.8974914550781
9000000.00006096,-64.7937698364258
9000000.00006097,-64.7007904052734
9000000.00006097,-64.619499206543
9000000.00006098,-64.5508346557617
9000000.00006098,-64.4957504272461
9000000.00006098,-64.4551849365234
9000000.00006099,-64.4300918579102
9000000.000061,-64.4202728271484
9000000.000061,-64.4226303100586
9000000.00006101,-64.4370574951172
9000000.00006101,-64.4637222290039
9000000.00006102,-64.5027847290039
9000000.00006102,-64.5544052124023
9000000.00006103,-64.6187515258789
9000000.00006103,-64.6959915161133
9000000.00006104,-64.7862930297852
9000000.00006104,-64.8898086547852
9000000.00006105,-65.0067138671875
9000000.00006105,-65.1371688842773
9000000.00006106,-65.2813415527344
9000000.00006106,-65.4385223388672
9000000.00006107,-65.5985641479492
9000000.00006107,-65.7611846923828
9000000.00006108,-65.9298248291016
9000000.00006108,-66.1079025268555
9000000.00006109,-66.2988586425781
9000000.00006109,-66.5061187744141
9000000.0000611,-66.7331237792969
9000000.0000611,-66.9832992553711
9000000.00006111,-67.2600860595703
9000000.00006111,-67.5669097900391
9000000.00006112,-67.9071960449219
9000000.00006112,-68.2843933105469
9000000.00006113,-68.7019195556641
9000000.00006113,-69.2027359008789
9000000.00006114,-69.8120346069336
9000000.00006114,-70.506591796875
9000000.00006115,-71.2631912231445
9000000.00006115,-72.0586242675781
9000000.00006116,-72.8696746826172
9000000.00006116,-73.6731185913086
9000000.00006117,-74.4457473754883
9000000.00006117,-75.1643447875977
9000000.00006117,-75.8056945800781
9000000.00006118,-76.3465805053711
9000000.00006119,-76.763786315918
9000000.00006119,-77.0340957641602
9000000.0000612,-77.1435623168945
9000000.0000612,-77.1171112060547
9000000.00006121,-76.9721298217773
9000000.00006121,-76.7244186401367
9000000.00006122,-76.3897476196289
9000000.00006122,-75.9839248657227
9000000.00006123,-75.5227279663086
9000000.00006123,-75.0219497680664
9000000.00006124,-74.4973831176758
9000000.00006124,-73.9648132324219
9000000.00006125,-73.4400253295898
9000000.00006125,-72.9388198852539
9000000.00006125,-72.4769744873047
9000000.00006126,-72.065055847168
9000000.00006127,-71.6476669311523
9000000.00006127,-71.2098083496094
9000000.00006128,-70.7566070556641
9000000.00006128,-70.293212890625
9000000.00006129,-69.8247451782227
9000000.00006129,-69.3563537597656
9000000.0000613,-68.8931732177734
9000000.0000613,-68.4403305053711
9000000.00006131,-68.0029754638672
9000000.00006131,-67.5862350463867
9000000.00006132,-67.1952438354492
9000000.00006132,-66.8351440429688
9000000.00006133,-66.5110778808594
9000000.00006133,-66.2144393920898
9000000.00006134,-65.9336929321289
9000000.00006134,-65.6695404052734
9000000.00006135,-65.4226989746094
9000000.00006135,-65.1938781738281
9000000.00006136,-64.9837875366211
9000000.00006136,-64.7931365966797
9000000.00006136,-64.6226272583008
9000000.00006137,-64.4729843139648
9000000.00006138,-64.3449020385742
9000000.00006138,-64.2390975952148
9000000.00006139,-64.1562805175781
9000000.00006139,-64.0971603393555
9000000.0000614,-64.0628051757813
9000000.0000614,-64.0541839599609
9000000.00006141,-64.0702743530273
9000000.00006141,-64.1099166870117
9000000.00006142,-64.1719436645508
9000000.00006142,-64.2552032470703
9000000.00006143,-64.3585357666016
9000000.00006143,-64.4807815551758
9000000.00006144,-64.6207885742188
9000000.00006144,-64.7773818969727
9000000.00006144,-64.9494094848633
9000000.00006145,-65.1357192993164
9000000.00006146,-65.3351516723633
9000000.00006146,-65.5484237670898
9000000.00006147,-65.7972793579102
9000000.00006147,-66.0830612182617
9000000.00006148,-66.3991546630859
9000000.00006148,-66.7389297485352
9000000.00006149,-67.0957794189453
9000000.00006149,-67.4630889892578
9000000.0000615,-67.834228515625
9000000.0000615,-68.2026062011719
9000000.00006151,-68.5615844726563
9000000.00006151,-68.9045562744141
9000000.00006152,-69.2248992919922
9000000.00006152,-69.5160064697266
9000000.00006153,-69.7712554931641
9000000.00006153,-70.0018768310547
9000000.00006154,-70.2228622436523
9000000.00006154,-70.4332046508789
9000000.00006155,-70.6319198608398
9000000.00006155,-70.8180084228516
9000000.00006155,-70.990478515625
9000000.00006156,-71.1483306884766
9000000.00006157,-71.2905807495117
9000000.00006157,-71.4162216186523
9000000.00006158,-71.5242691040039
9000000.00006158,-71.6137237548828
9000000.00006159,-71.6835861206055
9000000.00006159,-71.7328720092773
9000000.0000616,-71.7585144042969
9000000.0000616,-71.7547607421875
9000000.00006161,-71.7243270874023
9000000.00006161,-71.670524597168
9000000.00006162,-71.5966567993164
9000000.00006162,-71.5060424804688
9000000.00006163,-71.401985168457
9000000.00006163,-71.2877960205078
9000000.00006163,-71.1667861938477
9000000.00006164,-71.0422592163086
9000000.00006165,-70.9175262451172
9000000.00006165,-70.7958984375
9000000.00006166,-70.6806869506836
9000000.00006166,-70.5741500854492
9000000.00006167,-70.4651641845703
9000000.00006167,-70.3506011962891
9000000.00006168,-70.2313537597656
9000000.00006168,-70.1083297729492
9000000.00006169,-69.982421875
9000000.00006169,-69.8545379638672
9000000.0000617,-69.7255859375
9000000.0000617,-69.5964508056641
9000000.00006171,-69.4680480957031
9000000.00006171,-69.3412704467773
9000000.00006172,-69.2170257568359
9000000.00006172,-69.0962066650391
9000000.00006173,-68.9797286987305
9000000.00006173,-68.8648376464844
9000000.00006174,-68.7486801147461
9000000.00006174,-68.6319885253906
9000000.00006174,-68.5154724121094
9000000.00006175,-68.3998641967773
9000000.00006176,-68.285888671875
9000000.00006176,-68.1742630004883
9000000.00006177,-68.0657196044922
9000000.00006177,-67.9609756469727
9000000.00006178,-67.8607482910156
9000000.00006178,-67.7657775878906
9000000.00006179,-67.6767807006836
9000000.00006179,-67.5944747924805
9000000.0000618,-67.5167999267578
9000000.0000618,-67.4360961914063
9000000.00006181,-67.3538055419922
9000000.00006181,-67.272102355957
9000000.00006182,-67.1931610107422
9000000.00006182,-67.119140625
9000000.00006182,-67.0522155761719
9000000.00006183,-66.9945602416992
9000000.00006184,-66.9483413696289
9000000.00006184,-66.9157257080078
9000000.00006185,-66.8988952636719
9000000.00006185,-66.9000015258789
9000000.00006186,-66.9212265014648
9000000.00006186,-66.9636077880859
9000000.00006187,-67.0146484375
9000000.00006187,-67.0722274780273
9000000.00006188,-67.1387710571289
9000000.00006188,-67.2166976928711
9000000.00006189,-67.3084487915039
9000000.00006189,-67.4164505004883
9000000.0000619,-67.5431213378906
9000000.0000619,-67.6908950805664
9000000.00006191,-67.8621978759766
9000000.00006191,-68.0594635009766
9000000.00006192,-68.2851104736328
9000000.00006192,-68.5415725708008
9000000.00006193,-68.8312683105469
9000000.00006193,-69.1795883178711
9000000.00006194,-69.6009750366211
9000000.00006194,-70.0814208984375
9000000.00006195,-70.6069564819336
9000000.00006195,-71.1635818481445
9000000.00006196,-71.7373199462891
9000000.00006196,-72.3141784667969
9000000.00006197,-72.8801651000977
9000000.00006197,-73.4212951660156
9000000.00006198,-73.9235916137695
9000000.00006198,-74.373046875
9000000.00006199,-74.7556915283203
9000000.00006199,-75.0575256347656
9000000.000062,-75.2782287597656
9000000.000062,-75.4551010131836
9000000.00006201,-75.5921936035156
9000000.00006201,-75.6903915405273
9000000.00006201,-75.7506103515625
9000000.00006202,-75.7737274169922
9000000.00006203,-75.7606658935547
9000000.00006203,-75.7123107910156
9000000.00006204,-75.6295623779297
9000000.00006204,-75.5133285522461
9000000.00006205,-75.3644943237305
9000000.00006205,-75.1839752197266
9000000.00006206,-74.9726638793945
9000000.00006206,-74.7286529541016
9000000.00006207,-74.419303894043
9000000.00006207,-74.0433731079102
9000000.00006208,-73.6115646362305
9000000.00006208,-73.1345825195313
9000000.00006209,-72.6231155395508
9000000.00006209,-72.0878677368164
9000000.0000621,-71.5395355224609
9000000.0000621,-70.9888305664063
9000000.00006211,-70.4464340209961
9000000.00006211,-69.9230651855469
9000000.00006212,-69.4294052124023
9000000.00006212,-68.9761657714844
9000000.00006213,-68.5740432739258
9000000.00006213,-68.2054138183594
9000000.00006214,-67.8464202880859
9000000.00006214,-67.498405456543
9000000.00006215,-67.1627197265625
9000000.00006215,-66.840690612793
9000000.00006216,-66.5336761474609
9000000.00006216,-66.2430114746094
9000000.00006217,-65.9700393676758
9000000.00006217,-65.7161026000977
9000000.00006218,-65.482551574707
9000000.00006218,-65.2707290649414
9000000.00006219,-65.0819702148438
9000000.00006219,-64.9176177978516
9000000.0000622,-64.777473449707
9000000.0000622,-64.6573028564453
9000000.0000622,-64.5569000244141
9000000.00006221,-64.4764404296875
9000000.00006222,-64.4160842895508
9000000.00006222,-64.3759918212891
9000000.00006223,-64.356330871582
9000000.00006223,-64.3572769165039
9000000.00006224,-64.3789825439453
9000000.00006224,-64.4216232299805
9000000.00006225,-64.4853591918945
9000000.00006225,-64.5703582763672
9000000.00006226,-64.6767883300781
9000000.00006226,-64.8036499023438
9000000.00006227,-64.9373779296875
9000000.00006227,-65.0776519775391
9000000.00006228,-65.2291030883789
9000000.00006228,-65.396369934082
9000000.00006229,-65.5840835571289
9000000.00006229,-65.7968978881836
9000000.0000623,-66.0394287109375
9000000.0000623,-66.3163299560547
9000000.00006231,-66.6322250366211
9000000.00006231,-66.9917602539063
9000000.00006232,-67.3995666503906
9000000.00006232,-67.8602828979492
9000000.00006233,-68.378547668457
9000000.00006233,-69.0069198608398
9000000.00006234,-69.7757186889648
9000000.00006234,-70.6562576293945
9000000.00006235,-71.6198272705078
9000000.00006235,-72.6377258300781
9000000.00006236,-73.6812591552734
9000000.00006236,-74.7217178344727
9000000.00006237,-75.7304077148438
9000000.00006237,-76.6786270141602
9000000.00006238,-77.5376739501953
9000000.00006238,-78.2788467407227
9000000.00006239,-78.8734436035156
9000000.00006239,-79.2927703857422
9000000.00006239,-79.5225830078125
9000000.0000624,-79.6020202636719
9000000.00006241,-79.550178527832
9000000.00006241,-79.3833618164063
9000000.00006242,-79.1178741455078
9000000.00006242,-78.7700347900391
9000000.00006243,-78.3561401367188
9000000.00006243,-77.8925018310547
9000000.00006244,-77.3954238891602
9000000.00006244,-76.881217956543
9000000.00006245,-76.3661880493164
9000000.00006245,-75.8666458129883
9000000.00006246,-75.3988876342773
9000000.00006246,-74.9734039306641
9000000.00006247,-74.5278396606445
9000000.00006247,-74.0466537475586
9000000.00006248,-73.5369415283203
9000000.00006248,-73.0058212280273
9000000.00006249,-72.4604110717773
9000000.00006249,-71.9078140258789
9000000.0000625,-71.3551406860352
9000000.0000625,-70.8095092773438
9000000.00006251,-70.2780303955078
9000000.00006251,-69.7678146362305
9000000.00006252,-69.2859802246094
9000000.00006252,-68.8396301269531
9000000.00006253,-68.4358749389648
9000000.00006253,-68.0638198852539
9000000.00006254,-67.7081527709961
9000000.00006254,-67.3693618774414
9000000.00006255,-67.047966003418
9000000.00006255,-66.7444381713867
9000000.00006256,-66.4592971801758
9000000.00006256,-66.1930389404297
9000000.00006257,-65.9461517333984
9000000.00006257,-65.7191390991211
9000000.00006258,-65.5125045776367
9000000.00006258,-65.3267364501953
9000000.00006258,-65.1623458862305
9000000.00006259,-65.0198211669922
9000000.0000626,-64.9004821777344
9000000.0000626,-64.8065872192383
9000000.00006261,-64.7369537353516
9000000.00006261,-64.6901550292969
9000000.00006262,-64.6647872924805
9000000.00006262,-64.6594161987305
9000000.00006263,-64.6726303100586
9000000.00006263,-64.703010559082
9000000.00006264,-64.749137878418
9000000.00006264,-64.8095855712891
9000000.00006265,-64.882942199707
9000000.00006265,-64.9677886962891
9000000.00006266,-65.0626983642578
9000000.00006266,-65.1675567626953
9000000.00006267,-65.2971115112305
9000000.00006267,-65.4528350830078
9000000.00006268,-65.6308135986328
9000000.00006268,-65.8271560668945
9000000.00006269,-66.0379333496094
9000000.00006269,-66.2592544555664
9000000.0000627,-66.4871978759766
9000000.0000627,-66.7178649902344
9000000.00006271,-66.9473342895508
9000000.00006271,-67.1717147827148
9000000.00006272,-67.387077331543
9000000.00006272,-67.5895385742188
9000000.00006273,-67.7751693725586
9000000.00006273,-67.9537124633789
9000000.00006274,-68.1361236572266
9000000.00006274,-68.3203048706055
9000000.00006275,-68.504150390625
9000000.00006275,-68.6855621337891
9000000.00006276,-68.8624572753906
9000000.00006276,-69.0327224731445
9000000.00006277,-69.1942672729492
9000000.00006277,-69.3450012207031
9000000.00006277,-69.4828109741211
9000000.00006278,-69.6056060791016
9000000.00006279,-69.711296081543
9000000.00006279,-69.7977676391602
9000000.0000628,-69.8623046875
9000000.0000628,-69.9030838012695
9000000.00006281,-69.9228515625
9000000.00006281,-69.9246063232422
9000000.00006282,-69.9113464355469
9000000.00006282,-69.8860702514648
9000000.00006283,-69.8517761230469
9000000.00006283,-69.8114624023438
9000000.00006284,-69.7681198120117
9000000.00006284,-69.7247543334961
9000000.00006285,-69.6843643188477
9000000.00006285,-69.6499404907227
9000000.00006286,-69.6244812011719
9000000.00006286,-69.6097793579102
9000000.00006287,-69.5927124023438
9000000.00006287,-69.5703964233398
9000000.00006288,-69.5447235107422
9000000.00006288,-69.5175933837891
9000000.00006289,-69.4908905029297
9000000.00006289,-69.4665069580078
9000000.0000629,-69.4463500976563
9000000.0000629,-69.4322891235352
9000000.00006291,-69.4262390136719
9000000.00006291,-69.4300842285156
9000000.00006292,-69.4457092285156
9000000.00006292,-69.4750213623047
9000000.00006293,-69.519905090332
9000000.00006293,-69.5848770141602
9000000.00006294,-69.6708679199219
9000000.00006294,-69.7743988037109
9000000.00006295,-69.8920059204102
9000000.00006295,-70.0202102661133
9000000.00006296,-70.1555404663086
9000000.00006296,-70.2945175170898
9000000.00006296,-70.4336700439453
9000000.00006297,-70.5695190429688
9000000.00006298,-70.698600769043
9000000.00006298,-70.8174362182617
9000000.00006299,-70.9225463867188
9000000.00006299,-71.0104598999023
9000000.000063,-71.0778656005859
9000000.000063,-71.125114440918
9000000.00006301,-71.1557846069336
9000000.00006301,-71.1735458374023
9000000.00006302,-71.1820602416992
9000000.00006302,-71.1850051879883
9000000.00006303,-71.1860504150391
9000000.00006303,-71.1888656616211
9000000.00006304,-71.1971130371094
9000000.00006304,-71.2144622802734
9000000.00006305,-71.2445983886719
9000000.00006305,-71.2911682128906
9000000.00006306,-71.3578567504883
9000000.00006306,-71.4457244873047
9000000.00006307,-71.5254821777344
9000000.00006307,-71.5934295654297
9000000.00006308,-71.6565551757813
9000000.00006308,-71.7218399047852
9000000.00006309,-71.796272277832
9000000.00006309,-71.886833190918
9000000.0000631,-72.0005111694336
9000000.0000631,-72.144287109375
9000000.00006311,-72.3251495361328
9000000.00006311,-72.5500793457031
9000000.00006312,-72.826057434082
9000000.00006312,-73.1600799560547
9000000.00006313,-73.5591201782227
9000000.00006313,-74.0682373046875
9000000.00006314,-74.7100830078125
9000000.00006314,-75.4580078125
9000000.00006315,-76.2853775024414
9000000.00006315,-77.1655502319336
9000000.00006315,-78.0718841552734
9000000.00006316,-78.9777450561523
9000000.00006317,-79.8564910888672
9000000.00006317,-80.6814880371094
9000000.00006318,-81.4260864257813
9000000.00006318,-82.0636444091797
9000000.00006319,-82.5675354003906
9000000.00006319,-82.9111175537109
9000000.0000632,-83.0823364257813
9000000.0000632,-83.1207656860352
9000000.00006321,-83.0431747436523
9000000.00006321,-82.8634719848633
9000000.00006322,-82.5955276489258
9000000.00006322,-82.2532348632813
9000000.00006323,-81.8504867553711
9000000.00006323,-81.4011611938477
9000000.00006323,-80.9191513061523
9000000.00006324,-80.4183349609375
9000000.00006325,-79.9126129150391
9000000.00006325,-79.4158630371094
9000000.00006326,-78.9419784545898
9000000.00006326,-78.4995651245117
9000000.00006327,-78.0320281982422
9000000.00006327,-77.5260467529297
9000000.00006328,-76.9889450073242
9000000.00006328,-76.4280090332031
9000000.00006329,-75.8505554199219
9000000.00006329,-75.2638778686523
9000000.0000633,-74.6752777099609
9000000.0000633,-74.0920562744141
9000000.00006331,-73.5215301513672
9000000.00006331,-72.9709854125977
9000000.00006332,-72.4477386474609
9000000.00006332,-71.9590759277344
9000000.00006333,-71.512321472168
9000000.00006333,-71.0956573486328
9000000.00006334,-70.6929626464844
9000000.00006334,-70.3050384521484
9000000.00006335,-69.9327011108398
9000000.00006335,-69.5767440795898
9000000.00006336,-69.2379760742188
9000000.00006336,-68.9172058105469
9000000.00006337,-68.615234375
9000000.00006337,-68.3328704833984
9000000.00006338,-68.0709228515625
9000000.00006338,-67.8301849365234
9000000.00006339,-67.6114807128906
9000000.00006339,-67.4155960083008
9000000.0000634,-67.2423248291016
9000000.0000634,-67.0888519287109
9000000.00006341,-66.9551391601563
9000000.00006341,-66.8413772583008
9000000.00006342,-66.7477874755859
9000000.00006342,-66.6745681762695
9000000.00006342,-66.6219100952148
9000000.00006343,-66.5900344848633
9000000.00006344,-66.5791397094727
9000000.00006344,-66.5894241333008
9000000.00006345,-66.6211013793945
9000000.00006345,-66.6743621826172
9000000.00006346,-66.7494201660156
9000000.00006346,-66.8479385375977
9000000.00006347,-66.9872665405273
9000000.00006347,-67.1674346923828
9000000.00006348,-67.3821411132813
9000000.00006348,-67.6250839233398
9000000.00006349,-67.8899612426758
9000000.00006349,-68.1704559326172
9000000.0000635,-68.4602661132813
9000000.0000635,-68.7530899047852
9000000.00006351,-69.0426254272461
9000000.00006351,-69.3225555419922
9000000.00006352,-69.5865859985352
9000000.00006352,-69.8284072875977
9000000.00006353,-70.0417098999023
9000000.00006353,-70.2418670654297
9000000.00006354,-70.4462966918945
9000000.00006354,-70.6517868041992
9000000.00006355,-70.8551254272461
9000000.00006355,-71.0531005859375
9000000.00006356,-71.2424850463867
9000000.00006356,-71.4200820922852
9000000.00006357,-71.5826644897461
9000000.00006357,-71.7270126342773
9000000.00006358,-71.8499298095703
9000000.00006358,-71.9481887817383
9000000.00006359,-72.0185775756836
9000000.00006359,-72.0578842163086
9000000.0000636,-72.0624237060547
9000000.0000636,-72.0308609008789
9000000.00006361,-71.9669723510742
9000000.00006361,-71.8748168945313
9000000.00006361,-71.758430480957
9000000.00006362,-71.6218566894531
9000000.00006363,-71.4691390991211
9000000.00006363,-71.304328918457
9000000.00006364,-71.1314697265625
9000000.00006364,-70.9546051025391
9000000.00006365,-70.7777709960938
9000000.00006365,-70.6050186157227
9000000.00006366,-70.4403915405273
9000000.00006366,-70.2866516113281
9000000.00006367,-70.1302719116211
9000000.00006367,-69.967414855957
9000000.00006368,-69.7991561889648
9000000.00006368,-69.626594543457
9000000.00006369,-69.450798034668
9000000.00006369,-69.2728576660156
9000000.0000637,-69.0938491821289
9000000.0000637,-68.9148635864258
9000000.00006371,-68.7369842529297
9000000.00006371,-68.561279296875
9000000.00006372,-68.3888473510742
9000000.00006372,-68.2207641601563
9000000.00006373,-68.0581207275391
9000000.00006373,-67.8968811035156
9000000.00006374,-67.7331314086914
9000000.00006374,-67.5680923461914
9000000.00006375,-67.4029846191406
9000000.00006375,-67.2390365600586
9000000.00006376,-67.0774765014648
9000000.00006376,-66.9195251464844
9000000.00006377,-66.7663955688477
9000000.00006377,-66.6193313598633
9000000.00006378,-66.4795455932617
9000000.00006378,-66.348258972168
9000000.00006379,-66.2266998291016
9000000.00006379,-66.116096496582
9000000.0000638,-66.0143432617188
9000000.0000638,-65.9123153686523
9000000.0000638,-65.8113479614258
9000000.00006381,-65.7136383056641
9000000.00006382,-65.6213684082031
9000000.00006382,-65.5367279052734
9000000.00006383,-65.4619064331055
9000000.00006383,-65.3990936279297
9000000.00006384,-65.350471496582
9000000.00006384,-65.3182373046875
9000000.00006385,-65.3045806884766
9000000.00006385,-65.3116836547852
9000000.00006386,-65.3417358398438
9000000.00006386,-65.3955078125
9000000.00006387,-65.4572525024414
9000000.00006387,-65.5247650146484
9000000.00006388,-65.6016235351563
9000000.00006388,-65.6913909912109
9000000.00006389,-65.7976379394531
9000000.00006389,-65.9239196777344
9000000.0000639,-66.0738067626953
9000000.0000639,-66.2508697509766
9000000.00006391,-66.4586715698242
9000000.00006391,-66.7007827758789
9000000.00006392,-66.9807586669922
9000000.00006392,-67.3021774291992
9000000.00006393,-67.6686019897461
9000000.00006393,-68.1048126220703
9000000.00006394,-68.6235809326172
9000000.00006394,-69.2104339599609
9000000.00006395,-69.8509063720703
9000000.00006395,-70.5305252075195
9000000.00006396,-71.2348327636719
9000000.00006396,-71.949348449707
9000000.00006397,-72.6596221923828
9000000.00006397,-73.3511657714844
9000000.00006398,-74.0095291137695
9000000.00006398,-74.6202392578125
9000000.00006399,-75.1688232421875
9000000.00006399,-75.6408157348633
9000000.00006399,-76.0382461547852
9000000.000064,-76.4062042236328
9000000.00006401,-76.7470016479492
9000000.00006401,-77.0590362548828
9000000.00006402,-77.3407287597656
9000000.00006402,-77.5904922485352
9000000.00006403,-77.8067245483398
9000000.00006403,-77.9878616333008
9000000.00006404,-78.1322937011719
9000000.00006404,-78.2384490966797
9000000.00006405,-78.3047256469727
9000000.00006405,-78.3295440673828
9000000.00006406,-78.3113174438477
9000000.00006406,-78.2466049194336
9000000.00006407,-78.1129455566406
9000000.00006407,-77.911491394043
9000000.00006408,-77.6516189575195
9000000.00006408,-77.3426895141602
9000000.00006409,-76.9940795898438
9000000.00006409,-76.6151657104492
9000000.0000641,-76.2153244018555
9000000.0000641,-75.8039245605469
9000000.00006411,-75.3903350830078
9000000.00006411,-74.9839401245117
9000000.00006412,-74.5941009521484
9000000.00006412,-74.2301940917969
9000000.00006413,-73.9015960693359
9000000.00006413,-73.5907592773438
9000000.00006414,-73.2753601074219
9000000.00006414,-72.9575958251953
9000000.00006415,-72.6396789550781
9000000.00006415,-72.3237991333008
9000000.00006416,-72.0121612548828
9000000.00006416,-71.7069778442383
9000000.00006417,-71.4104461669922
9000000.00006417,-71.1247634887695
9000000.00006418,-70.8521423339844
9000000.00006418,-70.5947723388672
9000000.00006418,-70.354866027832
9000000.00006419,-70.1346282958984
9000000.0000642,-69.9323654174805
9000000.0000642,-69.7374496459961
9000000.00006421,-69.5506057739258
9000000.00006421,-69.3735427856445
9000000.00006422,-69.2079620361328
9000000.00006422,-69.0555801391602
9000000.00006423,-68.918083190918
9000000.00006423,-68.7971878051758
9000000.00006424,-68.6945953369141
9000000.00006424,-68.6120147705078
9000000.00006425,-68.5511322021484
9000000.00006425,-68.513671875
9000000.00006426,-68.5013275146484
9000000.00006426,-68.5166091918945
9000000.00006427,-68.5695571899414
9000000.00006427,-68.6587753295898
9000000.00006428,-68.7791595458984
9000000.00006428,-68.9255981445313
9000000.00006429,-69.0929870605469
9000000.00006429,-69.2762222290039
9000000.0000643,-69.4701995849609
9000000.0000643,-69.6698150634766
9000000.00006431,-69.8699645996094
9000000.00006431,-70.065544128418
9000000.00006432,-70.2514495849609
9000000.00006432,-70.4225692749023
9000000.00006433,-70.5738067626953
9000000.00006433,-70.7205276489258
9000000.00006434,-70.8788299560547
9000000.00006434,-71.044677734375
9000000.00006435,-71.2140426635742
9000000.00006435,-71.3828887939453
9000000.00006436,-71.5472030639648
9000000.00006436,-71.7029418945313
9000000.00006437,-71.8460845947266
9000000.00006437,-71.9725952148438
9000000.00006437,-72.0784530639648
9000000.00006438,-72.1596145629883
9000000.00006439,-72.2120590209961
9000000.00006439,-72.2317581176758
9000000.0000644,-72.2163391113281
9000000.0000644,-72.1702728271484
9000000.00006441,-72.0965423583984
9000000.00006441,-71.9978179931641
9000000.00006442,-71.8768005371094
9000000.00006442,-71.7361679077148
9000000.00006443,-71.5785980224609
9000000.00006443,-71.4067916870117
9000000.00006444,-71.2234268188477
9000000.00006444,-71.0311889648438
9000000.00006445,-70.832763671875
9000000.00006445,-70.6308288574219
9000000.00006446,-70.4280853271484
9000000.00006446,-70.2256088256836
9000000.00006447,-70.005615234375
9000000.00006447,-69.7654342651367
9000000.00006448,-69.5089111328125
9000000.00006448,-69.2398529052734
9000000.00006449,-68.9620971679688
9000000.00006449,-68.6794662475586
9000000.0000645,-68.3957901000977
9000000.0000645,-68.1148834228516
9000000.00006451,-67.840576171875
9000000.00006451,-67.5767059326172
9000000.00006452,-67.3270797729492
9000000.00006452,-67.0955352783203
9000000.00006453,-66.8858947753906
9000000.00006453,-66.6885757446289
9000000.00006454,-66.4928359985352
9000000.00006454,-66.3007431030273
9000000.00006455,-66.114387512207
9000000.00006455,-65.9358291625977
9000000.00006456,-65.7671508789063
9000000.00006456,-65.6104278564453
9000000.00006456,-65.4677429199219
9000000.00006457,-65.3411636352539
9000000.00006458,-65.2327651977539
9000000.00006458,-65.1446380615234
9000000.00006459,-65.0788345336914
9000000.00006459,-65.0374526977539
9000000.0000646,-65.0186157226563
9000000.0000646,-65.0115127563477
9000000.00006461,-65.0170669555664
9000000.00006461,-65.0371856689453
9000000.00006462,-65.0737762451172
9000000.00006462,-65.1287384033203
9000000.00006463,-65.2039947509766
9000000.00006463,-65.3014297485352
9000000.00006464,-65.4229736328125
9000000.00006464,-65.5705184936523
9000000.00006465,-65.745979309082
9000000.00006465,-65.9512557983398
9000000.00006466,-66.1882553100586
9000000.00006466,-66.4593734741211
9000000.00006467,-66.7710189819336
9000000.00006467,-67.1215591430664
9000000.00006468,-67.5069885253906
9000000.00006468,-67.9232940673828
9000000.00006469,-68.3664779663086
9000000.00006469,-68.8325271606445
9000000.0000647,-69.3174362182617
9000000.0000647,-69.8172073364258
9000000.00006471,-70.3278198242188
9000000.00006471,-70.8452758789063
9000000.00006472,-71.3655776977539
9000000.00006472,-71.8847045898438
9000000.00006473,-72.3986511230469
9000000.00006473,-72.9543228149414
9000000.00006474,-73.587890625
9000000.00006474,-74.2792282104492
9000000.00006475,-75.0082397460938
9000000.00006475,-75.7548141479492
9000000.00006476,-76.4988403320313
9000000.00006476,-77.2202072143555
9000000.00006477,-77.8988037109375
9000000.00006477,-78.514533996582
9000000.00006478,-79.0472717285156
9000000.00006478,-79.476921081543
9000000.00006479,-79.7833709716797
9000000.00006479,-79.9465026855469
9000000.0000648,-79.9475708007813
9000000.0000648,-79.7897872924805
9000000.00006481,-79.493522644043
9000000.00006481,-79.0795593261719
9000000.00006482,-78.5686798095703
9000000.00006482,-77.9816665649414
9000000.00006483,-77.3393096923828
9000000.00006483,-76.6623916625977
9000000.00006484,-75.9716873168945
9000000.00006484,-75.2879943847656
9000000.00006485,-74.6320953369141
9000000.00006485,-74.0247650146484
9000000.00006486,-73.4868011474609
9000000.00006486,-73.0336303710938
9000000.00006487,-72.6105041503906
9000000.00006487,-72.1979141235352
9000000.00006488,-71.7961959838867
9000000.00006488,-71.4057235717773
9000000.00006489,-71.0268325805664
9000000.00006489,-70.6598739624023
9000000.0000649,-70.3052139282227
9000000.0000649,-69.9631881713867
9000000.00006491,-69.6341552734375
9000000.00006491,-69.3184661865234
9000000.00006492,-69.0164794921875
9000000.00006492,-68.7285308837891
9000000.00006493,-68.4549789428711
9000000.00006493,-68.1965103149414
9000000.00006494,-67.9531860351563
9000000.00006494,-67.7244262695313
9000000.00006495,-67.5096817016602
9000000.00006495,-67.3083724975586
9000000.00006496,-67.1199417114258
9000000.00006496,-66.9438095092773
9000000.00006497,-66.7794189453125
9000000.00006497,-66.6261901855469
9000000.00006498,-66.4835739135742
9000000.00006498,-66.3509902954102
9000000.00006499,-66.2278747558594
9000000.00006499,-66.113655090332
9000000.000065,-66.0075225830078
9000000.000065,-65.9087905883789
9000000.00006501,-65.8182525634766
9000000.00006501,-65.7368011474609
9000000.00006502,-65.6653213500977
9000000.00006502,-65.6047058105469
9000000.00006502,-65.5558395385742
9000000.00006503,-65.5196228027344
9000000.00006504,-65.4969329833984
9000000.00006504,-65.4886627197266
9000000.00006505,-65.4956970214844
9000000.00006505,-65.5189361572266
9000000.00006506,-65.5592651367188
9000000.00006506,-65.6174850463867
9000000.00006507,-65.6930236816406
9000000.00006507,-65.7850570678711
9000000.00006508,-65.8929824829102
9000000.00006508,-66.0161972045898
9000000.00006509,-66.1540985107422
9000000.00006509,-66.3060836791992
9000000.0000651,-66.4715423583984
9000000.0000651,-66.6498718261719
9000000.00006511,-66.8404693603516
9000000.00006511,-67.0427322387695
9000000.00006512,-67.2560424804688
9000000.00006512,-67.4798126220703
9000000.00006513,-67.7134323120117
9000000.00006513,-67.9780426025391
9000000.00006514,-68.2886199951172
9000000.00006514,-68.6352844238281
9000000.00006515,-69.0081405639648
9000000.00006515,-69.3973236083984
9000000.00006516,-69.7929458618164
9000000.00006516,-70.1851348876953
9000000.00006517,-70.5640029907227
9000000.00006517,-70.9196701049805
9000000.00006518,-71.2422637939453
9000000.00006518,-71.5218963623047
9000000.00006519,-71.7486877441406
9000000.00006519,-71.9127655029297
9000000.0000652,-72.0093002319336
9000000.0000652,-72.0519790649414
9000000.00006521,-72.0473098754883
9000000.00006521,-72.0008316040039
9000000.00006521,-71.9180755615234
9000000.00006522,-71.804557800293
9000000.00006523,-71.6658248901367
9000000.00006523,-71.5074081420898
9000000.00006524,-71.3348236083984
9000000.00006524,-71.1536102294922
9000000.00006525,-70.9692993164063
9000000.00006525,-70.7874221801758
9000000.00006526,-70.6135101318359
9000000.00006526,-70.4507293701172
9000000.00006527,-70.2734756469727
9000000.00006527,-70.0764236450195
9000000.00006528,-69.8635482788086
9000000.00006528,-69.6388473510742
9000000.00006529,-69.4063034057617
9000000.00006529,-69.1698989868164
9000000.0000653,-68.9336318969727
9000000.0000653,-68.7014846801758
9000000.00006531,-68.4774398803711
9000000.00006531,-68.265495300293
9000000.00006532,-68.0696258544922
9000000.00006532,-67.8938293457031
9000000.00006533,-67.7420959472656
9000000.00006533,-67.6087799072266
9000000.00006534,-67.4856338500977
9000000.00006534,-67.3727035522461
9000000.00006535,-67.2700271606445
9000000.00006535,-67.1776504516602
9000000.00006536,-67.0956192016602
9000000.00006536,-67.0239868164063
9000000.00006537,-66.9627914428711
9000000.00006537,-66.9120788574219
9000000.00006538,-66.8719024658203
9000000.00006538,-66.8422927856445
9000000.00006539,-66.8233108520508
9000000.00006539,-66.8149948120117
9000000.0000654,-66.818229675293
9000000.0000654,-66.8353118896484
9000000.0000654,-66.8655319213867
9000000.00006541,-66.9079513549805
9000000.00006542,-66.9616241455078
9000000.00006542,-67.0256118774414
9000000.00006543,-67.0989761352539
9000000.00006543,-67.180778503418
9000000.00006544,-67.2700729370117
9000000.00006544,-67.3659286499023
9000000.00006545,-67.4673919677734
9000000.00006545,-67.5735321044922
9000000.00006546,-67.6834030151367
9000000.00006546,-67.7970733642578
9000000.00006547,-67.926025390625
9000000.00006547,-68.0712432861328
9000000.00006548,-68.2295455932617
9000000.00006548,-68.3977432250977
9000000.00006549,-68.572639465332
9000000.00006549,-68.7510452270508
9000000.0000655,-68.9297637939453
9000000.0000655,-69.1056137084961
9000000.00006551,-69.2753982543945
9000000.00006551,-69.435920715332
9000000.00006552,-69.5839996337891
9000000.00006552,-69.716438293457
9000000.00006553,-69.8300476074219
9000000.00006553,-69.929313659668
9000000.00006554,-70.0208435058594
9000000.00006554,-70.1045989990234
9000000.00006555,-70.1805572509766
9000000.00006555,-70.2486877441406
9000000.00006556,-70.308967590332
9000000.00006556,-70.3613662719727
9000000.00006557,-70.4058532714844
9000000.00006557,-70.4424057006836
9000000.00006558,-70.4709930419922
9000000.00006558,-70.491584777832
9000000.00006559,-70.5041580200195
9000000.00006559,-70.5086822509766
9000000.00006559,-70.5035018920898
9000000.0000656,-70.4841232299805
9000000.00006561,-70.4518737792969
9000000.00006561,-70.4085311889648
9000000.00006562,-70.355842590332
9000000.00006562,-70.2955932617188
9000000.00006563,-70.2295303344727
9000000.00006563,-70.1594390869141
9000000.00006564,-70.0870742797852
9000000.00006564,-70.0142059326172
9000000.00006565,-69.9425964355469
9000000.00006565,-69.8740234375
9000000.00006566,-69.8102416992188
9000000.00006566,-69.7522888183594
9000000.00006567,-69.6922912597656
9000000.00006567,-69.6285400390625
9000000.00006568,-69.5622177124023
9000000.00006568,-69.4944763183594
9000000.00006569,-69.4264984130859
9000000.00006569,-69.3594436645508
9000000.0000657,-69.2944946289063
9000000.0000657,-69.2328033447266
9000000.00006571,-69.1755447387695
9000000.00006571,-69.1239013671875
9000000.00006572,-69.0790252685547
9000000.00006572,-69.0420913696289
9000000.00006573,-69.0142669677734
9000000.00006573,-68.995231628418
9000000.00006574,-68.9834365844727
9000000.00006574,-68.978271484375
9000000.00006575,-68.9790954589844
9000000.00006575,-68.9852905273438
9000000.00006576,-68.9962158203125
9000000.00006576,-69.0112457275391
9000000.00006577,-69.0297546386719
9000000.00006577,-69.0511169433594
9000000.00006578,-69.0746917724609
9000000.00006578,-69.0998687744141
9000000.00006578,-69.1259994506836
9000000.00006579,-69.1524658203125
9000000.0000658,-69.1765747070313
9000000.0000658,-69.1925888061523
9000000.00006581,-69.2028350830078
9000000.00006581,-69.2102203369141
9000000.00006582,-69.2176284790039
9000000.00006582,-69.2279815673828
9000000.00006583,-69.2441635131836
9000000.00006583,-69.2690887451172
9000000.00006584,-69.3056488037109
9000000.00006584,-69.3567504882813
9000000.00006585,-69.42529296875
9000000.00006585,-69.5141754150391
9000000.00006586,-69.6263046264648
9000000.00006586,-69.7616424560547
9000000.00006587,-69.8868865966797
9000000.00006587,-69.9989776611328
9000000.00006588,-70.1070175170898
9000000.00006588,-70.2201156616211
9000000.00006589,-70.3473892211914
9000000.00006589,-70.4979476928711
9000000.0000659,-70.6808929443359
9000000.0000659,-70.9053421020508
9000000.00006591,-71.1804046630859
9000000.00006591,-71.5151824951172
9000000.00006592,-71.9188003540039
9000000.00006592,-72.4003524780273
9000000.00006593,-72.9689636230469
9000000.00006593,-73.6918258666992
9000000.00006594,-74.6041793823242
9000000.00006594,-75.6671676635742
9000000.00006595,-76.8419494628906
9000000.00006595,-78.0896682739258
9000000.00006596,-79.3714752197266
9000000.00006596,-80.6485290527344
9000000.00006597,-81.881965637207
9000000.00006597,-83.0329437255859
9000000.00006597,-84.062614440918
9000000.00006598,-84.93212890625
9000000.00006599,-85.6026306152344
9000000.00006599,-86.035270690918
9000000.000066,-86.2052917480469
9000000.000066,-86.1505355834961
9000000.00006601,-85.9012145996094
9000000.00006601,-85.4852447509766
9000000.00006602,-84.9305648803711
9000000.00006602,-84.2650985717773
9000000.00006603,-83.5167694091797
9000000.00006603,-82.713508605957
9000000.00006604,-81.8832473754883
9000000.00006604,-81.0539016723633
9000000.00006605,-80.2534103393555
9000000.00006605,-79.5096817016602
9000000.00006606,-78.8506622314453
9000000.00006606,-78.2968368530273
9000000.00006607,-77.7716217041016
9000000.00006607,-77.2487564086914
9000000.00006608,-76.7297821044922
9000000.00006608,-76.2162246704102
9000000.00006609,-75.7096328735352
9000000.00006609,-75.2115249633789
9000000.0000661,-74.7234420776367
9000000.0000661,-74.2469177246094
9000000.00006611,-73.7834930419922
9000000.00006611,-73.3347015380859
9000000.00006612,-72.9020767211914
9000000.00006612,-72.4871444702148
9000000.00006613,-72.0914459228516
9000000.00006613,-71.7119598388672
9000000.00006614,-71.3449172973633
9000000.00006614,-70.9907531738281
9000000.00006615,-70.6499099731445
9000000.00006615,-70.3228225708008
9000000.00006616,-70.0099258422852
9000000.00006616,-69.7116546630859
9000000.00006616,-69.4284439086914
9000000.00006617,-69.1607360839844
9000000.00006618,-68.9089584350586
9000000.00006618,-68.6735610961914
9000000.00006619,-68.454963684082
9000000.00006619,-68.2536163330078
9000000.0000662,-68.0681838989258
9000000.0000662,-67.8938293457031
9000000.00006621,-67.7314834594727
9000000.00006621,-67.5825424194336
9000000.00006622,-67.4484100341797
9000000.00006622,-67.3304672241211
9000000.00006623,-67.2301177978516
9000000.00006623,-67.1487579345703
9000000.00006624,-67.0877838134766
9000000.00006624,-67.048583984375
9000000.00006625,-67.0325546264648
9000000.00006625,-67.0410995483398
9000000.00006626,-67.0756072998047
9000000.00006626,-67.1373672485352
9000000.00006627,-67.2256851196289
9000000.00006627,-67.3393020629883
9000000.00006628,-67.477180480957
9000000.00006628,-67.6382827758789
9000000.00006629,-67.8215942382813
9000000.00006629,-68.0260772705078
9000000.0000663,-68.2507095336914
9000000.0000663,-68.4944458007813
9000000.00006631,-68.7562713623047
9000000.00006631,-69.0351486206055
9000000.00006632,-69.3300476074219
9000000.00006632,-69.6399459838867
9000000.00006633,-69.9638061523438
9000000.00006633,-70.3278427124023
9000000.00006634,-70.7509155273438
9000000.00006634,-71.2209625244141
9000000.00006635,-71.7259368896484
9000000.00006635,-72.253776550293
9000000.00006636,-72.7924346923828
9000000.00006636,-73.3298492431641
9000000.00006637,-73.8539733886719
9000000.00006637,-74.3527450561523
9000000.00006638,-74.8141098022461
9000000.00006638,-75.2260208129883
9000000.00006639,-75.576416015625
9000000.00006639,-75.8532409667969
9000000.0000664,-76.0527496337891
9000000.0000664,-76.1975402832031
9000000.00006641,-76.2938537597656
9000000.00006641,-76.3461608886719
9000000.00006642,-76.3589248657227
9000000.00006642,-76.3366241455078
9000000.00006643,-76.2837066650391
9000000.00006643,-76.2046661376953
9000000.00006644,-76.1039505004883
9000000.00006644,-75.9860382080078
9000000.00006645,-75.8554000854492
9000000.00006645,-75.7164993286133
9000000.00006646,-75.5737991333008
9000000.00006646,-75.4296798706055
9000000.00006647,-75.2611541748047
9000000.00006647,-75.0638885498047
9000000.00006648,-74.841911315918
9000000.00006648,-74.5992431640625
9000000.00006649,-74.3399276733398
9000000.00006649,-74.067985534668
9000000.0000665,-73.7874526977539
9000000.0000665,-73.5023574829102
9000000.00006651,-73.2167282104492
9000000.00006651,-72.9346008300781
9000000.00006652,-72.6599960327148
9000000.00006652,-72.3969573974609
9000000.00006653,-72.1495056152344
9000000.00006653,-71.9057006835938
9000000.00006654,-71.6529769897461
9000000.00006654,-71.394401550293
9000000.00006655,-71.1330795288086
9000000.00006655,-70.8720932006836
9000000.00006656,-70.6145324707031
9000000.00006656,-70.3634796142578
9000000.00006657,-70.1220169067383
9000000.00006657,-69.8932418823242
9000000.00006658,-69.6802444458008
9000000.00006658,-69.4860992431641
9000000.00006659,-69.3138961791992
9000000.00006659,-69.1667327880859
9000000.0000666,-69.0417938232422
9000000.0000666,-68.9228973388672
9000000.00006661,-68.8114471435547
9000000.00006661,-68.7103271484375
9000000.00006662,-68.6223983764648
9000000.00006662,-68.550537109375
9000000.00006663,-68.4976119995117
9000000.00006663,-68.4664993286133
9000000.00006664,-68.4600677490234
9000000.00006664,-68.4811935424805
9000000.00006665,-68.5327453613281
9000000.00006665,-68.6175994873047
9000000.00006666,-68.7386245727539
9000000.00006666,-68.8998794555664
9000000.00006667,-69.1164321899414
9000000.00006667,-69.385871887207
9000000.00006668,-69.7002716064453
9000000.00006668,-70.0516815185547
9000000.00006669,-70.4321670532227
9000000.00006669,-70.8337936401367
9000000.0000667,-71.2486114501953
9000000.0000667,-71.6686935424805
9000000.00006671,-72.0860977172852
9000000.00006671,-72.4928817749023
9000000.00006672,-72.8811111450195
9000000.00006672,-73.2428436279297
9000000.00006673,-73.5701370239258
9000000.00006673,-73.885627746582
9000000.00006674,-74.2134475708008
9000000.00006674,-74.5479736328125
9000000.00006675,-74.8835601806641
9000000.00006675,-75.2145614624023
9000000.00006676,-75.5353469848633
9000000.00006676,-75.8402557373047
9000000.00006677,-76.123664855957
9000000.00006677,-76.3799209594727
9000000.00006678,-76.6033935546875
9000000.00006678,-76.7884292602539
9000000.00006679,-76.9293975830078
9000000.00006679,-77.0206451416016
9000000.0000668,-77.0555114746094
9000000.0000668,-77.0310134887695
9000000.00006681,-76.953987121582
9000000.00006681,-76.8317642211914
9000000.00006681,-76.6716690063477
9000000.00006682,-76.4810485839844
9000000.00006683,-76.267219543457
9000000.00006683,-76.0375289916992
9000000.00006684,-75.7992935180664
9000000.00006684,-75.5598602294922
9000000.00006685,-75.3265533447266
9000000.00006685,-75.1067123413086
9000000.00006686,-74.9076614379883
9000000.00006686,-74.7352294921875
9000000.00006687,-74.5745162963867
9000000.00006687,-74.418701171875
9000000.00006688,-74.2663497924805
9000000.00006688,-74.1160202026367
9000000.00006689,-73.9662704467773
9000000.00006689,-73.815673828125
9000000.0000669,-73.6627883911133
9000000.0000669,-73.5061721801758
9000000.00006691,-73.3443984985352
9000000.00006691,-73.176025390625
9000000.00006692,-72.9996109008789
9000000.00006692,-72.8137283325195
9000000.00006693,-72.6169281005859
9000000.00006693,-72.4059677124023
9000000.00006694,-72.1802444458008
9000000.00006694,-71.9423141479492
9000000.00006695,-71.6947402954102
9000000.00006695,-71.4400634765625
9000000.00006696,-71.1808471679688
9000000.00006696,-70.9196395874023
9000000.00006697,-70.6590042114258
9000000.00006697,-70.4014892578125
9000000.00006698,-70.1496429443359
9000000.00006698,-69.9060287475586
9000000.00006699,-69.6731948852539
9000000.00006699,-69.4537048339844
9000000.000067,-69.2443084716797
9000000.000067,-69.0291290283203
9000000.000067,-68.8100357055664
9000000.00006701,-68.5903930664063
9000000.00006702,-68.37353515625
9000000.00006702,-68.1628112792969
9000000.00006703,-67.9615631103516
9000000.00006703,-67.7731475830078
9000000.00006704,-67.6009063720703
9000000.00006704,-67.4481887817383
9000000.00006705,-67.3183364868164
9000000.00006705,-67.2146987915039
9000000.00006706,-67.140625
9000000.00006706,-67.0976409912109
9000000.00006707,-67.0657196044922
9000000.00006707,-67.0415649414063
9000000.00006708,-67.0291976928711
9000000.00006708,-67.0326309204102
9000000.00006709,-67.0558776855469
9000000.00006709,-67.1029663085938
9000000.0000671,-67.1779098510742
9000000.0000671,-67.2847137451172
9000000.00006711,-67.4274063110352
9000000.00006711,-67.6100006103516
9000000.00006712,-67.8365097045898
9000000.00006712,-68.110954284668
9000000.00006713,-68.4373474121094
9000000.00006713,-68.8494262695313
9000000.00006714,-69.3655090332031
9000000.00006714,-69.9664611816406
9000000.00006715,-70.6331634521484
9000000.00006715,-71.3464813232422
9000000.00006716,-72.0872802734375
9000000.00006716,-72.8364486694336
9000000.00006717,-73.5748519897461
9000000.00006717,-74.2833557128906
9000000.00006718,-74.9428405761719
9000000.00006718,-75.5341796875
9000000.00006719,-76.0382385253906
9000000.00006719,-76.4358901977539
9000000.00006719,-76.7218704223633
9000000.0000672,-76.9338760375977
9000000.00006721,-77.0812911987305
9000000.00006721,-77.1704788208008
9000000.00006722,-77.2078094482422
9000000.00006722,-77.1996612548828
9000000.00006723,-77.1524047851563
9000000.00006723,-77.0724182128906
9000000.00006724,-76.9660720825195
9000000.00006724,-76.8397369384766
9000000.00006725,-76.6997909545898
9000000.00006725,-76.552604675293
9000000.00006726,-76.4045486450195
9000000.00006726,-76.2588577270508
9000000.00006727,-76.0810012817383
9000000.00006727,-75.8647537231445
9000000.00006728,-75.6164932250977
9000000.00006728,-75.3425903320313
9000000.00006729,-75.0494079589844
9000000.00006729,-74.7433166503906
9000000.0000673,-74.4306869506836
9000000.0000673,-74.1178817749023
9000000.00006731,-73.811279296875
9000000.00006731,-73.5172348022461
9000000.00006732,-73.2421340942383
9000000.00006732,-72.9923324584961
9000000.00006733,-72.7742080688477
9000000.00006733,-72.5819549560547
9000000.00006734,-72.4045486450195
9000000.00006734,-72.2405014038086
9000000.00006735,-72.0883407592773
9000000.00006735,-71.9465713500977
9000000.00006736,-71.8137054443359
9000000.00006736,-71.6882781982422
9000000.00006737,-71.5687942504883
9000000.00006737,-71.4537658691406
9000000.00006738,-71.3417129516602
9000000.00006738,-71.2311630249023
9000000.00006738,-71.1206130981445
9000000.00006739,-71.0085906982422
9000000.0000674,-70.8919982910156
9000000.0000674,-70.7663269042969
9000000.00006741,-70.6344451904297
9000000.00006741,-70.4997253417969
9000000.00006742,-70.3655319213867
9000000.00006742,-70.235221862793
9000000.00006743,-70.112174987793
9000000.00006743,-69.9997406005859
9000000.00006744,-69.9012985229492
9000000.00006744,-69.8202056884766
9000000.00006745,-69.7598266601563
9000000.00006745,-69.7235260009766
9000000.00006746,-69.7146759033203
9000000.00006746,-69.734375
9000000.00006747,-69.7572479248047
9000000.00006747,-69.7799224853516
9000000.00006748,-69.8082885742188
9000000.00006748,-69.8482131958008
9000000.00006749,-69.9055862426758
9000000.00006749,-69.9862899780273
9000000.0000675,-70.09619140625
9000000.0000675,-70.2411804199219
9000000.00006751,-70.4271392822266
9000000.00006751,-70.6599502563477
9000000.00006752,-70.9454803466797
9000000.00006752,-71.2896270751953
9000000.00006753,-71.6982574462891
9000000.00006753,-72.2291488647461
9000000.00006754,-72.9147720336914
9000000.00006754,-73.7230453491211
9000000.00006755,-74.6218872070313
9000000.00006755,-75.5792236328125
9000000.00006756,-76.5629653930664
9000000.00006756,-77.5410461425781
9000000.00006757,-78.4813842773438
9000000.00006757,-79.3518905639648
9000000.00006757,-80.120491027832
9000000.00006758,-80.7551116943359
9000000.00006759,-81.2236709594727
9000000.00006759,-81.4940872192383
9000000.0000676,-81.5451202392578
9000000.0000676,-81.4058380126953
9000000.00006761,-81.1018218994141
9000000.00006761,-80.6569747924805
9000000.00006762,-80.0951919555664
9000000.00006762,-79.4403762817383
9000000.00006763,-78.716438293457
9000000.00006763,-77.9472808837891
9000000.00006764,-77.1568069458008
9000000.00006764,-76.3689117431641
9000000.00006765,-75.6075057983398
9000000.00006765,-74.8964920043945
9000000.00006766,-74.2597732543945
9000000.00006766,-73.7145462036133
9000000.00006767,-73.1913604736328
9000000.00006767,-72.6676864624023
9000000.00006768,-72.1462097167969
9000000.00006768,-71.629638671875
9000000.00006769,-71.1206665039063
9000000.00006769,-70.6219863891602
9000000.0000677,-70.1362915039063
9000000.0000677,-69.6662826538086
9000000.00006771,-69.2146453857422
9000000.00006771,-68.7840881347656
9000000.00006772,-68.3773040771484
9000000.00006772,-67.9969787597656
9000000.00006773,-67.6458206176758
9000000.00006773,-67.3196640014648
9000000.00006774,-67.0126876831055
9000000.00006774,-66.72509765625
9000000.00006775,-66.4570999145508
9000000.00006775,-66.2088851928711
9000000.00006776,-65.9806594848633
9000000.00006776,-65.7726211547852
9000000.00006777,-65.5849761962891
9000000.00006777,-65.4179153442383
9000000.00006778,-65.2716522216797
9000000.00006778,-65.1463775634766
9000000.00006779,-65.0422973632813
9000000.00006779,-64.9596176147461
9000000.0000678,-64.8981704711914
9000000.0000678,-64.8570098876953
9000000.00006781,-64.8361968994141
9000000.00006781,-64.8358764648438
9000000.00006782,-64.8562088012695
9000000.00006782,-64.897346496582
9000000.00006783,-64.9594421386719
9000000.00006783,-65.0426406860352
9000000.00006784,-65.147102355957
9000000.00006784,-65.2729797363281
9000000.00006785,-65.4204177856445
9000000.00006785,-65.5895767211914
9000000.00006786,-65.7806091308594
9000000.00006786,-65.9927597045898
9000000.00006787,-66.2155227661133
9000000.00006787,-66.448616027832
9000000.00006788,-66.6956176757813
9000000.00006788,-66.9600982666016
9000000.00006789,-67.2456207275391
9000000.00006789,-67.5557708740234
9000000.0000679,-67.8941192626953
9000000.0000679,-68.2642364501953
9000000.00006791,-68.6696929931641
9000000.00006791,-69.1140594482422
9000000.00006792,-69.6009216308594
9000000.00006792,-70.1338348388672
9000000.00006793,-70.7163848876953
9000000.00006793,-71.4098434448242
9000000.00006794,-72.2516479492188
9000000.00006794,-73.2095489501953
9000000.00006795,-74.2513275146484
9000000.00006795,-75.3447570800781
9000000.00006796,-76.4576110839844
9000000.00006796,-77.5576553344727
9000000.00006797,-78.6126708984375
9000000.00006797,-79.5904159545898
9000000.00006798,-80.4586791992188
9000000.00006798,-81.1852188110352
9000000.00006799,-81.7378158569336
9000000.00006799,-82.0842361450195
9000000.000068,-82.2024230957031
9000000.000068,-82.1195907592773
9000000.00006801,-81.8620147705078
9000000.00006801,-81.4544677734375
9000000.00006802,-80.9217376708984
9000000.00006802,-80.2886047363281
9000000.00006803,-79.5798568725586
9000000.00006803,-78.8202667236328
9000000.00006804,-78.0346221923828
9000000.00006804,-77.2476959228516
9000000.00006805,-76.4842910766602
9000000.00006805,-75.7691650390625
9000000.00006806,-75.1271209716797
9000000.00006806,-74.575813293457
9000000.00006807,-74.0412445068359
9000000.00006807,-73.5000381469727
9000000.00006808,-72.955696105957
9000000.00006808,-72.4116973876953
9000000.00006809,-71.8715438842773
9000000.00006809,-71.3387298583984
9000000.0000681,-70.8167495727539
9000000.0000681,-70.3091049194336
9000000.00006811,-69.8192749023438
9000000.00006811,-69.3507690429688
9000000.00006812,-68.9070663452148
9000000.00006812,-68.4916839599609
9000000.00006813,-68.1080932617188
9000000.00006813,-67.7499389648438
9000000.00006814,-67.4090270996094
9000000.00006814,-67.0860748291016
9000000.00006815,-66.7818298339844
9000000.00006815,-66.4970245361328
9000000.00006816,-66.2323913574219
9000000.00006816,-65.9886703491211
9000000.00006817,-65.7665863037109
9000000.00006817,-65.5668792724609
9000000.00006818,-65.3902893066406
9000000.00006818,-65.2375411987305
9000000.00006819,-65.109375
9000000.00006819,-65.0065307617188
9000000.0000682,-64.9279632568359
9000000.0000682,-64.8688354492188
9000000.00006821,-64.8297653198242
9000000.00006821,-64.8118209838867
9000000.00006822,-64.8160705566406
9000000.00006822,-64.8435974121094
9000000.00006823,-64.8954544067383
9000000.00006823,-64.9727249145508
9000000.00006824,-65.0764770507813
9000000.00006824,-65.2077789306641
9000000.00006825,-65.3677062988281
9000000.00006825,-65.5573196411133
9000000.00006826,-65.7776947021484
9000000.00006826,-66.0307388305664
9000000.00006827,-66.32666015625
9000000.00006827,-66.6646118164063
9000000.00006828,-67.0400238037109
9000000.00006828,-67.4483108520508
9000000.00006829,-67.8849029541016
9000000.00006829,-68.3452072143555
9000000.0000683,-68.8246536254883
9000000.0000683,-69.3186492919922
9000000.00006831,-69.8226318359375
9000000.00006831,-70.3320083618164
9000000.00006832,-70.8422012329102
9000000.00006832,-71.3486251831055
9000000.00006833,-71.8467178344727
9000000.00006833,-72.3757171630859
9000000.00006834,-72.9672698974609
9000000.00006834,-73.6053848266602
9000000.00006835,-74.274040222168
9000000.00006835,-74.9572448730469
9000000.00006836,-75.6389846801758
9000000.00006836,-76.3032684326172
9000000.00006837,-76.9340896606445
9000000.00006837,-77.5154418945313
9000000.00006838,-78.0313262939453
9000000.00006838,-78.4657363891602
9000000.00006839,-78.8026657104492
9000000.00006839,-79.0261077880859
9000000.0000684,-79.1252746582031
9000000.0000684,-79.1140594482422
9000000.00006841,-79.0054016113281
9000000.00006841,-78.8114547729492
9000000.00006842,-78.5443572998047
9000000.00006842,-78.2162704467773
9000000.00006843,-77.8393402099609
9000000.00006843,-77.4257202148438
9000000.00006844,-76.9875564575195
9000000.00006844,-76.5370101928711
9000000.00006845,-76.0862197875977
9000000.00006845,-75.6473388671875
9000000.00006846,-75.2325210571289
9000000.00006846,-74.8494644165039
9000000.00006847,-74.4506225585938
9000000.00006847,-74.0243759155273
9000000.00006848,-73.576416015625
9000000.00006848,-73.1124420166016
9000000.00006849,-72.6381454467773
9000000.00006849,-72.1592254638672
9000000.0000685,-71.6813583374023
9000000.0000685,-71.2102584838867
9000000.00006851,-70.7516021728516
9000000.00006851,-70.3110961914063
9000000.00006852,-69.8944244384766
9000000.00006852,-69.5072937011719
9000000.00006853,-69.1553802490234
9000000.00006853,-68.8289184570313
9000000.00006854,-68.5149536132813
9000000.00006854,-68.2143936157227
9000000.00006855,-67.9281311035156
9000000.00006855,-67.6570816040039
9000000.00006856,-67.4021530151367
9000000.00006856,-67.1642456054688
9000000.00006857,-66.9442672729492
9000000.00006857,-66.7431259155273
9000000.00006858,-66.5617294311523
9000000.00006858,-66.4009780883789
9000000.00006859,-66.2617797851563
9000000.00006859,-66.1450347900391
9000000.0000686,-66.0510330200195
9000000.0000686,-65.9780807495117
9000000.0000686,-65.9256973266602
9000000.00006861,-65.8935470581055
9000000.00006862,-65.8813018798828
9000000.00006862,-65.8886260986328
9000000.00006863,-65.9151763916016
9000000.00006863,-65.9606246948242
9000000.00006864,-66.0246353149414
9000000.00006864,-66.1068572998047
9000000.00006865,-66.2069778442383
9000000.00006865,-66.3246459960938
9000000.00006866,-66.4595260620117
9000000.00006866,-66.6122360229492
9000000.00006867,-66.7937545776367
9000000.00006867,-67.0045471191406
9000000.00006868,-67.2410202026367
9000000.00006868,-67.4996185302734
9000000.00006869,-67.7767562866211
9000000.00006869,-68.0688705444336
9000000.0000687,-68.3723907470703
9000000.0000687,-68.6837310791016
9000000.00006871,-68.9993209838867
9000000.00006871,-69.3155975341797
9000000.00006872,-69.6289825439453
9000000.00006872,-69.935905456543
9000000.00006873,-70.232795715332
9000000.00006873,-70.5376739501953
9000000.00006874,-70.8667297363281
9000000.00006874,-71.2135925292969
9000000.00006875,-71.5719146728516
9000000.00006875,-71.9353256225586
9000000.00006876,-72.297477722168
9000000.00006876,-72.6520156860352
9000000.00006877,-72.992561340332
9000000.00006877,-73.3127746582031
9000000.00006878,-73.6062927246094
9000000.00006878,-73.8667526245117
9000000.00006879,-74.0877990722656
9000000.00006879,-74.263069152832
9000000.00006879,-74.3898010253906
9000000.0000688,-74.4777526855469
9000000.00006881,-74.5308227539063
9000000.00006881,-74.5522308349609
9000000.00006882,-74.5451507568359
9000000.00006882,-74.5127944946289
9000000.00006883,-74.4583587646484
9000000.00006883,-74.3850326538086
9000000.00006884,-74.2960205078125
9000000.00006884,-74.1945114135742
9000000.00006885,-74.0837097167969
9000000.00006885,-73.9668045043945
9000000.00006886,-73.8470077514648
9000000.00006886,-73.7259902954102
9000000.00006887,-73.5872573852539
9000000.00006887,-73.4277038574219
9000000.00006888,-73.2502365112305
9000000.00006888,-73.0577545166016
9000000.00006889,-72.8531723022461
9000000.00006889,-72.6393890380859
9000000.0000689,-72.4193115234375
9000000.0000689,-72.1958465576172
9000000.00006891,-71.9719009399414
9000000.00006891,-71.7503814697266
9000000.00006892,-71.5341873168945
9000000.00006892,-71.3262329101563
9000000.00006893,-71.1294174194336
9000000.00006893,-70.9353637695313
9000000.00006894,-70.7351684570313
9000000.00006894,-70.5309295654297
9000000.00006895,-70.3247833251953
9000000.00006895,-70.1188201904297
9000000.00006896,-69.915168762207
9000000.00006896,-69.715934753418
9000000.00006897,-69.5232391357422
9000000.00006897,-69.3391876220703
9000000.00006898,-69.1658935546875
9000000.00006898,-69.0054779052734
9000000.00006898,-68.8600463867188
9000000.00006899,-68.7317123413086
9000000.000069,-68.6182556152344
9000000.000069,-68.5077514648438
9000000.00006901,-68.4014129638672
9000000.00006901,-68.3015289306641
9000000.00006902,-68.2103805541992
9000000.00006902,-68.1302719116211
9000000.00006903,-68.0634918212891
9000000.00006903,-68.012321472168
9000000.00006904,-67.9790649414063
9000000.00006904,-67.9660034179688
9000000.00006905,-67.9754257202148
9000000.00006905,-68.009635925293
9000000.00006906,-68.070915222168
9000000.00006906,-68.1608352661133
9000000.00006907,-68.2718505859375
9000000.00006907,-68.4017791748047
9000000.00006908,-68.5512008666992
9000000.00006908,-68.7206954956055
9000000.00006909,-68.9108352661133
9000000.00006909,-69.122184753418
9000000.0000691,-69.3553314208984
9000000.0000691,-69.6108474731445
9000000.00006911,-69.8893051147461
9000000.00006911,-70.1912841796875
9000000.00006912,-70.5173492431641
9000000.00006912,-70.8680877685547
9000000.00006913,-71.2440643310547
9000000.00006913,-71.6789245605469
9000000.00006914,-72.1947326660156
9000000.00006914,-72.7747573852539
9000000.00006915,-73.4022445678711
9000000.00006915,-74.060432434082
9000000.00006916,-74.7325820922852
9000000.00006916,-75.4019317626953
9000000.00006917,-76.0517349243164
9000000.00006917,-76.6652374267578
9000000.00006917,-77.225700378418
9000000.00006918,-77.7163543701172
9000000.00006919,-78.1204605102539
9000000.00006919,-78.4212646484375
9000000.0000692,-78.6130905151367
9000000.0000692,-78.7260360717773
9000000.00006921,-78.7691497802734
9000000.00006921,-78.749137878418
9000000.00006922,-78.6727142333984
9000000.00006922,-78.5466003417969
9000000.00006923,-78.3774948120117
9000000.00006923,-78.1721267700195
9000000.00006924,-77.9372024536133
9000000.00006924,-77.6794357299805
9000000.00006925,-77.4055328369141
9000000.00006925,-77.1222152709961
9000000.00006926,-76.8361892700195
9000000.00006926,-76.5505065917969
9000000.00006927,-76.224609375
9000000.00006927,-75.8519134521484
9000000.00006928,-75.4405822753906
9000000.00006928,-74.9988098144531
9000000.00006929,-74.5347747802734
9000000.00006929,-74.0566635131836
9000000.0000693,-73.5726547241211
9000000.0000693,-73.090934753418
9000000.00006931,-72.6196823120117
9000000.00006931,-72.1670761108398
9000000.00006932,-71.7413101196289
9000000.00006932,-71.3505630493164
9000000.00006933,-71.0030059814453
9000000.00006933,-70.686637878418
9000000.00006934,-70.3841934204102
9000000.00006934,-70.0959854125977
9000000.00006935,-69.8223342895508
9000000.00006935,-69.5635528564453
9000000.00006936,-69.3199691772461
9000000.00006936,-69.0918884277344
9000000.00006937,-68.879638671875
9000000.00006937,-68.6835250854492
9000000.00006938,-68.5038757324219
9000000.00006938,-68.3409957885742
9000000.00006939,-68.1952209472656
9000000.00006939,-68.0668487548828
9000000.0000694,-67.9547729492188
9000000.0000694,-67.8550491333008
9000000.00006941,-67.7684707641602
9000000.00006941,-67.6962203979492
9000000.00006942,-67.6394805908203
9000000.00006942,-67.5994262695313
9000000.00006943,-67.5772399902344
9000000.00006943,-67.5740966796875
9000000.00006944,-67.5911712646484
9000000.00006944,-67.6296463012695
9000000.00006945,-67.6907043457031
9000000.00006945,-67.7755126953125
9000000.00006946,-67.8852615356445
9000000.00006946,-68.0223922729492
9000000.00006947,-68.2022323608398
9000000.00006947,-68.4239349365234
9000000.00006948,-68.6809921264648
9000000.00006948,-68.966926574707
9000000.00006949,-69.2752456665039
9000000.00006949,-69.5994491577148
9000000.0000695,-69.9330673217773
9000000.0000695,-70.2695922851563
9000000.00006951,-70.6025466918945
9000000.00006951,-70.9254379272461
9000000.00006952,-71.2317657470703
9000000.00006952,-71.5150604248047
9000000.00006953,-71.7688140869141
9000000.00006953,-72.0117874145508
9000000.00006954,-72.2639007568359
9000000.00006954,-72.5204086303711
9000000.00006955,-72.7765884399414
9000000.00006955,-73.0276947021484
9000000.00006956,-73.2689819335938
9000000.00006956,-73.495719909668
9000000.00006957,-73.7031707763672
9000000.00006957,-73.886589050293
9000000.00006958,-74.0412445068359
9000000.00006958,-74.1623992919922
9000000.00006959,-74.2453079223633
9000000.00006959,-74.2852325439453
9000000.0000696,-74.2781448364258
9000000.0000696,-74.2258377075195
9000000.00006961,-74.1328201293945
9000000.00006961,-74.0035781860352
9000000.00006962,-73.8425979614258
9000000.00006962,-73.6543807983398
9000000.00006963,-73.4434127807617
9000000.00006963,-73.2141799926758
9000000.00006964,-72.97119140625
9000000.00006964,-72.7189254760742
9000000.00006965,-72.4618759155273
9000000.00006965,-72.2045364379883
9000000.00006966,-71.9513931274414
9000000.00006966,-71.7047500610352
9000000.00006967,-71.4405136108398
9000000.00006967,-71.1543045043945
9000000.00006968,-70.8505325317383
9000000.00006968,-70.5335922241211
9000000.00006969,-70.2078857421875
9000000.00006969,-69.877815246582
9000000.0000697,-69.5477752685547
9000000.0000697,-69.2221832275391
9000000.00006971,-68.9054336547852
9000000.00006971,-68.601921081543
9000000.00006972,-68.3160552978516
9000000.00006972,-68.0522308349609
9000000.00006973,-67.8148498535156
9000000.00006973,-67.5933380126953
9000000.00006974,-67.3756103515625
9000000.00006974,-67.1638488769531
9000000.00006975,-66.9602279663086
9000000.00006975,-66.7669219970703
9000000.00006976,-66.5861129760742
9000000.00006976,-66.4199829101563
9000000.00006977,-66.2706909179688
9000000.00006977,-66.1404266357422
9000000.00006978,-66.0313720703125
9000000.00006978,-65.945686340332
9000000.00006979,-65.8855590820313
9000000.00006979,-65.853157043457
9000000.0000698,-65.847900390625
9000000.0000698,-65.8622207641602
9000000.00006981,-65.8959884643555
9000000.00006981,-65.9497528076172
9000000.00006982,-66.024055480957
9000000.00006982,-66.1194381713867
9000000.00006983,-66.236442565918
9000000.00006983,-66.3756103515625
9000000.00006984,-66.537483215332
9000000.00006984,-66.7226104736328
9000000.00006985,-66.931526184082
9000000.00006985,-67.1647720336914
9000000.00006986,-67.4228973388672
9000000.00006986,-67.7084655761719
9000000.00006987,-68.0455322265625
9000000.00006987,-68.4339141845703
9000000.00006988,-68.864631652832
9000000.00006988,-69.3286972045898
9000000.00006989,-69.8171310424805
9000000.00006989,-70.3209533691406
9000000.0000699,-70.831169128418
9000000.0000699,-71.3388061523438
9000000.00006991,-71.8348770141602
9000000.00006991,-72.3104019165039
9000000.00006992,-72.7563934326172
9000000.00006992,-73.1638641357422
9000000.00006993,-73.5238418579102
9000000.00006993,-73.8536987304688
9000000.00006994,-74.1752166748047
9000000.00006994,-74.4860153198242
9000000.00006995,-74.7837066650391
9000000.00006995,-75.0659027099609
9000000.00006996,-75.3302154541016
9000000.00006996,-75.5742568969727
9000000.00006997,-75.7956390380859
9000000.00006997,-75.9919815063477
9000000.00006998,-76.1608963012695
9000000.00006998,-76.2999877929688
9000000.00006999,-76.4068832397461
9000000.00006999,-76.4791870117188
9000000.00007,-76.5165557861328
9000000.00007,-76.5245742797852
9000000.00007001,-76.504150390625
9000000.00007001,-76.4557418823242
9000000.00007002,-76.3798217773438
9000000.00007002,-76.2768325805664
9000000.00007003,-76.1472396850586
9000000.00007003,-75.9915008544922
9000000.00007004,-75.8100814819336
9000000.00007004,-75.6034240722656
9000000.00007005,-75.3720016479492
9000000.00007005,-75.1162719726563
9000000.00007006,-74.8366851806641
9000000.00007006,-74.5314178466797
9000000.00007007,-74.1737365722656
9000000.00007007,-73.7628784179688
9000000.00007008,-73.3078689575195
9000000.00007008,-72.8177032470703
9000000.00007009,-72.3014144897461
9000000.00007009,-71.7680130004883
9000000.0000701,-71.2265167236328
9000000.0000701,-70.6859436035156
9000000.00007011,-70.1552963256836
9000000.00007011,-69.6436080932617
9000000.00007012,-69.1598815917969
9000000.00007012,-68.7131423950195
9000000.00007013,-68.3124084472656
9000000.00007013,-67.9417343139648
9000000.00007014,-67.5803070068359
9000000.00007014,-67.2297744750977
9000000.00007015,-66.8917922973633
9000000.00007015,-66.5680160522461
9000000.00007016,-66.2601089477539
9000000.00007016,-65.9697189331055
9000000.00007017,-65.6985092163086
9000000.00007017,-65.448127746582
9000000.00007018,-65.2202453613281
9000000.00007018,-65.0165100097656
9000000.00007019,-64.8385772705078
9000000.00007019,-64.688102722168
9000000.0000702,-64.5643997192383
9000000.0000702,-64.4610137939453
9000000.00007021,-64.378059387207
9000000.00007021,-64.3162078857422
9000000.00007022,-64.2761383056641
9000000.00007022,-64.2585296630859
9000000.00007023,-64.2640533447266
9000000.00007023,-64.2933883666992
9000000.00007024,-64.3472061157227
9000000.00007024,-64.4261856079102
9000000.00007025,-64.531005859375
9000000.00007025,-64.6623382568359
9000000.00007026,-64.8208618164063
9000000.00007026,-65.0061340332031
9000000.00007027,-65.2052230834961
9000000.00007027,-65.4173583984375
9000000.00007028,-65.6464767456055
9000000.00007028,-65.8965225219727
9000000.00007029,-66.1714401245117
9000000.00007029,-66.4751815795898
9000000.0000703,-66.8116836547852
9000000.0000703,-67.1848983764648
9000000.00007031,-67.598762512207
9000000.00007031,-68.0572204589844
9000000.00007032,-68.5642318725586
9000000.00007032,-69.1237258911133
9000000.00007033,-69.7396545410156
9000000.00007033,-70.4773788452148
9000000.00007034,-71.3766708374023
9000000.00007034,-72.4030609130859
9000000.00007035,-73.522087097168
9000000.00007035,-74.6992721557617
9000000.00007036,-75.9001541137695
9000000.00007036,-77.0902633666992
9000000.00007037,-78.2351379394531
9000000.00007037,-79.3003082275391
9000000.00007038,-80.2513046264648
9000000.00007038,-81.0536651611328
9000000.00007039,-81.6729278564453
9000000.00007039,-82.0746078491211
9000000.00007039,-82.2361068725586
9000000.0000704,-82.1892166137695
9000000.00007041,-81.9612426757813
9000000.00007041,-81.5776519775391
9000000.00007042,-81.0639266967773
9000000.00007042,-80.4455108642578
9000000.00007043,-79.7478790283203
9000000.00007043,-78.9964981079102
9000000.00007044,-78.2168273925781
9000000.00007044,-77.434326171875
9000000.00007045,-76.6744766235352
9000000.00007045,-75.9627304077148
9000000.00007046,-75.3245544433594
9000000.00007046,-74.778076171875
9000000.00007047,-74.2468948364258
9000000.00007047,-73.7069778442383
9000000.00007048,-73.1620407104492
9000000.00007048,-72.6158065795898
9000000.00007049,-72.0719909667969
9000000.00007049,-71.5343246459961
9000000.0000705,-71.0065155029297
9000000.0000705,-70.4922943115234
9000000.00007051,-69.9953689575195
9000000.00007051,-69.5194625854492
9000000.00007052,-69.0683059692383
9000000.00007052,-68.6455993652344
9000000.00007053,-68.2550811767578
9000000.00007053,-67.8901062011719
9000000.00007054,-67.5420379638672
9000000.00007054,-67.2115859985352
9000000.00007055,-66.8994750976563
9000000.00007055,-66.6064147949219
9000000.00007056,-66.333122253418
9000000.00007056,-66.0803070068359
9000000.00007057,-65.8486785888672
9000000.00007057,-65.6389617919922
9000000.00007058,-65.4518737792969
9000000.00007058,-65.2881164550781
9000000.00007058,-65.1484069824219
9000000.00007059,-65.0334701538086
9000000.0000706,-64.9438247680664
9000000.0000706,-64.8790130615234
9000000.00007061,-64.8384094238281
9000000.00007061,-64.8214111328125
9000000.00007062,-64.8274154663086
9000000.00007062,-64.8558349609375
9000000.00007063,-64.9060668945313
9000000.00007063,-64.9775085449219
9000000.00007064,-65.0695648193359
9000000.00007064,-65.1816329956055
9000000.00007065,-65.3131103515625
9000000.00007065,-65.4634094238281
9000000.00007066,-65.6319198608398
9000000.00007066,-65.8194885253906
9000000.00007067,-66.0427780151367
9000000.00007067,-66.3025436401367
9000000.00007068,-66.5934600830078
9000000.00007068,-66.9101791381836
9000000.00007069,-67.2473678588867
9000000.00007069,-67.5997009277344
9000000.0000707,-67.9618377685547
9000000.0000707,-68.3284378051758
9000000.00007071,-68.6941680908203
9000000.00007071,-69.0536956787109
9000000.00007072,-69.4016876220703
9000000.00007072,-69.7328033447266
9000000.00007073,-70.0417098999023
9000000.00007073,-70.3491821289063
9000000.00007074,-70.6752166748047
9000000.00007074,-71.013313293457
9000000.00007075,-71.3569641113281
9000000.00007075,-71.6996765136719
9000000.00007076,-72.0349502563477
9000000.00007076,-72.3562698364258
9000000.00007077,-72.6571426391602
9000000.00007077,-72.9310684204102
9000000.00007078,-73.1715393066406
9000000.00007078,-73.3720626831055
9000000.00007079,-73.526123046875
9000000.00007079,-73.6272354125977
9000000.0000708,-73.6714324951172
9000000.0000708,-73.6655654907227
9000000.00007081,-73.6145553588867
9000000.00007081,-73.5228652954102
9000000.00007082,-73.3949584960938
9000000.00007082,-73.2353286743164
9000000.00007083,-73.0484313964844
9000000.00007083,-72.838737487793
9000000.00007084,-72.6107330322266
9000000.00007084,-72.3688735961914
9000000.00007085,-72.1176452636719
9000000.00007085,-71.8615188598633
9000000.00007086,-71.6049575805664
9000000.00007086,-71.3499221801758
9000000.00007087,-71.0685348510742
9000000.00007087,-70.7563934326172
9000000.00007088,-70.4192581176758
9000000.00007088,-70.0628662109375
9000000.00007089,-69.692985534668
9000000.00007089,-69.3153686523438
9000000.0000709,-68.9357681274414
9000000.0000709,-68.5599365234375
9000000.00007091,-68.1936416625977
9000000.00007091,-67.8426208496094
9000000.00007092,-67.5126419067383
9000000.00007092,-67.2094497680664
9000000.00007093,-66.9388122558594
9000000.00007093,-66.6900863647461
9000000.00007094,-66.4496612548828
9000000.00007094,-66.2188339233398
9000000.00007095,-65.9988784790039
9000000.00007095,-65.7910766601563
9000000.00007096,-65.5967102050781
9000000.00007096,-65.4170608520508
9000000.00007097,-65.25341796875
9000000.00007097,-65.1070556640625
9000000.00007098,-64.9792633056641
9000000.00007098,-64.8713226318359
9000000.00007099,-64.7845153808594
9000000.00007099,-64.7201309204102
9000000.000071,-64.6796798706055
9000000.000071,-64.6639022827148
9000000.00007101,-64.6712265014648
9000000.00007101,-64.6999588012695
9000000.00007102,-64.7484283447266
9000000.00007102,-64.8149566650391
9000000.00007103,-64.8978424072266
9000000.00007103,-64.9954223632813
9000000.00007104,-65.1060028076172
9000000.00007104,-65.2279052734375
9000000.00007105,-65.3594436645508
9000000.00007105,-65.4989395141602
9000000.00007106,-65.6447067260742
9000000.00007106,-65.7963256835938
9000000.00007107,-65.9680480957031
9000000.00007107,-66.1615753173828
9000000.00007108,-66.3734130859375
9000000.00007108,-66.6000747680664
9000000.00007109,-66.8380737304688
9000000.00007109,-67.0839157104492
9000000.0000711,-67.334114074707
9000000.0000711,-67.5851821899414
9000000.00007111,-67.8336181640625
9000000.00007111,-68.0759429931641
9000000.00007112,-68.3086547851563
9000000.00007112,-68.5282821655273
9000000.00007113,-68.731315612793
9000000.00007113,-68.9271697998047
9000000.00007114,-69.1260833740234
9000000.00007114,-69.3258438110352
9000000.00007115,-69.5242309570313
9000000.00007115,-69.7190475463867
9000000.00007116,-69.9080657958984
9000000.00007116,-70.0890808105469
9000000.00007117,-70.2598724365234
9000000.00007117,-70.4182281494141
9000000.00007118,-70.5619277954102
9000000.00007118,-70.6887741088867
9000000.00007119,-70.7965393066406
9000000.00007119,-70.8830184936523
9000000.0000712,-70.9472579956055
9000000.0000712,-70.9927062988281
9000000.00007121,-71.0206985473633
9000000.00007121,-71.032341003418
9000000.00007122,-71.0287322998047
9000000.00007122,-71.0109634399414
9000000.00007123,-70.9801330566406
9000000.00007123,-70.9373321533203
9000000.00007124,-70.883659362793
9000000.00007124,-70.8202056884766
9000000.00007125,-70.7480773925781
9000000.00007125,-70.6683654785156
9000000.00007126,-70.582160949707
9000000.00007126,-70.4895782470703
9000000.00007127,-70.3795318603516
9000000.00007127,-70.2508850097656
9000000.00007128,-70.1065368652344
9000000.00007128,-69.9494247436523
9000000.00007129,-69.7824554443359
9000000.00007129,-69.6085433959961
9000000.0000713,-69.4306030273438
9000000.0000713,-69.2515563964844
9000000.00007131,-69.0743179321289
9000000.00007131,-68.9018020629883
9000000.00007132,-68.7369232177734
9000000.00007132,-68.5826034545898
9000000.00007133,-68.4417572021484
9000000.00007133,-68.3070602416992
9000000.00007134,-68.1703186035156
9000000.00007134,-68.0331192016602
9000000.00007135,-67.8970565795898
9000000.00007135,-67.7637176513672
9000000.00007136,-67.6346817016602
9000000.00007136,-67.5115432739258
9000000.00007137,-67.3958969116211
9000000.00007137,-67.2893295288086
9000000.00007138,-67.1934204101563
9000000.00007138,-67.1097640991211
9000000.00007139,-67.0399551391602
9000000.00007139,-66.9855728149414
9000000.0000714,-66.9469757080078
9000000.0000714,-66.9208297729492
9000000.00007141,-66.9064025878906
9000000.00007141,-66.9032592773438
9000000.00007142,-66.9109420776367
9000000.00007142,-66.9290237426758
9000000.00007143,-66.9570465087891
9000000.00007143,-66.9945602416992
9000000.00007144,-67.0411376953125
9000000.00007144,-67.0963134765625
9000000.00007145,-67.1596527099609
9000000.00007145,-67.230712890625
9000000.00007146,-67.3090362548828
9000000.00007146,-67.3951873779297
9000000.00007147,-67.5007171630859
9000000.00007147,-67.6261978149414
9000000.00007148,-67.767936706543
9000000.00007148,-67.9222717285156
9000000.00007149,-68.0855178833008
9000000.00007149,-68.2540130615234
9000000.0000715,-68.424072265625
9000000.0000715,-68.5920181274414
9000000.00007151,-68.7541809082031
9000000.00007151,-68.9068832397461
9000000.00007152,-69.0464553833008
9000000.00007152,-69.1692199707031
9000000.00007153,-69.2714996337891
9000000.00007153,-69.3585815429688
9000000.00007154,-69.4381484985352
9000000.00007154,-69.5101089477539
9000000.00007155,-69.5743789672852
9000000.00007155,-69.630859375
9000000.00007156,-69.6794662475586
9000000.00007156,-69.7201080322266
9000000.00007157,-69.7526931762695
9000000.00007157,-69.7771301269531
9000000.00007158,-69.793327331543
9000000.00007158,-69.8012084960938
9000000.00007159,-69.8006591796875
9000000.00007159,-69.7916107177734
9000000.0000716,-69.7723846435547
9000000.0000716,-69.738639831543
9000000.00007161,-69.6917266845703
9000000.00007161,-69.6334228515625
9000000.00007162,-69.5655059814453
9000000.00007162,-69.4897613525391
9000000.00007163,-69.4079666137695
9000000.00007163,-69.321891784668
9000000.00007164,-69.2333297729492
9000000.00007164,-69.1440582275391
9000000.00007165,-69.0558395385742
9000000.00007165,-68.9704742431641
9000000.00007166,-68.8897323608398
9000000.00007166,-68.8148345947266
9000000.00007167,-68.7398834228516
9000000.00007167,-68.6631851196289
9000000.00007168,-68.585205078125
9000000.00007168,-68.5063934326172
9000000.00007169,-68.4272232055664
9000000.00007169,-68.3481292724609
9000000.0000717,-68.2695922851563
9000000.0000717,-68.1920471191406
9000000.00007171,-68.1159744262695
9000000.00007171,-68.0418167114258
9000000.00007172,-67.9700317382813
9000000.00007172,-67.9010848999023
9000000.00007173,-67.8354339599609
9000000.00007173,-67.7703552246094
9000000.00007174,-67.703498840332
9000000.00007174,-67.6358947753906
9000000.00007175,-67.5685424804688
9000000.00007175,-67.5024566650391
9000000.00007176,-67.4386444091797
9000000.00007176,-67.3781204223633
9000000.00007177,-67.321907043457
9000000.00007177,-67.2710037231445
9000000.00007178,-67.2264251708984
9000000.00007178,-67.1891784667969
9000000.00007179,-67.1602935791016
9000000.00007179,-67.1407623291016
9000000.0000718,-67.1281890869141
9000000.0000718,-67.113166809082
9000000.00007181,-67.0973510742188
9000000.00007181,-67.083251953125
9000000.00007182,-67.0734100341797
9000000.00007182,-67.0703353881836
9000000.00007183,-67.0765609741211
9000000.00007183,-67.0946197509766
9000000.00007184,-67.1270217895508
9000000.00007184,-67.1763000488281
9000000.00007185,-67.2449798583984
9000000.00007185,-67.3355941772461
9000000.00007186,-67.4506530761719
9000000.00007186,-67.5908126831055
9000000.00007187,-67.7349319458008
9000000.00007187,-67.8804550170898
9000000.00007188,-68.0325393676758
9000000.00007188,-68.1963272094727
9000000.00007189,-68.3769836425781
9000000.00007189,-68.5796585083008
9000000.0000719,-68.8095092773438
9000000.0000719,-69.0716781616211
9000000.00007191,-69.371337890625
9000000.00007191,-69.713623046875
9000000.00007192,-70.1036987304688
9000000.00007192,-70.5467224121094
9000000.00007193,-71.0478363037109
9000000.00007193,-71.6668243408203
9000000.00007194,-72.4383239746094
9000000.00007194,-73.3297576904297
9000000.00007195,-74.3085708618164
9000000.00007195,-75.3422012329102
9000000.00007196,-76.3980865478516
9000000.00007196,-77.4436645507813
9000000.00007197,-78.4463653564453
9000000.00007197,-79.3736343383789
9000000.00007198,-80.1929092407227
9000000.00007198,-80.8716125488281
9000000.00007199,-81.3772048950195
9000000.00007199,-81.6771011352539
9000000.000072,-81.7487182617188
9000000.000072,-81.6186981201172
9000000.00007201,-81.313835144043
9000000.00007201,-80.8594970703125
9000000.00007202,-80.2810440063477
9000000.00007202,-79.6038436889648
9000000.00007203,-78.8532791137695
9000000.00007203,-78.0547027587891
9000000.00007204,-77.2334899902344
9000000.00007204,-76.4150009155273
9000000.00007205,-75.6246185302734
9000000.00007205,-74.8876953125
9000000.00007206,-74.2296142578125
9000000.00007206,-73.6686859130859
9000000.00007207,-73.1320266723633
9000000.00007207,-72.5957260131836
9000000.00007208,-72.0623626708984
9000000.00007208,-71.5345077514648
9000000.00007209,-71.0147323608398
9000000.00007209,-70.5056076049805
9000000.0000721,-70.0097198486328
9000000.0000721,-69.5296249389648
9000000.00007211,-69.0679016113281
9000000.00007211,-68.6271286010742
9000000.00007212,-68.2098693847656
9000000.00007212,-67.8187026977539
9000000.00007213,-67.4562072753906
9000000.00007213,-67.1181488037109
9000000.00007214,-66.7988052368164
9000000.00007214,-66.4985046386719
9000000.00007215,-66.2175445556641
9000000.00007215,-65.9562454223633
9000000.00007216,-65.7149276733398
9000000.00007216,-65.4939041137695
9000000.00007217,-65.2934799194336
9000000.00007217,-65.1139755249023
9000000.00007218,-64.9557113647461
9000000.00007218,-64.8189926147461
9000000.00007219,-64.7041320800781
9000000.00007219,-64.6114501953125
9000000.0000722,-64.5410614013672
9000000.0000722,-64.4924163818359
9000000.00007221,-64.46533203125
9000000.00007221,-64.4596786499023
9000000.00007222,-64.4753341674805
9000000.00007222,-64.5121536254883
9000000.00007223,-64.5700149536133
9000000.00007223,-64.6487808227539
9000000.00007224,-64.7483215332031
9000000.00007224,-64.8685073852539
9000000.00007225,-65.0091934204102
9000000.00007225,-65.1702651977539
9000000.00007226,-65.3515777587891
9000000.00007226,-65.5541534423828
9000000.00007227,-65.7915115356445
9000000.00007227,-66.0639419555664
9000000.00007228,-66.3667907714844
9000000.00007228,-66.6954193115234
9000000.00007229,-67.0451812744141
9000000.00007229,-67.4114227294922
9000000.0000723,-67.7894897460938
9000000.0000723,-68.1747436523438
9000000.00007231,-68.5625381469727
9000000.00007231,-68.9482192993164
9000000.00007232,-69.3271484375
9000000.00007232,-69.6946563720703
9000000.00007233,-70.0461196899414
9000000.00007233,-70.4035491943359
9000000.00007234,-70.7870101928711
9000000.00007234,-71.1889343261719
9000000.00007235,-71.6017608642578
9000000.00007235,-72.0178985595703
9000000.00007236,-72.4297866821289
9000000.00007236,-72.8298492431641
9000000.00007237,-73.2105178833008
9000000.00007237,-73.564208984375
9000000.00007238,-73.8833694458008
9000000.00007238,-74.1604080200195
9000000.00007239,-74.3877639770508
9000000.00007239,-74.5578536987305
9000000.0000724,-74.6664352416992
9000000.0000724,-74.7224426269531
9000000.00007241,-74.7313232421875
9000000.00007241,-74.6978988647461
9000000.00007242,-74.6270217895508
9000000.00007242,-74.5235137939453
9000000.00007243,-74.3922119140625
9000000.00007243,-74.2379608154297
9000000.00007244,-74.0655899047852
9000000.00007244,-73.8799362182617
9000000.00007245,-73.6858367919922
9000000.00007245,-73.4881286621094
9000000.00007246,-73.2916412353516
9000000.00007246,-73.0988159179688
9000000.00007247,-72.8832397460938
9000000.00007247,-72.6401977539063
9000000.00007248,-72.3745880126953
9000000.00007248,-72.0913238525391
9000000.00007249,-71.7953109741211
9000000.00007249,-71.4914474487305
9000000.0000725,-71.1846389770508
9000000.0000725,-70.8797912597656
9000000.00007251,-70.5818176269531
9000000.00007251,-70.2956085205078
9000000.00007252,-70.0260696411133
9000000.00007252,-69.7781219482422
9000000.00007253,-69.5566558837891
9000000.00007253,-69.3512573242188
9000000.00007254,-69.1494216918945
9000000.00007254,-68.9528884887695
9000000.00007255,-68.763427734375
9000000.00007255,-68.5827713012695
9000000.00007256,-68.4126815795898
9000000.00007256,-68.2549057006836
9000000.00007257,-68.111198425293
9000000.00007257,-67.9833068847656
9000000.00007258,-67.8729858398438
9000000.00007258,-67.7819900512695
9000000.00007259,-67.7120666503906
9000000.00007259,-67.6649627685547
9000000.0000726,-67.6386108398438
9000000.0000726,-67.6225128173828
9000000.00007261,-67.6178512573242
9000000.00007261,-67.6267547607422
9000000.00007262,-67.6513671875
9000000.00007262,-67.6938323974609
9000000.00007263,-67.7562866210938
9000000.00007263,-67.8408737182617
9000000.00007264,-67.9497375488281
9000000.00007264,-68.0850067138672
9000000.00007265,-68.2488327026367
9000000.00007265,-68.4433441162109
9000000.00007266,-68.6706924438477
9000000.00007266,-68.9337692260742
9000000.00007267,-69.242301940918
9000000.00007267,-69.5944747924805
9000000.00007268,-69.9849014282227
9000000.00007268,-70.408203125
9000000.00007269,-70.8589859008789
9000000.00007269,-71.3318786621094
9000000.0000727,-71.8214797973633
9000000.0000727,-72.3224105834961
9000000.00007271,-72.8292846679688
9000000.00007271,-73.3367156982422
9000000.00007272,-73.8393249511719
9000000.00007272,-74.3317184448242
9000000.00007273,-74.8085098266602
9000000.00007273,-75.3103637695313
9000000.00007274,-75.8707580566406
9000000.00007274,-76.4735565185547
9000000.00007275,-77.1026229858398
9000000.00007275,-77.7418212890625
9000000.00007276,-78.3749923706055
9000000.00007276,-78.9860153198242
9000000.00007277,-79.5587463378906
9000000.00007277,-80.077033996582
9000000.00007278,-80.5247497558594
9000000.00007278,-80.8857574462891
9000000.00007279,-81.1438980102539
9000000.00007279,-81.2830505371094
9000000.0000728,-81.286979675293
9000000.0000728,-81.1550140380859
9000000.00007281,-80.9044494628906
9000000.00007281,-80.5532150268555
9000000.00007282,-80.1192474365234
9000000.00007282,-79.6204833984375
9000000.00007283,-79.0748596191406
9000000.00007283,-78.5003128051758
9000000.00007284,-77.9147796630859
9000000.00007284,-77.3361968994141
9000000.00007285,-76.7824935913086
9000000.00007285,-76.271614074707
9000000.00007286,-75.8214950561523
9000000.00007286,-75.4456253051758
9000000.00007287,-75.0987930297852
9000000.00007287,-74.7641830444336
9000000.00007288,-74.4413757324219
9000000.00007288,-74.1299743652344
9000000.00007289,-73.8295440673828
9000000.00007289,-73.539680480957
9000000.0000729,-73.2599716186523
9000000.0000729,-72.9900054931641
9000000.00007291,-72.729362487793
9000000.00007291,-72.4776229858398
9000000.00007292,-72.2343902587891
9000000.00007292,-71.9992370605469
9000000.00007293,-71.7717514038086
9000000.00007293,-71.5551834106445
9000000.00007294,-71.3521881103516
9000000.00007294,-71.1614685058594
9000000.00007295,-70.9817199707031
9000000.00007295,-70.8116455078125
9000000.00007296,-70.6499481201172
9000000.00007296,-70.4953155517578
9000000.00007297,-70.3464584350586
9000000.00007297,-70.2020721435547
9000000.00007298,-70.0608520507813
9000000.00007298,-69.9215087890625
9000000.00007299,-69.7827301025391
9000000.00007299,-69.6432266235352
9000000.000073,-69.4998626708984
9000000.000073,-69.3475799560547
9000000.00007301,-69.189208984375
9000000.00007301,-69.0281372070313
9000000.00007302,-68.8677520751953
9000000.00007302,-68.71142578125
9000000.00007303,-68.5625610351563
9000000.00007303,-68.4245223999023
9000000.00007304,-68.3007125854492
9000000.00007304,-68.1944961547852
9000000.00007305,-68.1092758178711
9000000.00007305,-68.0484237670898
9000000.00007306,-68.0153198242188
9000000.00007306,-68.0109176635742
9000000.00007307,-68.0077209472656
9000000.00007307,-68.0023193359375
9000000.00007308,-68.0013275146484
9000000.00007308,-68.011344909668
9000000.00007309,-68.0389785766602
9000000.00007309,-68.0908432006836
9000000.0000731,-68.1735534667969
9000000.0000731,-68.293701171875
9000000.00007311,-68.4579086303711
9000000.00007311,-68.6727828979492
9000000.00007312,-68.9449234008789
9000000.00007312,-69.2809524536133
9000000.00007313,-69.6874694824219
9000000.00007313,-70.211051940918
9000000.00007314,-70.8757858276367
9000000.00007314,-71.654541015625
9000000.00007315,-72.5201950073242
9000000.00007315,-73.4456405639648
9000000.00007316,-74.4037399291992
9000000.00007316,-75.3673782348633
9000000.00007317,-76.3094329833984
9000000.00007317,-77.2027740478516
9000000.00007318,-78.0202941894531
9000000.00007318,-78.7348556518555
9000000.00007319,-79.3193359375
9000000.00007319,-79.7466278076172
9000000.0000732,-80.0051422119141
9000000.0000732,-80.1370239257813
9000000.00007321,-80.1588363647461
9000000.00007321,-80.0839767456055
9000000.00007322,-79.9258728027344
9000000.00007322,-79.6979370117188
9000000.00007323,-79.41357421875
9000000.00007323,-79.0862045288086
9000000.00007324,-78.7292404174805
9000000.00007324,-78.3560943603516
9000000.00007325,-77.9801864624023
9000000.00007325,-77.6149139404297
9000000.00007326,-77.2737121582031
9000000.00007326,-76.9652252197266
9000000.00007327,-76.6387023925781
9000000.00007327,-76.2813491821289
9000000.00007328,-75.8988342285156
9000000.00007328,-75.496826171875
9000000.00007329,-75.0809783935547
9000000.00007329,-74.656982421875
9000000.0000733,-74.2304763793945
9000000.0000733,-73.8071517944336
9000000.00007331,-73.3926544189453
9000000.00007331,-72.9926681518555
9000000.00007332,-72.6128463745117
9000000.00007332,-72.2588577270508
9000000.00007333,-71.9363784790039
9000000.00007333,-71.6365509033203
9000000.00007334,-71.3470687866211
9000000.00007334,-71.0684127807617
9000000.00007335,-70.8010559082031
9000000.00007335,-70.5454635620117
9000000.00007336,-70.302131652832
9000000.00007336,-70.0715179443359
9000000.00007337,-69.8541030883789
9000000.00007337,-69.6503601074219
9000000.00007338,-69.4607696533203
9000000.00007338,-69.2858047485352
9000000.00007339,-69.1259460449219
9000000.00007339,-68.9816513061523
9000000.0000734,-68.8505020141602
9000000.0000734,-68.7244567871094
9000000.00007341,-68.605339050293
9000000.00007341,-68.4957275390625
9000000.00007342,-68.3982009887695
9000000.00007342,-68.3153533935547
9000000.00007343,-68.2497482299805
9000000.00007343,-68.203987121582
9000000.00007344,-68.1806411743164
9000000.00007344,-68.1822891235352
9000000.00007345,-68.2115249633789
9000000.00007345,-68.2709197998047
9000000.00007346,-68.3630599975586
9000000.00007346,-68.4915542602539
9000000.00007347,-68.6694259643555
9000000.00007347,-68.8945159912109
9000000.00007348,-69.1598587036133
9000000.00007348,-69.4585113525391
9000000.00007349,-69.7835083007813
9000000.00007349,-70.1278915405273
9000000.0000735,-70.4847106933594
9000000.0000735,-70.8470001220703
9000000.00007351,-71.2078170776367
9000000.00007351,-71.5601959228516
9000000.00007352,-71.8971786499023
9000000.00007352,-72.2118072509766
9000000.00007353,-72.4971313476563
9000000.00007353,-72.7847366333008
9000000.00007354,-73.1037368774414
9000000.00007354,-73.4434661865234
9000000.00007355,-73.7932510375977
9000000.00007355,-74.1424331665039
9000000.00007356,-74.4803466796875
9000000.00007356,-74.7963180541992
9000000.00007357,-75.0796890258789
9000000.00007357,-75.3197937011719
9000000.00007358,-75.5059585571289
9000000.00007358,-75.6275253295898
9000000.00007359,-75.6738204956055
9000000.00007359,-75.6341857910156
9000000.0000736,-75.4963226318359
9000000.0000736,-75.255485534668
9000000.00007361,-74.9243316650391
9000000.00007361,-74.5163803100586
9000000.00007362,-74.0451736450195
9000000.00007362,-73.5242156982422
9000000.00007363,-72.9670333862305
9000000.00007363,-72.3871536254883
9000000.00007364,-71.798095703125
9000000.00007364,-71.2133865356445
9000000.00007365,-70.6465377807617
9000000.00007365,-70.111083984375
9000000.00007366,-69.6205444335938
9000000.00007366,-69.1845703125
9000000.00007367,-68.7629470825195
9000000.00007367,-68.342903137207
9000000.00007368,-67.9263076782227
9000000.00007368,-67.5149993896484
9000000.00007369,-67.11083984375
9000000.00007369,-66.7156677246094
9000000.0000737,-66.3313522338867
9000000.0000737,-65.9597396850586
9000000.00007371,-65.6026763916016
9000000.00007371,-65.2620162963867
9000000.00007372,-64.9396057128906
9000000.00007372,-64.6373138427734
9000000.00007373,-64.3569793701172
9000000.00007373,-64.0951919555664
9000000.00007374,-63.8475761413574
9000000.00007374,-63.6145477294922
9000000.00007375,-63.3965072631836
9000000.00007375,-63.1938705444336
9000000.00007376,-63.0070381164551
9000000.00007376,-62.8364219665527
9000000.00007377,-62.6824340820313
9000000.00007377,-62.5454750061035
9000000.00007378,-62.4259605407715
9000000.00007378,-62.3242950439453
9000000.00007379,-62.2408866882324
9000000.00007379,-62.1761436462402
9000000.0000738,-62.1303901672363
9000000.0000738,-62.1034049987793
9000000.00007381,-62.0948181152344
9000000.00007381,-62.1042671203613
9000000.00007382,-62.1313972473145
9000000.00007382,-62.175838470459
9000000.00007383,-62.2372360229492
9000000.00007383,-62.3152275085449
9000000.00007384,-62.4094505310059
9000000.00007384,-62.5195503234863
9000000.00007385,-62.6451568603516
9000000.00007385,-62.7859153747559
9000000.00007386,-62.941463470459
9000000.00007386,-63.112361907959
9000000.00007387,-63.309326171875
9000000.00007387,-63.5328178405762
9000000.00007388,-63.7793922424316
9000000.00007388,-64.0455932617188
9000000.00007389,-64.3279647827148
9000000.00007389,-64.6230697631836
9000000.0000739,-64.9274368286133
9000000.0000739,-65.2376327514648
9000000.00007391,-65.5501861572266
9000000.00007391,-65.8616638183594
9000000.00007392,-66.1686096191406
9000000.00007392,-66.4675598144531
9000000.00007393,-66.7550735473633
9000000.00007393,-67.0456237792969
9000000.00007394,-67.3528366088867
9000000.00007394,-67.672004699707
9000000.00007395,-67.998420715332
9000000.00007395,-68.3273849487305
9000000.00007396,-68.654182434082
9000000.00007396,-68.9741134643555
9000000.00007397,-69.2824554443359
9000000.00007397,-69.5745162963867
9000000.00007398,-69.8455810546875
9000000.00007398,-70.0909423828125
9000000.00007399,-70.3058929443359
9000000.00007399,-70.4857330322266
9000000.000074,-70.6287994384766
9000000.000074,-70.7434234619141
9000000.00007401,-70.8321838378906
9000000.00007401,-70.8970184326172
9000000.00007402,-70.9398803710938
9000000.00007402,-70.9626922607422
9000000.00007403,-70.9674072265625
9000000.00007403,-70.9559707641602
9000000.00007404,-70.9303131103516
9000000.00007404,-70.8923797607422
9000000.00007405,-70.844108581543
9000000.00007405,-70.7874450683594
9000000.00007406,-70.7243347167969
9000000.00007406,-70.6554565429688
9000000.00007407,-70.5668182373047
9000000.00007407,-70.4564743041992
9000000.00007408,-70.3275985717773
9000000.00007408,-70.183349609375
9000000.00007409,-70.0269088745117
9000000.00007409,-69.861442565918
9000000.0000741,-69.6901168823242
9000000.0000741,-69.5161056518555
9000000.00007411,-69.3425750732422
9000000.00007411,-69.1726913452148
9000000.00007412,-69.0096206665039
9000000.00007412,-68.8565444946289
9000000.00007413,-68.7166213989258
9000000.00007413,-68.5812911987305
9000000.00007414,-68.4412307739258
9000000.00007414,-68.2984619140625
9000000.00007415,-68.1550140380859
9000000.00007415,-68.0129089355469
9000000.00007416,-67.8741607666016
9000000.00007416,-67.7408065795898
9000000.00007417,-67.6148681640625
9000000.00007417,-67.4983673095703
9000000.00007418,-67.3933181762695
9000000.00007418,-67.3017654418945
9000000.00007419,-67.225715637207
9000000.00007419,-67.1671981811523
9000000.0000742,-67.1240310668945
9000000.0000742,-67.0846710205078
9000000.00007421,-67.0503005981445
9000000.00007421,-67.0231704711914
9000000.00007422,-67.0055313110352
9000000.00007422,-66.9996337890625
9000000.00007423,-67.0077056884766
9000000.00007423,-67.0320205688477
9000000.00007424,-67.0748062133789
9000000.00007424,-67.138313293457
9000000.00007425,-67.2248001098633
9000000.00007425,-67.3365020751953
9000000.00007426,-67.4756698608398
9000000.00007426,-67.6420822143555
9000000.00007427,-67.8075103759766
9000000.00007427,-67.9695587158203
9000000.00007428,-68.1361312866211
9000000.00007428,-68.3151397705078
9000000.00007429,-68.5144958496094
9000000.00007429,-68.7421035766602
9000000.0000743,-69.0058746337891
9000000.0000743,-69.313720703125
9000000.00007431,-69.6735534667969
9000000.00007431,-70.0932693481445
9000000.00007432,-70.5807876586914
9000000.00007432,-71.1440124511719
9000000.00007433,-71.7908630371094
9000000.00007433,-72.5939025878906
9000000.00007434,-73.5933380126953
9000000.00007434,-74.7485198974609
9000000.00007435,-76.018798828125
9000000.00007435,-77.3635177612305
9000000.00007436,-78.7420272827148
9000000.00007436,-80.1136779785156
9000000.00007437,-81.4378204345703
9000000.00007437,-82.6737976074219
9000000.00007438,-83.7809600830078
9000000.00007438,-84.7186584472656
9000000.00007439,-85.4462356567383
9000000.00007439,-85.9230422973633
9000000.0000744,-86.1217422485352
9000000.0000744,-86.0779571533203
9000000.00007441,-85.8244476318359
9000000.00007441,-85.391975402832
9000000.00007442,-84.811279296875
9000000.00007442,-84.1131286621094
9000000.00007443,-83.3282623291016
9000000.00007443,-82.487434387207
9000000.00007444,-81.6214065551758
9000000.00007444,-80.7609252929688
9000000.00007445,-79.9367446899414
9000000.00007445,-79.1796112060547
9000000.00007446,-78.5202941894531
9000000.00007446,-77.9819564819336
9000000.00007447,-77.4875946044922
9000000.00007447,-77.0083770751953
9000000.00007448,-76.5434188842773
9000000.00007448,-76.0918273925781
9000000.00007449,-75.6527252197266
9000000.00007449,-75.2252044677734
9000000.0000745,-74.8083877563477
9000000.0000745,-74.4013824462891
9000000.00007451,-74.003303527832
9000000.00007451,-73.6132583618164
9000000.00007452,-73.2303619384766
9000000.00007452,-72.8537139892578
9000000.00007453,-72.4824371337891
9000000.00007453,-72.1158218383789
9000000.00007454,-71.7543792724609
9000000.00007454,-71.3990707397461
9000000.00007455,-71.0508270263672
9000000.00007455,-70.7105941772461
9000000.00007456,-70.3793106079102
9000000.00007456,-70.0579223632813
9000000.00007457,-69.7473754882813
9000000.00007457,-69.448616027832
9000000.00007458,-69.1625747680664
9000000.00007458,-68.8902130126953
9000000.00007459,-68.632453918457
9000000.00007459,-68.390251159668
9000000.0000746,-68.1615829467773
9000000.0000746,-67.9382705688477
9000000.00007461,-67.7216720581055
9000000.00007461,-67.5139236450195
9000000.00007462,-67.3171463012695
9000000.00007462,-67.1334609985352
9000000.00007463,-66.9649887084961
9000000.00007463,-66.8138656616211
9000000.00007464,-66.6822052001953
9000000.00007464,-66.572135925293
9000000.00007465,-66.4857788085938
9000000.00007465,-66.4252700805664
9000000.00007466,-66.3927230834961
9000000.00007466,-66.3865585327148
9000000.00007467,-66.3640670776367
9000000.00007467,-66.3227615356445
9000000.00007468,-66.2757873535156
9000000.00007468,-66.2362747192383
9000000.00007469,-66.2173690795898
9000000.00007469,-66.2322006225586
9000000.0000747,-66.2939147949219
9000000.0000747,-66.415641784668
9000000.00007471,-66.6105346679688
9000000.00007471,-66.891716003418
9000000.00007472,-67.2723388671875
9000000.00007472,-67.7655258178711
9000000.00007473,-68.3844299316406
9000000.00007473,-69.219482421875
9000000.00007474,-70.3171234130859
9000000.00007474,-71.6244735717773
9000000.00007475,-73.0886611938477
9000000.00007475,-74.6568069458008
9000000.00007476,-76.2760238647461
9000000.00007476,-77.8934555053711
9000000.00007477,-79.4562072753906
9000000.00007477,-80.9114074707031
9000000.00007478,-82.2061920166016
9000000.00007478,-83.2876663208008
9000000.00007479,-84.1029663085938
9000000.00007479,-84.5992126464844
9000000.0000748,-84.7412261962891
9000000.0000748,-84.5764846801758
9000000.00007481,-84.1472702026367
9000000.00007481,-83.4931564331055
9000000.00007482,-82.6537094116211
9000000.00007482,-81.6685028076172
9000000.00007483,-80.5771179199219
9000000.00007483,-79.4191207885742
9000000.00007484,-78.2340850830078
9000000.00007484,-77.0615768432617
9000000.00007485,-75.9411849975586
9000000.00007485,-74.9124603271484
9000000.00007486,-74.0149917602539
9000000.00007486,-73.2781753540039
9000000.00007487,-72.5977401733398
9000000.00007487,-71.9365539550781
9000000.00007488,-71.2952728271484
9000000.00007488,-70.6745681762695
9000000.00007489,-70.0751266479492
9000000.00007489,-69.4976043701172
9000000.0000749,-68.9426727294922
9000000.0000749,-68.4110107421875
9000000.00007491,-67.9032974243164
9000000.00007491,-67.4201812744141
9000000.00007492,-66.9623565673828
9000000.00007492,-66.5304794311523
9000000.00007493,-66.1252365112305
9000000.00007493,-65.7473297119141
9000000.00007494,-65.3965148925781
9000000.00007494,-65.0719757080078
9000000.00007495,-64.7729110717773
9000000.00007495,-64.4985122680664
9000000.00007496,-64.2479858398438
9000000.00007496,-64.0205154418945
9000000.00007497,-63.815299987793
9000000.00007497,-63.6315383911133
9000000.00007498,-63.4684219360352
9000000.00007498,-63.3251495361328
9000000.00007499,-63.2009124755859
9000000.00007499,-63.0949096679688
9000000.000075,-63.0079574584961
9000000.000075,-62.9444999694824
9000000.00007501,-62.9041061401367
9000000.00007501,-62.8859405517578
9000000.00007502,-62.8891639709473
9000000.00007502,-62.9129333496094
9000000.00007503,-62.9564170837402
9000000.00007503,-63.0187759399414
9000000.00007504,-63.0991668701172
9000000.00007504,-63.1967582702637
9000000.00007505,-63.3107109069824
9000000.00007505,-63.4401817321777
9000000.00007506,-63.5843353271484
9000000.00007506,-63.7434425354004
9000000.00007507,-63.9301414489746
9000000.00007507,-64.1453628540039
9000000.00007508,-64.3854064941406
9000000.00007508,-64.6465682983398
9000000.00007509,-64.9251556396484
9000000.00007509,-65.2174606323242
9000000.0000751,-65.5197982788086
9000000.0000751,-65.8284530639648
9000000.00007511,-66.1397399902344
9000000.00007511,-66.449951171875
9000000.00007512,-66.7553863525391
9000000.00007512,-67.0523529052734
9000000.00007513,-67.3371429443359
9000000.00007513,-67.6282653808594
9000000.00007514,-67.9423522949219
9000000.00007514,-68.2729034423828
9000000.00007515,-68.613410949707
9000000.00007515,-68.9573745727539
9000000.00007516,-69.2983016967773
9000000.00007516,-69.6296844482422
9000000.00007517,-69.9450302124023
9000000.00007517,-70.2378234863281
9000000.00007518,-70.501579284668
9000000.00007518,-70.7297897338867
9000000.00007519,-70.9159469604492
9000000.00007519,-71.0535659790039
9000000.0000752,-71.1395263671875
9000000.0000752,-71.1830215454102
9000000.00007521,-71.1882858276367
9000000.00007521,-71.1588897705078
9000000.00007522,-71.098388671875
9000000.00007522,-71.0103607177734
9000000.00007523,-70.8983688354492
9000000.00007523,-70.7659912109375
9000000.00007524,-70.6167831420898
9000000.00007524,-70.4543151855469
9000000.00007525,-70.2821655273438
9000000.00007525,-70.103889465332
9000000.00007526,-69.9230651855469
9000000.00007526,-69.7411193847656
9000000.00007527,-69.5344009399414
9000000.00007527,-69.2993621826172
9000000.00007528,-69.0411071777344
9000000.00007528,-68.7647247314453
9000000.00007529,-68.4753112792969
9000000.00007529,-68.1779556274414
9000000.0000753,-67.8777694702148
9000000.0000753,-67.5798416137695
9000000.00007531,-67.2892608642578
9000000.00007531,-67.0111236572266
9000000.00007532,-66.7505340576172
9000000.00007532,-66.5125732421875
9000000.00007533,-66.3023529052734
9000000.00007533,-66.1097946166992
9000000.00007534,-65.9224090576172
9000000.00007534,-65.7416534423828
9000000.00007535,-65.568977355957
9000000.00007535,-65.4058303833008
9000000.00007536,-65.2536773681641
9000000.00007536,-65.1139678955078
9000000.00007537,-64.988166809082
9000000.00007537,-64.8777084350586
9000000.00007538,-64.784065246582
9000000.00007538,-64.7086868286133
9000000.00007539,-64.6530227661133
9000000.00007539,-64.618537902832
9000000.0000754,-64.6066665649414
9000000.0000754,-64.6174163818359
9000000.00007541,-64.6492309570313
9000000.00007541,-64.7005386352539
9000000.00007542,-64.7697296142578
9000000.00007542,-64.8552169799805
9000000.00007543,-64.9553985595703
9000000.00007543,-65.0686874389648
9000000.00007544,-65.193489074707
9000000.00007544,-65.3282012939453
9000000.00007545,-65.4712371826172
9000000.00007545,-65.6210021972656
9000000.00007546,-65.7759017944336
9000000.00007546,-65.935546875
9000000.00007547,-66.1134338378906
9000000.00007547,-66.3111877441406
9000000.00007548,-66.5254898071289
9000000.00007548,-66.753044128418
9000000.00007549,-66.9905242919922
9000000.00007549,-67.2346267700195
9000000.0000755,-67.4820251464844
9000000.0000755,-67.7294235229492
9000000.00007551,-67.973503112793
9000000.00007551,-68.2109527587891
9000000.00007552,-68.4384536743164
9000000.00007552,-68.652702331543
9000000.00007553,-68.8503799438477
9000000.00007553,-69.0377807617188
9000000.00007554,-69.2228622436523
9000000.00007554,-69.4047927856445
9000000.00007555,-69.5827560424805
9000000.00007555,-69.7559280395508
9000000.00007556,-69.9234771728516
9000000.00007556,-70.084587097168
9000000.00007557,-70.2384414672852
9000000.00007557,-70.3842010498047
9000000.00007558,-70.5210571289063
9000000.00007558,-70.6481781005859
9000000.00007559,-70.7647399902344
9000000.00007559,-70.8699264526367
9000000.0000756,-70.9616394042969
9000000.0000756,-71.0363388061523
9000000.00007561,-71.0959243774414
9000000.00007561,-71.1426620483398
9000000.00007562,-71.1788177490234
9000000.00007562,-71.206657409668
9000000.00007563,-71.2284469604492
9000000.00007563,-71.246467590332
9000000.00007564,-71.2629699707031
9000000.00007564,-71.2802276611328
9000000.00007565,-71.3005142211914
9000000.00007565,-71.3260955810547
9000000.00007566,-71.3592300415039
9000000.00007566,-71.4022598266602
9000000.00007567,-71.4568023681641
9000000.00007567,-71.5208206176758
9000000.00007568,-71.591682434082
9000000.00007568,-71.666748046875
9000000.00007569,-71.7433624267578
9000000.00007569,-71.8188858032227
9000000.0000757,-71.8906784057617
9000000.0000757,-71.9561004638672
9000000.00007571,-72.0125045776367
9000000.00007571,-72.057258605957
9000000.00007572,-72.0876998901367
9000000.00007572,-72.101203918457
9000000.00007573,-72.0951232910156
9000000.00007573,-72.072509765625
9000000.00007574,-72.0383911132813
9000000.00007574,-71.9930648803711
9000000.00007575,-71.9368209838867
9000000.00007575,-71.8699569702148
9000000.00007576,-71.7927780151367
9000000.00007576,-71.7055740356445
9000000.00007577,-71.6086578369141
9000000.00007577,-71.5023040771484
9000000.00007578,-71.3868255615234
9000000.00007578,-71.2625198364258
9000000.00007579,-71.1296844482422
9000000.00007579,-70.9886093139648
9000000.0000758,-70.8343276977539
9000000.0000758,-70.6523208618164
9000000.00007581,-70.4464797973633
9000000.00007581,-70.2220764160156
9000000.00007582,-69.9843978881836
9000000.00007582,-69.7387313842773
9000000.00007583,-69.4903717041016
9000000.00007583,-69.2445907592773
9000000.00007584,-69.0066909790039
9000000.00007584,-68.7819366455078
9000000.00007585,-68.5756378173828
9000000.00007585,-68.3930587768555
9000000.00007586,-68.239501953125
9000000.00007586,-68.1191329956055
9000000.00007587,-68.0208969116211
9000000.00007587,-67.9398727416992
9000000.00007588,-67.875129699707
9000000.00007588,-67.8257446289063
9000000.00007589,-67.7908020019531
9000000.00007589,-67.7693634033203
9000000.0000759,-67.7605133056641
9000000.0000759,-67.7633285522461
9000000.00007591,-67.7768707275391
9000000.00007591,-67.8002319335938
9000000.00007592,-67.8324813842773
9000000.00007592,-67.8726959228516
9000000.00007593,-67.9199523925781
9000000.00007593,-67.9856643676758
9000000.00007594,-68.0785980224609
9000000.00007594,-68.1938095092773
9000000.00007595,-68.3263778686523
9000000.00007595,-68.4713592529297
9000000.00007596,-68.6238250732422
9000000.00007596,-68.7788314819336
9000000.00007597,-68.9314651489258
9000000.00007597,-69.076774597168
9000000.00007598,-69.209831237793
9000000.00007598,-69.3257064819336
9000000.00007599,-69.4194564819336
9000000.00007599,-69.4861602783203
9000000.000076,-69.5259017944336
9000000.000076,-69.5523834228516
9000000.00007601,-69.5668792724609
9000000.00007601,-69.5694961547852
9000000.00007602,-69.5603256225586
9000000.00007602,-69.5394744873047
9000000.00007603,-69.5070419311523
9000000.00007603,-69.4631423950195
9000000.00007604,-69.4078598022461
9000000.00007604,-69.34130859375
9000000.00007605,-69.2635879516602
9000000.00007605,-69.1748046875
9000000.00007606,-69.0750503540039
9000000.00007606,-68.9635238647461
9000000.00007607,-68.8294372558594
9000000.00007607,-68.6725769042969
9000000.00007608,-68.4966354370117
9000000.00007608,-68.3053207397461
9000000.00007609,-68.1023559570313
9000000.00007609,-67.8914337158203
9000000.0000761,-67.6762619018555
9000000.0000761,-67.4605560302734
9000000.00007611,-67.2480239868164
9000000.00007611,-67.042366027832
9000000.00007612,-66.8472900390625
9000000.00007612,-66.66650390625
9000000.00007613,-66.5037231445313
9000000.00007613,-66.3494110107422
9000000.00007614,-66.1929779052734
9000000.00007614,-66.0365676879883
9000000.00007615,-65.8822937011719
9000000.00007615,-65.7323150634766
9000000.00007616,-65.588737487793
9000000.00007616,-65.4537200927734
9000000.00007617,-65.3293762207031
9000000.00007617,-65.2178421020508
9000000.00007618,-65.1212615966797
9000000.00007618,-65.0417556762695
9000000.00007619,-64.9814605712891
9000000.00007619,-64.9425048828125
9000000.0000762,-64.9241256713867
9000000.0000762,-64.9183654785156
9000000.00007621,-64.9252471923828
9000000.00007621,-64.9455261230469
9000000.00007622,-64.9799346923828
9000000.00007622,-65.0292205810547
9000000.00007623,-65.0941162109375
9000000.00007623,-65.1753692626953
9000000.00007624,-65.2737197875977
9000000.00007624,-65.3899002075195
9000000.00007625,-65.524658203125
9000000.00007625,-65.6787261962891
9000000.00007626,-65.8528594970703
9000000.00007626,-66.0459365844727
9000000.00007627,-66.2365112304688
9000000.00007627,-66.4236373901367
9000000.00007628,-66.6142044067383
9000000.00007628,-66.8151092529297
9000000.00007629,-67.0332489013672
9000000.00007629,-67.2755126953125
9000000.0000763,-67.5488052368164
9000000.0000763,-67.8600158691406
9000000.00007631,-68.2160339355469
9000000.00007631,-68.6237716674805
9000000.00007632,-69.0901107788086
9000000.00007632,-69.6219482421875
9000000.00007633,-70.2261810302734
9000000.00007633,-70.9674072265625
9000000.00007634,-71.8815765380859
9000000.00007634,-72.9325942993164
9000000.00007635,-74.0843811035156
9000000.00007635,-75.3008499145508
9000000.00007636,-76.5459213256836
9000000.00007636,-77.7835006713867
9000000.00007637,-78.9775085449219
9000000.00007637,-80.0918579101563
9000000.00007638,-81.090461730957
9000000.00007638,-81.9372406005859
9000000.00007639,-82.5961074829102
9000000.00007639,-83.0309677124023
9000000.0000764,-83.2189025878906
9000000.0000764,-83.1952743530273
9000000.00007641,-82.9880752563477
9000000.00007641,-82.623176574707
9000000.00007642,-82.1264266967773
9000000.00007642,-81.5236892700195
9000000.00007643,-80.8408203125
9000000.00007643,-80.1036834716797
9000000.00007644,-79.3381423950195
9000000.00007644,-78.5700454711914
9000000.00007645,-77.8252563476563
9000000.00007645,-77.129638671875
9000000.00007646,-76.5090484619141
9000000.00007646,-75.9820022583008
9000000.00007647,-75.4722671508789
9000000.00007647,-74.9554595947266
9000000.00007648,-74.4348831176758
9000000.00007648,-73.9138412475586
9000000.00007649,-73.395622253418
9000000.00007649,-72.8835296630859
9000000.0000765,-72.3808670043945
9000000.0000765,-71.8909378051758
9000000.00007651,-71.4170379638672
9000000.00007651,-70.9624710083008
9000000.00007652,-70.5305252075195
9000000.00007652,-70.1245193481445
9000000.00007653,-69.7477340698242
9000000.00007653,-69.3984298706055
9000000.00007654,-69.0717315673828
9000000.00007654,-68.7662658691406
9000000.00007655,-68.4806442260742
9000000.00007655,-68.2135009765625
9000000.00007656,-67.9634552001953
9000000.00007656,-67.7291259765625
9000000.00007657,-67.509147644043
9000000.00007657,-67.3021392822266
9000000.00007658,-67.1067199707031
9000000.00007658,-66.921516418457
9000000.00007659,-66.7451477050781
9000000.00007659,-66.5762481689453
9000000.0000766,-66.4147796630859
9000000.0000766,-66.2644271850586
9000000.00007661,-66.1255874633789
9000000.00007661,-65.9983444213867
9000000.00007662,-65.8827819824219
9000000.00007662,-65.7789840698242
9000000.00007663,-65.6870269775391
9000000.00007663,-65.6070022583008
9000000.00007664,-65.5390014648438
9000000.00007664,-65.4830856323242
9000000.00007665,-65.4393615722656
9000000.00007665,-65.4078979492188
9000000.00007666,-65.388786315918
9000000.00007666,-65.3822937011719
9000000.00007667,-65.3906021118164
9000000.00007667,-65.4136810302734
9000000.00007668,-65.4506683349609
9000000.00007668,-65.5007095336914
9000000.00007669,-65.5629730224609
9000000.00007669,-65.636589050293
9000000.0000767,-65.7207260131836
9000000.0000767,-65.8145141601563
9000000.00007671,-65.9171142578125
9000000.00007671,-66.0276794433594
9000000.00007672,-66.1453552246094
9000000.00007672,-66.269287109375
9000000.00007673,-66.3986282348633
9000000.00007673,-66.5418930053711
9000000.00007674,-66.7057800292969
9000000.00007674,-66.8867263793945
9000000.00007675,-67.0811538696289
9000000.00007675,-67.2855072021484
9000000.00007676,-67.496223449707
9000000.00007676,-67.7097244262695
9000000.00007677,-67.9224548339844
9000000.00007677,-68.1308364868164
9000000.00007678,-68.3313217163086
9000000.00007678,-68.5203247070313
9000000.00007679,-68.6942901611328
9000000.00007679,-68.8496475219727
9000000.0000768,-68.9861145019531
9000000.0000768,-69.1126480102539
9000000.00007681,-69.2304458618164
9000000.00007681,-69.3399429321289
9000000.00007682,-69.4415893554688
9000000.00007682,-69.5358123779297
9000000.00007683,-69.6230697631836
9000000.00007683,-69.7038040161133
9000000.00007684,-69.778450012207
9000000.00007684,-69.8474502563477
9000000.00007685,-69.9112548828125
9000000.00007685,-69.9703063964844
9000000.00007686,-70.0250396728516
9000000.00007686,-70.0757141113281
9000000.00007687,-70.1202545166016
9000000.00007687,-70.1582489013672
9000000.00007688,-70.1900100708008
9000000.00007688,-70.2158737182617
9000000.00007689,-70.2361526489258
9000000.00007689,-70.2511749267578
9000000.0000769,-70.2612686157227
9000000.0000769,-70.2667541503906
9000000.00007691,-70.2679672241211
9000000.00007691,-70.2652130126953
9000000.00007692,-70.2588272094727
9000000.00007692,-70.249137878418
9000000.00007693,-70.2364654541016
9000000.00007693,-70.2220458984375
9000000.00007694,-70.2063446044922
9000000.00007694,-70.1885528564453
9000000.00007695,-70.1678314208984
9000000.00007695,-70.1433792114258
9000000.00007696,-70.114372253418
9000000.00007696,-70.0799942016602
9000000.00007697,-70.0394134521484
9000000.00007697,-69.9918212890625
9000000.00007698,-69.936393737793
9000000.00007698,-69.8723068237305
9000000.00007699,-69.7987594604492
9000000.00007699,-69.7149124145508
9000000.000077,-69.6172714233398
9000000.000077,-69.4984512329102
9000000.00007701,-69.361442565918
9000000.00007701,-69.2100067138672
9000000.00007702,-69.0479049682617
9000000.00007702,-68.8788986206055
9000000.00007703,-68.7067413330078
9000000.00007703,-68.5351943969727
9000000.00007704,-68.3680191040039
9000000.00007704,-68.2089691162109
9000000.00007705,-68.0618057250977
9000000.00007705,-67.9302825927734
9000000.00007706,-67.8181686401367
9000000.00007706,-67.7283172607422
9000000.00007707,-67.6516418457031
9000000.00007707,-67.5846405029297
9000000.00007708,-67.5270690917969
9000000.00007708,-67.4787139892578
9000000.00007709,-67.439338684082
9000000.00007709,-67.4087371826172
9000000.0000771,-67.3866653442383
9000000.0000771,-67.3729095458984
9000000.00007711,-67.3672409057617
9000000.00007711,-67.3694305419922
9000000.00007712,-67.3792572021484
9000000.00007712,-67.3964996337891
9000000.00007713,-67.4209289550781
9000000.00007713,-67.4592742919922
9000000.00007714,-67.5163497924805
9000000.00007714,-67.5890197753906
9000000.00007715,-67.6741714477539
9000000.00007715,-67.768669128418
9000000.00007716,-67.8693923950195
9000000.00007716,-67.9732208251953
9000000.00007717,-68.0770263671875
9000000.00007717,-68.1776809692383
9000000.00007718,-68.2720718383789
9000000.00007718,-68.357063293457
9000000.00007719,-68.4295349121094
9000000.00007719,-68.4863586425781
9000000.0000772,-68.5274658203125
9000000.0000772,-68.5611801147461
9000000.00007721,-68.5884017944336
9000000.00007721,-68.6093368530273
9000000.00007722,-68.6241912841797
9000000.00007722,-68.6331634521484
9000000.00007723,-68.6364669799805
9000000.00007723,-68.6342926025391
9000000.00007724,-68.6268539428711
9000000.00007724,-68.6143569946289
9000000.00007725,-68.5969924926758
9000000.00007725,-68.5749740600586
9000000.00007726,-68.5485000610352
9000000.00007726,-68.5173950195313
9000000.00007727,-68.4772567749023
9000000.00007727,-68.427848815918
9000000.00007728,-68.3705291748047
9000000.00007728,-68.3066711425781
9000000.00007729,-68.2376403808594
9000000.00007729,-68.1648101806641
9000000.0000773,-68.0895462036133
9000000.0000773,-68.0132141113281
9000000.00007731,-67.9371871948242
9000000.00007731,-67.8628234863281
9000000.00007732,-67.79150390625
9000000.00007732,-67.7245941162109
9000000.00007733,-67.663459777832
9000000.00007733,-67.6050720214844
9000000.00007734,-67.5458831787109
9000000.00007734,-67.4864196777344
9000000.00007735,-67.4272384643555
9000000.00007735,-67.3688735961914
9000000.00007736,-67.3118743896484
9000000.00007736,-67.2567901611328
9000000.00007737,-67.2041473388672
9000000.00007737,-67.1545104980469
9000000.00007738,-67.1084136962891
9000000.00007738,-67.0663986206055
9000000.00007739,-67.0290145874023
9000000.00007739,-66.9968109130859
9000000.0000774,-66.9692764282227
9000000.0000774,-66.9435729980469
9000000.00007741,-66.9199371337891
9000000.00007741,-66.8988800048828
9000000.00007742,-66.8809127807617
9000000.00007742,-66.8665390014648
9000000.00007743,-66.8562698364258
9000000.00007743,-66.8506011962891
9000000.00007744,-66.8500442504883
9000000.00007744,-66.8551177978516
9000000.00007745,-66.8663177490234
9000000.00007745,-66.884147644043
9000000.00007746,-66.9091186523438
9000000.00007746,-66.9421539306641
9000000.00007747,-66.9882736206055
9000000.00007747,-67.0470886230469
9000000.00007748,-67.1163558959961
9000000.00007748,-67.19384765625
9000000.00007749,-67.2773208618164
9000000.00007749,-67.3645401000977
9000000.0000775,-67.4532623291016
9000000.0000775,-67.541259765625
9000000.00007751,-67.6262893676758
9000000.00007751,-67.7061233520508
9000000.00007752,-67.7785110473633
9000000.00007752,-67.8412246704102
9000000.00007753,-67.8920211791992
9000000.00007753,-67.9368896484375
9000000.00007754,-67.9823837280273
9000000.00007754,-68.0270843505859
9000000.00007755,-68.0696029663086
9000000.00007755,-68.1085357666016
9000000.00007756,-68.1424789428711
9000000.00007756,-68.1700439453125
9000000.00007757,-68.189811706543
9000000.00007757,-68.2003936767578
9000000.00007758,-68.2003860473633
9000000.00007758,-68.1883850097656
9000000.00007759,-68.1629943847656
9000000.00007759,-68.1228103637695
9000000.0000776,-68.0663757324219
9000000.0000776,-67.9934844970703
9000000.00007761,-67.9056701660156
9000000.00007761,-67.8045654296875
9000000.00007762,-67.691764831543
9000000.00007762,-67.5688934326172
9000000.00007763,-67.4375534057617
9000000.00007763,-67.2993698120117
9000000.00007764,-67.1559448242188
9000000.00007764,-67.0088958740234
9000000.00007765,-66.8598327636719
9000000.00007765,-66.7103805541992
9000000.00007766,-66.5621337890625
9000000.00007766,-66.4157257080078
9000000.00007767,-66.2600936889648
9000000.00007767,-66.093635559082
9000000.00007768,-65.9187850952148
9000000.00007768,-65.7379684448242
9000000.00007769,-65.5536193847656
9000000.00007769,-65.3681564331055
9000000.0000777,-65.1840286254883
9000000.0000777,-65.0036468505859
9000000.00007771,-64.8294448852539
9000000.00007771,-64.6638565063477
9000000.00007772,-64.5093078613281
9000000.00007772,-64.3682327270508
9000000.00007773,-64.2430648803711
9000000.00007773,-64.1269912719727
9000000.00007774,-64.0127182006836
9000000.00007774,-63.9019088745117
9000000.00007775,-63.7962226867676
9000000.00007775,-63.6973342895508
9000000.00007776,-63.6068992614746
9000000.00007776,-63.5265846252441
9000000.00007777,-63.4580612182617
9000000.00007777,-63.4029884338379
9000000.00007778,-63.3630332946777
9000000.00007778,-63.3398590087891
9000000.00007779,-63.335132598877
9000000.00007779,-63.3505172729492
9000000.0000778,-63.3865280151367
9000000.0000778,-63.4400329589844
9000000.00007781,-63.5101699829102
9000000.00007781,-63.5963325500488
9000000.00007782,-63.6979026794434
9000000.00007782,-63.814266204834
9000000.00007783,-63.9448165893555
9000000.00007783,-64.0889358520508
9000000.00007784,-64.2460098266602
9000000.00007784,-64.4154281616211
9000000.00007785,-64.5965805053711
9000000.00007785,-64.7888488769531
9000000.00007786,-64.9916229248047
9000000.00007786,-65.2057723999023
9000000.00007787,-65.4485473632813
9000000.00007787,-65.7207183837891
9000000.00007788,-66.0167770385742
9000000.00007788,-66.3311767578125
9000000.00007789,-66.6584014892578
9000000.00007789,-66.992919921875
9000000.0000779,-67.3292007446289
9000000.0000779,-67.6617279052734
9000000.00007791,-67.9849700927734
9000000.00007791,-68.2933959960938
9000000.00007792,-68.5814895629883
9000000.00007792,-68.8437042236328
9000000.00007793,-69.0745315551758
9000000.00007793,-69.2833862304688
9000000.00007794,-69.4827880859375
9000000.00007794,-69.6719131469727
9000000.00007795,-69.8498992919922
9000000.00007795,-70.0159072875977
9000000.00007796,-70.1690826416016
9000000.00007796,-70.30859375
9000000.00007797,-70.4335784912109
9000000.00007797,-70.5431976318359
9000000.00007798,-70.636604309082
9000000.00007798,-70.7129592895508
9000000.00007799,-70.7714004516602
9000000.00007799,-70.8110885620117
9000000.000078,-70.8295669555664
9000000.000078,-70.8223342895508
9000000.00007801,-70.7915878295898
9000000.00007801,-70.739990234375
9000000.00007802,-70.6702041625977
9000000.00007802,-70.5848922729492
9000000.00007803,-70.4867172241211
9000000.00007803,-70.3783340454102
9000000.00007804,-70.2624130249023
9000000.00007804,-70.1416168212891
9000000.00007805,-70.0186004638672
9000000.00007805,-69.8960266113281
9000000.00007806,-69.7765655517578
9000000.00007806,-69.6617431640625
9000000.00007807,-69.5393447875977
9000000.00007807,-69.4067916870117
9000000.00007808,-69.2659759521484
9000000.00007808,-69.1187744140625
9000000.00007809,-68.9670791625977
9000000.00007809,-68.8127746582031
9000000.0000781,-68.6577377319336
9000000.0000781,-68.5038604736328
9000000.00007811,-68.35302734375
9000000.00007811,-68.2071151733398
9000000.00007812,-68.0680236816406
9000000.00007812,-67.937614440918
9000000.00007813,-67.8177947998047
9000000.00007813,-67.7040634155273
9000000.00007814,-67.59130859375
9000000.00007814,-67.4804153442383
9000000.00007815,-67.3723068237305
9000000.00007815,-67.2678833007813
9000000.00007816,-67.1680450439453
9000000.00007816,-67.0737152099609
9000000.00007817,-66.9857864379883
9000000.00007817,-66.9051742553711
9000000.00007818,-66.8327789306641
9000000.00007818,-66.7695083618164
9000000.00007819,-66.7162780761719
9000000.00007819,-66.6739807128906
9000000.0000782,-66.6407089233398
9000000.0000782,-66.6086883544922
9000000.00007821,-66.5791931152344
9000000.00007821,-66.5542526245117
9000000.00007822,-66.5358581542969
9000000.00007822,-66.5260314941406
9000000.00007823,-66.5267868041992
9000000.00007823,-66.5401229858398
9000000.00007824,-66.5680618286133
9000000.00007824,-66.6126098632813
9000000.00007825,-66.67578125
9000000.00007825,-66.7595825195313
9000000.00007826,-66.8660278320313
9000000.00007826,-66.9952239990234
9000000.00007827,-67.1255493164063
9000000.00007827,-67.2548980712891
9000000.00007828,-67.3890686035156
9000000.00007828,-67.5338516235352
9000000.00007829,-67.6950531005859
9000000.00007829,-67.8784637451172
9000000.0000783,-68.0898742675781
9000000.0000783,-68.335090637207
9000000.00007831,-68.6198959350586
9000000.00007831,-68.9500961303711
9000000.00007832,-69.3314895629883
9000000.00007832,-69.7698593139648
9000000.00007833,-70.2710113525391
9000000.00007833,-70.8841018676758
9000000.00007834,-71.635871887207
9000000.00007834,-72.4984893798828
9000000.00007835,-73.4441223144531
9000000.00007835,-74.444938659668
9000000.00007836,-75.4731063842773
9000000.00007836,-76.5008087158203
9000000.00007837,-77.5001907348633
9000000.00007837,-78.4434432983398
9000000.00007838,-79.3027191162109
9000000.00007838,-80.0501937866211
9000000.00007839,-80.6580429077148
9000000.00007839,-81.0984191894531
9000000.0000784,-81.3571853637695
9000000.0000784,-81.471305847168
9000000.00007841,-81.459587097168
9000000.00007841,-81.3382186889648
9000000.00007842,-81.1233749389648
9000000.00007842,-80.8312530517578
9000000.00007843,-80.4780349731445
9000000.00007843,-80.0799179077148
9000000.00007844,-79.653076171875
9000000.00007844,-79.2137069702148
9000000.00007845,-78.7779922485352
9000000.00007845,-78.3621292114258
9000000.00007846,-77.9822845458984
9000000.00007846,-77.6491775512695
9000000.00007847,-77.3045425415039
9000000.00007847,-76.932975769043
9000000.00007848,-76.5402679443359
9000000.00007848,-76.132194519043
9000000.00007849,-75.7145462036133
9000000.00007849,-75.2931060791016
9000000.0000785,-74.8736572265625
9000000.0000785,-74.4619827270508
9000000.00007851,-74.0638809204102
9000000.00007851,-73.6851196289063
9000000.00007852,-73.3314895629883
9000000.00007852,-73.0087738037109
9000000.00007853,-72.7227554321289
9000000.00007853,-72.4666366577148
9000000.00007854,-72.2293548583984
9000000.00007854,-72.0102996826172
9000000.00007855,-71.8088912963867
9000000.00007855,-71.6245193481445
9000000.00007856,-71.4565887451172
9000000.00007856,-71.3045120239258
9000000.00007857,-71.1676788330078
9000000.00007857,-71.0455017089844
9000000.00007858,-70.9373779296875
9000000.00007858,-70.8427124023438
9000000.00007859,-70.7609100341797
9000000.00007859,-70.6913757324219
9000000.0000786,-70.6311645507813
9000000.0000786,-70.5738067626953
9000000.00007861,-70.5218200683594
9000000.00007861,-70.4783401489258
9000000.00007862,-70.446533203125
9000000.00007862,-70.4295501708984
9000000.00007863,-70.430534362793
9000000.00007863,-70.4526596069336
9000000.00007864,-70.4990692138672
9000000.00007864,-70.5729141235352
9000000.00007865,-70.6773529052734
9000000.00007865,-70.815544128418
9000000.00007866,-70.9906311035156
9000000.00007866,-71.2063140869141
9000000.00007867,-71.4701461791992
9000000.00007867,-71.7793731689453
9000000.00007868,-72.1284561157227
9000000.00007868,-72.511833190918
9000000.00007869,-72.9239730834961
9000000.00007869,-73.3593215942383
9000000.0000787,-73.8123321533203
9000000.0000787,-74.277458190918
9000000.00007871,-74.7491607666016
9000000.00007871,-75.2218856811523
9000000.00007872,-75.6900863647461
9000000.00007872,-76.1482162475586
9000000.00007873,-76.5907287597656
9000000.00007873,-77.0580215454102
9000000.00007874,-77.5835723876953
9000000.00007874,-78.1514892578125
9000000.00007875,-78.7458572387695
9000000.00007875,-79.3507919311523
9000000.00007876,-79.9503707885742
9000000.00007876,-80.5287094116211
9000000.00007877,-81.0699005126953
9000000.00007877,-81.5580368041992
9000000.00007878,-81.9772186279297
9000000.00007878,-82.3115463256836
9000000.00007879,-82.5451202392578
9000000.00007879,-82.6620330810547
9000000.0000788,-82.6473770141602
9000000.0000788,-82.5034866333008
9000000.00007881,-82.2465209960938
9000000.00007881,-81.8930053710938
9000000.00007882,-81.4594497680664
9000000.00007882,-80.9623870849609
9000000.00007883,-80.418327331543
9000000.00007883,-79.8437881469727
9000000.00007884,-79.2552871704102
9000000.00007884,-78.6693420410156
9000000.00007885,-78.1024856567383
9000000.00007885,-77.5712127685547
9000000.00007886,-77.0920639038086
9000000.00007886,-76.6770553588867
9000000.00007887,-76.2798004150391
9000000.00007887,-75.8847503662109
9000000.00007888,-75.4932022094727
9000000.00007888,-75.1064529418945
9000000.00007889,-74.7257843017578
9000000.00007889,-74.3524932861328
9000000.0000789,-73.9878768920898
9000000.0000789,-73.6332321166992
9000000.00007891,-73.2898330688477
9000000.00007891,-72.9589920043945
9000000.00007892,-72.6419982910156
9000000.00007892,-72.3401336669922
9000000.00007893,-72.0547027587891
9000000.00007893,-71.7826995849609
9000000.00007894,-71.5206680297852
9000000.00007894,-71.2691802978516
9000000.00007895,-71.0288314819336
9000000.00007895,-70.8001937866211
9000000.00007896,-70.583854675293
9000000.00007896,-70.3804016113281
9000000.00007897,-70.1904220581055
9000000.00007897,-70.0144882202148
9000000.00007898,-69.8532028198242
9000000.00007898,-69.7071304321289
9000000.00007899,-69.5768661499023
9000000.00007899,-69.4629898071289
9000000.000079,-69.3650054931641
9000000.000079,-69.2799301147461
9000000.00007901,-69.2080078125
9000000.00007901,-69.1497573852539
9000000.00007902,-69.1056747436523
9000000.00007902,-69.076286315918
9000000.00007903,-69.0620880126953
9000000.00007903,-69.0635986328125
9000000.00007904,-69.0813217163086
9000000.00007904,-69.1157836914063
9000000.00007905,-69.16748046875
9000000.00007905,-69.2369232177734
9000000.00007906,-69.3246307373047
9000000.00007906,-69.4328536987305
9000000.00007907,-69.582389831543
9000000.00007907,-69.7730331420898
9000000.00007908,-69.9969940185547
9000000.00007908,-70.246467590332
9000000.00007909,-70.5136489868164
9000000.00007909,-70.7907333374023
9000000.0000791,-71.0699234008789
9000000.0000791,-71.3434219360352
9000000.00007911,-71.6034088134766
9000000.00007911,-71.8421020507813
9000000.00007912,-72.0516967773438
9000000.00007912,-72.2243728637695
9000000.00007913,-72.3523483276367
9000000.00007913,-72.4425277709961
9000000.00007914,-72.5082855224609
9000000.00007914,-72.5515441894531
9000000.00007915,-72.5742034912109
9000000.00007915,-72.5781860351563
9000000.00007916,-72.5653915405273
9000000.00007916,-72.5377349853516
9000000.00007917,-72.4971313476563
9000000.00007917,-72.4454803466797
9000000.00007918,-72.3846969604492
9000000.00007918,-72.3167037963867
9000000.00007919,-72.2433929443359
9000000.00007919,-72.1666870117188
9000000.0000792,-72.084358215332
9000000.0000792,-71.9850921630859
9000000.00007921,-71.8701248168945
9000000.00007921,-71.7417526245117
9000000.00007922,-71.6022567749023
9000000.00007922,-71.4539260864258
9000000.00007923,-71.2990493774414
9000000.00007923,-71.1399078369141
9000000.00007924,-70.9787979125977
9000000.00007924,-70.818000793457
9000000.00007925,-70.6598129272461
9000000.00007925,-70.5065078735352
9000000.00007926,-70.3603744506836
9000000.00007926,-70.2232055664063
9000000.00007927,-70.0899963378906
9000000.00007927,-69.9586029052734
9000000.00007928,-69.8287124633789
9000000.00007928,-69.6999969482422
9000000.00007929,-69.5721435546875
9000000.00007929,-69.4448318481445
9000000.0000793,-69.3177261352539
9000000.0000793,-69.1905212402344
9000000.00007931,-69.0628967285156
9000000.00007931,-68.9345169067383
9000000.00007932,-68.8050765991211
9000000.00007932,-68.6742477416992
9000000.00007933,-68.5417022705078
9000000.00007933,-68.4054183959961
9000000.00007934,-68.2643737792969
9000000.00007934,-68.1197738647461
9000000.00007935,-67.9728240966797
9000000.00007935,-67.8247299194336
9000000.00007936,-67.6767120361328
9000000.00007936,-67.5299606323242
9000000.00007937,-67.3856964111328
9000000.00007937,-67.2451171875
9000000.00007938,-67.1094436645508
9000000.00007938,-66.979866027832
9000000.00007939,-66.8575973510742
9000000.00007939,-66.7438507080078
9000000.0000794,-66.6366806030273
9000000.0000794,-66.5274353027344
9000000.00007941,-66.4173355102539
9000000.00007941,-66.3084106445313
9000000.00007942,-66.2026672363281
9000000.00007942,-66.1021347045898
9000000.00007943,-66.0088348388672
9000000.00007943,-65.9247970581055
9000000.00007944,-65.8520355224609
9000000.00007944,-65.7925720214844
9000000.00007945,-65.7484359741211
9000000.00007945,-65.7216415405273
9000000.00007946,-65.7142105102539
9000000.00007946,-65.7275619506836
9000000.00007947,-65.7552642822266
9000000.00007947,-65.79541015625
9000000.00007948,-65.8484191894531
9000000.00007948,-65.9147033691406
9000000.00007949,-65.9946975708008
9000000.00007949,-66.0888137817383
9000000.0000795,-66.1974716186523
9000000.0000795,-66.3210983276367
9000000.00007951,-66.4601058959961
9000000.00007951,-66.6149215698242
9000000.00007952,-66.7859573364258
9000000.00007952,-66.9736480712891
9000000.00007953,-67.1783981323242
9000000.00007953,-67.4141235351563
9000000.00007954,-67.6897506713867
9000000.00007954,-67.9982299804688
9000000.00007955,-68.3325042724609
9000000.00007955,-68.6855316162109
9000000.00007956,-69.0502624511719
9000000.00007956,-69.4196472167969
9000000.00007957,-69.7866363525391
9000000.00007957,-70.144172668457
9000000.00007958,-70.4852142333984
9000000.00007958,-70.8027114868164
9000000.00007959,-71.0896148681641
9000000.00007959,-71.3388671875
9000000.0000796,-71.5525588989258
9000000.0000796,-71.7556838989258
9000000.00007961,-71.948486328125
9000000.00007961,-72.129020690918
9000000.00007962,-72.2953567504883
9000000.00007962,-72.4455490112305
9000000.00007963,-72.5776519775391
9000000.00007963,-72.6897354125977
9000000.00007964,-72.7798461914063
9000000.00007964,-72.8460388183594
9000000.00007965,-72.8863906860352
9000000.00007965,-72.8989486694336
9000000.00007966,-72.8817749023438
9000000.00007966,-72.8318557739258
9000000.00007967,-72.7358703613281
9000000.00007967,-72.5954055786133
9000000.00007968,-72.4169311523438
9000000.00007968,-72.2069244384766
9000000.00007969,-71.9718627929688
9000000.00007969,-71.7182083129883
9000000.0000797,-71.4524383544922
9000000.0000797,-71.181037902832
9000000.00007971,-70.9104614257813
9000000.00007971,-70.6472015380859
9000000.00007972,-70.3977279663086
9000000.00007972,-70.1685028076172
9000000.00007973,-69.9660110473633
9000000.00007973,-69.7802734375
9000000.00007974,-69.597297668457
9000000.00007974,-69.4175796508789
9000000.00007975,-69.2416000366211
9000000.00007975,-69.0698394775391
9000000.00007976,-68.9027786254883
9000000.00007976,-68.7408905029297
9000000.00007977,-68.5846710205078
9000000.00007977,-68.4346008300781
9000000.00007978,-68.2911529541016
9000000.00007978,-68.1548080444336
9000000.00007979,-68.0260620117188
9000000.00007979,-67.9053802490234
9000000.0000798,-67.790885925293
9000000.0000798,-67.6760559082031
9000000.00007981,-67.5622634887695
9000000.00007981,-67.4514999389648
9000000.00007982,-67.3457565307617
9000000.00007982,-67.2470321655273
9000000.00007983,-67.1573181152344
9000000.00007983,-67.0785980224609
9000000.00007984,-67.0128860473633
9000000.00007984,-66.9621505737305
9000000.00007985,-66.9284057617188
9000000.00007985,-66.9136352539063
9000000.00007986,-66.9198379516602
9000000.00007986,-66.9470520019531
9000000.00007987,-66.9731521606445
9000000.00007987,-66.9960403442383
9000000.00007988,-67.0217056274414
9000000.00007988,-67.05615234375
9000000.00007989,-67.1053619384766
9000000.00007989,-67.1753311157227
9000000.0000799,-67.2720565795898
9000000.0000799,-67.4015121459961
9000000.00007991,-67.569709777832
9000000.00007991,-67.7826385498047
9000000.00007992,-68.0462799072266
9000000.00007992,-68.3666381835938
9000000.00007993,-68.7496948242188
9000000.00007993,-69.2466049194336
9000000.00007994,-69.8852386474609
9000000.00007994,-70.6366653442383
9000000.00007995,-71.4719467163086
9000000.00007995,-72.3621444702148
9000000.00007996,-73.2783432006836
9000000.00007996,-74.1915893554688
9000000.00007997,-75.0729598999023
9000000.00007997,-75.8935241699219
9000000.00007998,-76.6243438720703
9000000.00007998,-77.2364807128906
9000000.00007999,-77.7010116577148
9000000.00007999,-77.9889984130859
9000000.00008,-78.0824966430664
9000000.00008,-78.0110778808594
9000000.00008001,-77.7968368530273
9000000.00008001,-77.4600448608398
9000000.00008002,-77.0209579467773
9000000.00008002,-76.4998474121094
9000000.00008003,-75.9169769287109
9000000.00008003,-75.292610168457
9000000.00008004,-74.6470031738281
9000000.00008004,-74.0004348754883
9000000.00008005,-73.373161315918
9000000.00008005,-72.7854461669922
9000000.00008006,-72.2575531005859
9000000.00008006,-71.8037872314453
9000000.00008007,-71.3618316650391
9000000.00008007,-70.9125595092773
9000000.00008008,-70.4594497680664
9000000.00008008,-70.0060043334961
9000000.00008009,-69.5557022094727
9000000.00008009,-69.1120300292969
9000000.0000801,-68.6784973144531
9000000.0000801,-68.2585678100586
9000000.00008011,-67.8557510375977
9000000.00008011,-67.4735336303711
9000000.00008012,-67.1154022216797
9000000.00008012,-66.7848434448242
9000000.00008013,-66.4853515625
9000000.00008013,-66.2120666503906
9000000.00008014,-65.9577941894531
9000000.00008014,-65.722541809082
9000000.00008015,-65.5063323974609
9000000.00008015,-65.3091583251953
9000000.00008016,-65.1310348510742
9000000.00008016,-64.9719696044922
9000000.00008017,-64.8319778442383
9000000.00008017,-64.711051940918
9000000.00008018,-64.6092147827148
9000000.00008018,-64.5264663696289
9000000.00008019,-64.4628219604492
9000000.00008019,-64.4182815551758
9000000.0000802,-64.3945999145508
9000000.0000802,-64.3965454101563
9000000.00008021,-64.4227294921875
9000000.00008021,-64.471305847168
9000000.00008022,-64.5404052734375
9000000.00008022,-64.628173828125
9000000.00008023,-64.7327575683594
9000000.00008023,-64.852294921875
9000000.00008024,-64.9849319458008
9000000.00008024,-65.1288070678711
9000000.00008025,-65.2820587158203
9000000.00008025,-65.4428405761719
9000000.00008026,-65.6092910766602
9000000.00008026,-65.7810440063477
9000000.00008027,-65.9749908447266
9000000.00008027,-66.1930236816406
9000000.00008028,-66.4308776855469
9000000.00008028,-66.6843032836914
9000000.00008029,-66.9490280151367
9000000.00008029,-67.2207870483398
9000000.0000803,-67.4953231811523
9000000.0000803,-67.7683715820313
9000000.00008031,-68.0356674194336
9000000.00008031,-68.2929534912109
9000000.00008032,-68.5359573364258
9000000.00008032,-68.7604217529297
9000000.00008033,-68.9620895385742
9000000.00008033,-69.1494827270508
9000000.00008034,-69.3331298828125
9000000.00008034,-69.5117568969727
9000000.00008035,-69.6841049194336
9000000.00008035,-69.8488922119141
9000000.00008036,-70.0048599243164
9000000.00008036,-70.1507339477539
9000000.00008037,-70.2852401733398
9000000.00008037,-70.407112121582
9000000.00008038,-70.5150833129883
9000000.00008038,-70.6078796386719
9000000.00008039,-70.6842346191406
9000000.00008039,-70.7428817749023
9000000.0000804,-70.7820587158203
9000000.0000804,-70.800407409668
9000000.00008041,-70.799674987793
9000000.00008041,-70.7817611694336
9000000.00008042,-70.7485961914063
9000000.00008042,-70.7020950317383
9000000.00008043,-70.644172668457
9000000.00008043,-70.5767593383789
9000000.00008044,-70.5017547607422
9000000.00008044,-70.4210891723633
9000000.00008045,-70.3366775512695
9000000.00008045,-70.2504425048828
9000000.00008046,-70.1642913818359
9000000.00008046,-70.0791702270508
9000000.00008047,-69.9842758178711
9000000.00008047,-69.8777313232422
9000000.00008048,-69.761604309082
9000000.00008048,-69.6379470825195
9000000.00008049,-69.5088195800781
9000000.00008049,-69.3762969970703
9000000.0000805,-69.2424163818359
9000000.0000805,-69.1092529296875
9000000.00008051,-68.9788665771484
9000000.00008051,-68.8533172607422
9000000.00008052,-68.7346572875977
9000000.00008052,-68.6249542236328
9000000.00008053,-68.5262680053711
9000000.00008053,-68.4352416992188
9000000.00008054,-68.347297668457
9000000.00008054,-68.2626800537109
9000000.00008055,-68.181640625
9000000.00008055,-68.1044006347656
9000000.00008056,-68.0312194824219
9000000.00008056,-67.9623336791992
9000000.00008057,-67.8979873657227
9000000.00008057,-67.8384170532227
9000000.00008058,-67.7838745117188
9000000.00008058,-67.7345809936523
9000000.00008059,-67.690803527832
9000000.00008059,-67.6527709960938
9000000.0000806,-67.6183319091797
9000000.0000806,-67.5809326171875
9000000.00008061,-67.5422058105469
9000000.00008061,-67.5044326782227
9000000.00008062,-67.4698791503906
9000000.00008062,-67.4408264160156
9000000.00008063,-67.419548034668
9000000.00008063,-67.408317565918
9000000.00008064,-67.4094161987305
9000000.00008064,-67.4251174926758
9000000.00008065,-67.4576873779297
9000000.00008065,-67.509407043457
9000000.00008066,-67.5825576782227
9000000.00008066,-67.6771850585938
9000000.00008067,-67.7680587768555
9000000.00008067,-67.8527984619141
9000000.00008068,-67.9382171630859
9000000.00008068,-68.0311584472656
9000000.00008069,-68.1384506225586
9000000.00008069,-68.2669143676758
9000000.0000807,-68.4233856201172
9000000.0000807,-68.6146850585938
9000000.00008071,-68.84765625
9000000.00008071,-69.1291122436523
9000000.00008072,-69.4658966064453
9000000.00008072,-69.8648300170898
9000000.00008073,-70.3327484130859
9000000.00008073,-70.9276123046875
9000000.00008074,-71.6809616088867
9000000.00008074,-72.5599899291992
9000000.00008075,-73.5318832397461
9000000.00008075,-74.5638122558594
9000000.00008076,-75.6229629516602
9000000.00008076,-76.6765289306641
9000000.00008077,-77.6916961669922
9000000.00008077,-78.6356353759766
9000000.00008078,-79.4755401611328
9000000.00008078,-80.1785888671875
9000000.00008079,-80.7119750976563
9000000.00008079,-81.0428771972656
9000000.0000808,-81.1507949829102
9000000.0000808,-81.0688858032227
9000000.00008081,-80.8223266601563
9000000.00008081,-80.4342422485352
9000000.00008082,-79.9277725219727
9000000.00008082,-79.326057434082
9000000.00008083,-78.652229309082
9000000.00008083,-77.9294128417969
9000000.00008084,-77.1807632446289
9000000.00008084,-76.4293975830078
9000000.00008085,-75.6984558105469
9000000.00008085,-75.0110702514648
9000000.00008086,-74.390380859375
9000000.00008086,-73.8526306152344
9000000.00008087,-73.3257522583008
9000000.00008087,-72.7878952026367
9000000.00008088,-72.2433547973633
9000000.00008088,-71.6964569091797
9000000.00008089,-71.1515121459961
9000000.00008089,-70.6128311157227
9000000.0000809,-70.0847244262695
9000000.0000809,-69.5715103149414
9000000.00008091,-69.077507019043
9000000.00008091,-68.6070098876953
9000000.00008092,-68.1643524169922
9000000.00008092,-67.7538299560547
9000000.00008093,-67.379768371582
9000000.00008093,-67.0370864868164
9000000.00008094,-66.7175369262695
9000000.00008094,-66.4206771850586
9000000.00008095,-66.1460571289063
9000000.00008095,-65.8932342529297
9000000.00008096,-65.6617660522461
9000000.00008096,-65.4512023925781
9000000.00008097,-65.2611083984375
9000000.00008097,-65.0910339355469
9000000.00008098,-64.9405288696289
9000000.00008098,-64.8091583251953
9000000.00008099,-64.6964721679688
9000000.00008099,-64.6020202636719
9000000.000081,-64.527961730957
9000000.000081,-64.4814147949219
9000000.00008101,-64.4608001708984
9000000.00008101,-64.4638366699219
9000000.00008102,-64.4882583618164
9000000.00008102,-64.5318069458008
9000000.00008103,-64.5922012329102
9000000.00008103,-64.6671829223633
9000000.00008104,-64.7544784545898
9000000.00008104,-64.8518142700195
9000000.00008105,-64.9569320678711
9000000.00008105,-65.0675582885742
9000000.00008106,-65.1814193725586
9000000.00008106,-65.2975997924805
9000000.00008107,-65.4309768676758
9000000.00008107,-65.5838088989258
9000000.00008108,-65.7529144287109
9000000.00008108,-65.9350967407227
9000000.00008109,-66.1271743774414
9000000.00008109,-66.3259582519531
9000000.0000811,-66.5282745361328
9000000.0000811,-66.7309188842773
9000000.00008111,-66.9307250976563
9000000.00008111,-67.1244888305664
9000000.00008112,-67.3090362548828
9000000.00008112,-67.4811782836914
9000000.00008113,-67.6377334594727
9000000.00008113,-67.7890548706055
9000000.00008114,-67.9457092285156
9000000.00008114,-68.1048049926758
9000000.00008115,-68.2634506225586
9000000.00008115,-68.4187698364258
9000000.00008116,-68.5678634643555
9000000.00008116,-68.7078399658203
9000000.00008117,-68.835823059082
9000000.00008117,-68.9489212036133
9000000.00008118,-69.0442504882813
9000000.00008118,-69.1189041137695
9000000.00008119,-69.1700134277344
9000000.00008119,-69.1946868896484
9000000.0000812,-69.1910171508789
9000000.0000812,-69.1616592407227
9000000.00008121,-69.1089019775391
9000000.00008121,-69.0348892211914
9000000.00008122,-68.9417572021484
9000000.00008122,-68.8316497802734
9000000.00008123,-68.7066955566406
9000000.00008123,-68.5690536499023
9000000.00008124,-68.4208450317383
9000000.00008124,-68.2642135620117
9000000.00008125,-68.1013031005859
9000000.00008125,-67.9342498779297
9000000.00008126,-67.7651901245117
9000000.00008126,-67.5948257446289
9000000.00008127,-67.406982421875
9000000.00008127,-67.1995086669922
9000000.00008128,-66.9761581420898
9000000.00008128,-66.7406921386719
9000000.00008129,-66.4968643188477
9000000.00008129,-66.2484283447266
9000000.0000813,-65.999137878418
9000000.0000813,-65.7527542114258
9000000.00008131,-65.5130233764648
9000000.00008131,-65.2837066650391
9000000.00008132,-65.0685577392578
9000000.00008132,-64.8713302612305
9000000.00008133,-64.6957855224609
9000000.00008133,-64.5338516235352
9000000.00008134,-64.3759002685547
9000000.00008134,-64.2233123779297
9000000.00008135,-64.0774688720703
9000000.00008135,-63.939754486084
9000000.00008136,-63.8115501403809
9000000.00008136,-63.6942443847656
9000000.00008137,-63.5892143249512
9000000.00008137,-63.4978485107422
9000000.00008138,-63.4215240478516
9000000.00008138,-63.3616256713867
9000000.00008139,-63.3195419311523
9000000.00008139,-63.2966499328613
9000000.0000814,-63.292911529541
9000000.0000814,-63.3044357299805
9000000.00008141,-63.330883026123
9000000.00008141,-63.3722381591797
9000000.00008142,-63.4284934997559
9000000.00008142,-63.4996376037598
9000000.00008143,-63.5856590270996
9000000.00008143,-63.6865501403809
9000000.00008144,-63.8022918701172
9000000.00008144,-63.9328765869141
9000000.00008145,-64.0782928466797
9000000.00008145,-64.2385330200195
9000000.00008146,-64.4135818481445
9000000.00008146,-64.6040954589844
9000000.00008147,-64.8178634643555
9000000.00008147,-65.0549926757813
9000000.00008148,-65.3127517700195
9000000.00008148,-65.5883941650391
9000000.00008149,-65.8791809082031
9000000.00008149,-66.1823806762695
9000000.0000815,-66.4952392578125
9000000.0000815,-66.8150253295898
9000000.00008151,-67.1389923095703
9000000.00008151,-67.4644088745117
9000000.00008152,-67.7885208129883
9000000.00008152,-68.1086044311523
9000000.00008153,-68.4219131469727
9000000.00008153,-68.7493515014648
9000000.00008154,-69.1081237792969
9000000.00008154,-69.4898986816406
9000000.00008155,-69.8863525390625
9000000.00008155,-70.2891693115234
9000000.00008156,-70.6900253295898
9000000.00008156,-71.0806045532227
9000000.00008157,-71.4525680541992
9000000.00008157,-71.7976150512695
9000000.00008158,-72.1074066162109
9000000.00008158,-72.3736267089844
9000000.00008159,-72.5879516601563
9000000.00008159,-72.7420654296875
9000000.0000816,-72.8315277099609
9000000.0000816,-72.8668441772461
9000000.00008161,-72.8538055419922
9000000.00008161,-72.7974548339844
9000000.00008162,-72.7028503417969
9000000.00008162,-72.5750503540039
9000000.00008163,-72.4190902709961
9000000.00008163,-72.2400436401367
9000000.00008164,-72.0429534912109
9000000.00008164,-71.832878112793
9000000.00008165,-71.614860534668
9000000.00008165,-71.3939666748047
9000000.00008166,-71.1752471923828
9000000.00008166,-70.961181640625
9000000.00008167,-70.7234878540039
9000000.00008167,-70.4572143554688
9000000.00008168,-70.1677398681641
9000000.00008168,-69.8604354858398
9000000.00008169,-69.5406646728516
9000000.00008169,-69.2138061523438
9000000.0000817,-68.8852310180664
9000000.0000817,-68.560302734375
9000000.00008171,-68.2443923950195
9000000.00008171,-67.9428787231445
9000000.00008172,-67.6611328125
9000000.00008172,-67.4045104980469
9000000.00008173,-67.1783981323242
9000000.00008173,-66.9719009399414
9000000.00008174,-66.7716522216797
9000000.00008174,-66.5793304443359
9000000.00008175,-66.396598815918
9000000.00008175,-66.2251358032227
9000000.00008176,-66.0666046142578
9000000.00008176,-65.9226684570313
9000000.00008177,-65.7950134277344
9000000.00008177,-65.6852951049805
9000000.00008178,-65.5951919555664
9000000.00008178,-65.5263671875
9000000.00008179,-65.4804916381836
9000000.00008179,-65.4592361450195
9000000.0000818,-65.4613494873047
9000000.0000818,-65.4788131713867
9000000.00008181,-65.5121688842773
9000000.00008181,-65.5626907348633
9000000.00008182,-65.6316528320313
9000000.00008182,-65.7203216552734
9000000.00008183,-65.8299713134766
9000000.00008183,-65.9618682861328
9000000.00008184,-66.1172866821289
9000000.00008184,-66.2975006103516
9000000.00008185,-66.5037689208984
9000000.00008185,-66.7373657226563
9000000.00008186,-66.9995727539063
9000000.00008186,-67.2930679321289
9000000.00008187,-67.6350250244141
9000000.00008187,-68.0245208740234
9000000.00008188,-68.4543380737305
9000000.00008188,-68.9172515869141
9000000.00008189,-69.4060440063477
9000000.00008189,-69.9134902954102
9000000.0000819,-70.4323577880859
9000000.0000819,-70.9554443359375
9000000.00008191,-71.4755172729492
9000000.00008191,-71.9853591918945
9000000.00008192,-72.4777450561523
9000000.00008192,-72.9454498291016
9000000.00008193,-73.3812637329102
9000000.00008193,-73.8203277587891
9000000.00008194,-74.2944717407227
9000000.00008194,-74.7914733886719
9000000.00008195,-75.2991027832031
9000000.00008195,-75.8051452636719
9000000.00008196,-76.2973709106445
9000000.00008196,-76.7635650634766
9000000.00008197,-77.1914901733398
9000000.00008197,-77.5689315795898
9000000.00008198,-77.883674621582
9000000.00008198,-78.1234817504883
9000000.00008199,-78.2761306762695
9000000.00008199,-78.3294143676758
9000000.000082,-78.2698059082031
9000000.000082,-78.0934829711914
9000000.00008201,-77.8144912719727
9000000.00008201,-77.4477081298828
9000000.00008202,-77.0080032348633
9000000.00008202,-76.51025390625
9000000.00008203,-75.9693374633789
9000000.00008203,-75.4001312255859
9000000.00008204,-74.8175048828125
9000000.00008204,-74.2363357543945
9000000.00008205,-73.671501159668
9000000.00008205,-73.1378631591797
9000000.00008206,-72.6503143310547
9000000.00008206,-72.2192764282227
9000000.00008207,-71.7982864379883
9000000.00008207,-71.3732757568359
9000000.00008208,-70.9470748901367
9000000.00008208,-70.5224914550781
9000000.00008209,-70.1023635864258
9000000.00008209,-69.6895065307617
9000000.0000821,-69.286735534668
9000000.0000821,-68.8968887329102
9000000.00008211,-68.5227737426758
9000000.00008211,-68.1672210693359
9000000.00008212,-67.8330459594727
9000000.00008212,-67.523078918457
9000000.00008213,-67.2401351928711
9000000.00008213,-66.9794540405273
9000000.00008214,-66.7346725463867
9000000.00008214,-66.5062026977539
9000000.00008215,-66.2944488525391
9000000.00008215,-66.0998153686523
9000000.00008216,-65.9227142333984
9000000.00008216,-65.7635498046875
9000000.00008217,-65.6227340698242
9000000.00008217,-65.5006790161133
9000000.00008218,-65.3977890014648
9000000.00008218,-65.3144760131836
9000000.00008219,-65.2511367797852
9000000.00008219,-65.2081909179688
9000000.0000822,-65.1881637573242
9000000.0000822,-65.196907043457
9000000.00008221,-65.232307434082
9000000.00008221,-65.291633605957
9000000.00008222,-65.3721923828125
9000000.00008222,-65.4712753295898
9000000.00008223,-65.5861587524414
9000000.00008223,-65.7141418457031
9000000.00008224,-65.8525085449219
9000000.00008224,-65.9985504150391
9000000.00008225,-66.1495590209961
9000000.00008225,-66.3028182983398
9000000.00008226,-66.4556274414063
9000000.00008226,-66.6069183349609
9000000.00008227,-66.7750549316406
9000000.00008227,-66.9627380371094
9000000.00008228,-67.1659469604492
9000000.00008228,-67.3806915283203
9000000.00008229,-67.6029434204102
9000000.00008229,-67.8287124633789
9000000.0000823,-68.0539855957031
9000000.0000823,-68.2747573852539
9000000.00008231,-68.4870147705078
9000000.00008231,-68.6867523193359
9000000.00008232,-68.8699722290039
9000000.00008232,-69.0326614379883
9000000.00008233,-69.1708145141602
9000000.00008233,-69.2902145385742
9000000.00008234,-69.3992538452148
9000000.00008234,-69.4978332519531
9000000.00008235,-69.5858306884766
9000000.00008235,-69.6631393432617
9000000.00008236,-69.7296600341797
9000000.00008236,-69.7852630615234
9000000.00008237,-69.8298568725586
9000000.00008237,-69.8633193969727
9000000.00008238,-69.8855514526367
9000000.00008238,-69.8964309692383
9000000.00008239,-69.8958587646484
9000000.00008239,-69.8837203979492
9000000.0000824,-69.8578186035156
9000000.0000824,-69.8123779296875
9000000.00008241,-69.7491836547852
9000000.00008241,-69.6705856323242
9000000.00008242,-69.5789413452148
9000000.00008242,-69.4765930175781
9000000.00008243,-69.3658905029297
9000000.00008243,-69.2491912841797
9000000.00008244,-69.1288375854492
9000000.00008244,-69.0071868896484
9000000.00008245,-68.886589050293
9000000.00008245,-68.7693939208984
9000000.00008246,-68.6579437255859
9000000.00008246,-68.5535049438477
9000000.00008247,-68.4440307617188
9000000.00008247,-68.3272399902344
9000000.00008248,-68.2052383422852
9000000.00008248,-68.0801239013672
9000000.00008249,-67.9539947509766
9000000.00008249,-67.8289642333984
9000000.0000825,-67.7071228027344
9000000.0000825,-67.5905685424805
9000000.00008251,-67.4814147949219
9000000.00008251,-67.3817520141602
9000000.00008252,-67.2936935424805
9000000.00008252,-67.2193222045898
9000000.00008253,-67.160758972168
9000000.00008253,-67.1174926757813
9000000.00008254,-67.0868530273438
9000000.00008254,-67.0676574707031
9000000.00008255,-67.0587158203125
9000000.00008255,-67.0588684082031
9000000.00008256,-67.0669250488281
9000000.00008256,-67.0817031860352
9000000.00008257,-67.1020431518555
9000000.00008257,-67.1267471313477
9000000.00008258,-67.1546478271484
9000000.00008258,-67.1845550537109
9000000.00008259,-67.2153091430664
9000000.00008259,-67.2457122802734
9000000.0000826,-67.2751007080078
9000000.0000826,-67.3048629760742
9000000.00008261,-67.3358306884766
9000000.00008261,-67.368766784668
9000000.00008262,-67.4044418334961
9000000.00008262,-67.443603515625
9000000.00008263,-67.4870223999023
9000000.00008263,-67.5354537963867
9000000.00008264,-67.5896606445313
9000000.00008264,-67.6503982543945
9000000.00008265,-67.7184219360352
9000000.00008265,-67.7945022583008
9000000.00008266,-67.87939453125
9000000.00008266,-67.9723434448242
9000000.00008267,-68.0557327270508
9000000.00008267,-68.128662109375
9000000.00008268,-68.1966323852539
9000000.00008268,-68.2651824951172
9000000.00008269,-68.3398132324219
9000000.00008269,-68.4260559082031
9000000.0000827,-68.5294189453125
9000000.0000827,-68.6554336547852
9000000.00008271,-68.8096008300781
9000000.00008271,-68.9974594116211
9000000.00008272,-69.2245101928711
9000000.00008272,-69.4962844848633
9000000.00008273,-69.8182907104492
9000000.00008273,-70.2265625
9000000.00008274,-70.7392807006836
9000000.00008274,-71.3351821899414
9000000.00008275,-71.9930191040039
9000000.00008275,-72.6915283203125
9000000.00008276,-73.4094543457031
9000000.00008276,-74.1255493164063
9000000.00008277,-74.8185501098633
9000000.00008277,-75.4672012329102
9000000.00008278,-76.0502548217773
9000000.00008278,-76.5464401245117
9000000.00008279,-76.9345169067383
9000000.00008279,-77.1932144165039
9000000.0000828,-77.3119430541992
9000000.0000828,-77.3194961547852
9000000.00008281,-77.2300720214844
9000000.00008281,-77.0558166503906
9000000.00008282,-76.8088684082031
9000000.00008282,-76.5013809204102
9000000.00008283,-76.1454925537109
9000000.00008283,-75.7533569335938
9000000.00008284,-75.3371124267578
9000000.00008284,-74.9088973999023
9000000.00008285,-74.4808654785156
9000000.00008285,-74.0651626586914
9000000.00008286,-73.6739349365234
9000000.00008286,-73.3148498535156
9000000.00008287,-72.9400253295898
9000000.00008287,-72.5378646850586
9000000.00008288,-72.1141662597656
9000000.00008288,-71.6747436523438
9000000.00008289,-71.2254104614258
9000000.00008289,-70.7719802856445
9000000.0000829,-70.3202667236328
9000000.0000829,-69.8760757446289
9000000.00008291,-69.4452209472656
9000000.00008291,-69.0335159301758
9000000.00008292,-68.6467666625977
9000000.00008292,-68.2907867431641
9000000.00008293,-67.9713973999023
9000000.00008293,-67.6779861450195
9000000.00008294,-67.3969116210938
9000000.00008294,-67.12939453125
9000000.00008295,-66.8766708374023
9000000.00008295,-66.6399688720703
9000000.00008296,-66.4205093383789
9000000.00008296,-66.2195281982422
9000000.00008297,-66.0382537841797
9000000.00008297,-65.8779144287109
9000000.00008298,-65.7397308349609
9000000.00008298,-65.6249465942383
9000000.00008299,-65.5347747802734
9000000.00008299,-65.4704513549805
9000000.000083,-65.430534362793
9000000.000083,-65.4076614379883
9000000.00008301,-65.4026565551758
9000000.00008301,-65.4170150756836
9000000.00008302,-65.4522399902344
9000000.00008302,-65.5098190307617
9000000.00008303,-65.5912551879883
9000000.00008303,-65.6980438232422
9000000.00008304,-65.8316802978516
9000000.00008304,-65.9936599731445
9000000.00008305,-66.1854858398438
9000000.00008305,-66.4086456298828
9000000.00008306,-66.6646423339844
9000000.00008306,-66.9571380615234
9000000.00008307,-67.3122253417969
9000000.00008307,-67.7288818359375
9000000.00008308,-68.1965408325195
9000000.00008308,-68.7046203613281
9000000.00008309,-69.242561340332
9000000.00008309,-69.7997741699219
9000000.0000831,-70.3656921386719
9000000.0000831,-70.9297409057617
9000000.00008311,-71.4813537597656
9000000.00008311,-72.0099411010742
9000000.00008312,-72.5049362182617
9000000.00008312,-72.9557723999023
9000000.00008313,-73.3518676757813
9000000.00008313,-73.7176055908203
9000000.00008314,-74.0812911987305
9000000.00008314,-74.4382019042969
9000000.00008315,-74.7836074829102
9000000.00008315,-75.11279296875
9000000.00008316,-75.4210433959961
9000000.00008316,-75.7036285400391
9000000.00008317,-75.9558334350586
9000000.00008317,-76.1729354858398
9000000.00008318,-76.3502197265625
9000000.00008318,-76.4829559326172
9000000.00008319,-76.5664291381836
9000000.00008319,-76.5959167480469
9000000.0000832,-76.5634231567383
9000000.0000832,-76.4597778320313
9000000.00008321,-76.2926330566406
9000000.00008321,-76.0707015991211
9000000.00008322,-75.8026885986328
9000000.00008322,-75.4973220825195
9000000.00008323,-75.1632995605469
9000000.00008323,-74.8093490600586
9000000.00008324,-74.4441757202148
9000000.00008324,-74.0764923095703
9000000.00008325,-73.7150192260742
9000000.00008325,-73.3684616088867
9000000.00008326,-73.0455474853516
9000000.00008326,-72.7520446777344
9000000.00008327,-72.456901550293
9000000.00008327,-72.1518402099609
9000000.00008328,-71.8398513793945
9000000.00008328,-71.5239562988281
9000000.00008329,-71.2071533203125
9000000.00008329,-70.8924560546875
9000000.0000833,-70.5828704833984
9000000.0000833,-70.2813949584961
9000000.00008331,-69.9910507202148
9000000.00008331,-69.7148284912109
9000000.00008332,-69.4557495117188
9000000.00008332,-69.2168197631836
9000000.00008333,-69.0010375976563
9000000.00008333,-68.806999206543
9000000.00008334,-68.63037109375
9000000.00008334,-68.4698181152344
9000000.00008335,-68.3240051269531
9000000.00008335,-68.1915740966797
9000000.00008336,-68.0711975097656
9000000.00008336,-67.9615325927734
9000000.00008337,-67.8612213134766
9000000.00008337,-67.7689437866211
9000000.00008338,-67.6833419799805
9000000.00008338,-67.6030731201172
9000000.00008339,-67.5268096923828
9000000.00008339,-67.4531936645508
9000000.0000834,-67.3819351196289
9000000.0000834,-67.3158950805664
9000000.00008341,-67.2556686401367
9000000.00008341,-67.2016143798828
9000000.00008342,-67.1541061401367
9000000.00008342,-67.1135101318359
9000000.00008343,-67.080192565918
9000000.00008343,-67.0545196533203
9000000.00008344,-67.0368499755859
9000000.00008344,-67.0275650024414
9000000.00008345,-67.0270156860352
9000000.00008345,-67.0355834960938
9000000.00008346,-67.0536270141602
9000000.00008346,-67.0816421508789
9000000.00008347,-67.1213302612305
9000000.00008347,-67.1723785400391
9000000.00008348,-67.2338638305664
9000000.00008348,-67.3048400878906
9000000.00008349,-67.3843765258789
9000000.00008349,-67.471549987793
9000000.0000835,-67.5654067993164
9000000.0000835,-67.6650314331055
9000000.00008351,-67.7694778442383
9000000.00008351,-67.8778228759766
9000000.00008352,-67.9891204833984
9000000.00008352,-68.1024475097656
9000000.00008353,-68.2168655395508
9000000.00008353,-68.3396606445313
9000000.00008354,-68.4768142700195
9000000.00008354,-68.6254119873047
9000000.00008355,-68.7825241088867
9000000.00008355,-68.9452438354492
9000000.00008356,-69.1106491088867
9000000.00008356,-69.2758255004883
9000000.00008357,-69.4378509521484
9000000.00008357,-69.5938186645508
9000000.00008358,-69.7407989501953
9000000.00008358,-69.8758850097656
9000000.00008359,-69.9961547851563
9000000.00008359,-70.0987014770508
9000000.0000836,-70.1824035644531
9000000.0000836,-70.2522125244141
9000000.00008361,-70.3097839355469
9000000.00008361,-70.3564147949219
9000000.00008362,-70.3933792114258
9000000.00008362,-70.4219741821289
9000000.00008363,-70.443489074707
9000000.00008363,-70.4592132568359
9000000.00008364,-70.4704284667969
9000000.00008364,-70.4784240722656
9000000.00008365,-70.4844970703125
9000000.00008365,-70.4899215698242
9000000.00008366,-70.4960021972656
9000000.00008366,-70.5034866333008
9000000.00008367,-70.5067443847656
9000000.00008367,-70.5045394897461
9000000.00008368,-70.497673034668
9000000.00008368,-70.4869766235352
9000000.00008369,-70.4732513427734
9000000.00008369,-70.4573287963867
9000000.0000837,-70.4400100708008
9000000.0000837,-70.422119140625
9000000.00008371,-70.4044647216797
9000000.00008371,-70.3878707885742
9000000.00008372,-70.3731460571289
9000000.00008372,-70.3611145019531
9000000.00008373,-70.3525924682617
9000000.00008373,-70.347785949707
9000000.00008374,-70.3459396362305
9000000.00008374,-70.3463973999023
9000000.00008375,-70.3484954833984
9000000.00008375,-70.3515853881836
9000000.00008376,-70.3550033569336
9000000.00008376,-70.3580856323242
9000000.00008377,-70.3601913452148
9000000.00008377,-70.3606491088867
9000000.00008378,-70.3588104248047
9000000.00008378,-70.35400390625
9000000.00008379,-70.345588684082
9000000.00008379,-70.332893371582
9000000.0000838,-70.3136215209961
9000000.0000838,-70.2832107543945
9000000.00008381,-70.2436676025391
9000000.00008381,-70.1974868774414
9000000.00008382,-70.1471481323242
9000000.00008382,-70.0951309204102
9000000.00008383,-70.0439147949219
9000000.00008383,-69.9959945678711
9000000.00008384,-69.9538497924805
9000000.00008384,-69.9199600219727
9000000.00008385,-69.8968124389648
9000000.00008385,-69.8868865966797
9000000.00008386,-69.8926696777344
9000000.00008386,-69.915283203125
9000000.00008387,-69.9395599365234
9000000.00008387,-69.9630737304688
9000000.00008388,-69.988899230957
9000000.00008388,-70.0201110839844
9000000.00008389,-70.0597915649414
9000000.00008389,-70.1110153198242
9000000.0000839,-70.1768646240234
9000000.0000839,-70.2604217529297
9000000.00008391,-70.3647613525391
9000000.00008391,-70.4929580688477
9000000.00008392,-70.6481018066406
9000000.00008392,-70.8332595825195
9000000.00008393,-71.051513671875
9000000.00008393,-71.329231262207
9000000.00008394,-71.6807708740234
9000000.00008394,-72.0912399291992
9000000.00008395,-72.5457305908203
9000000.00008395,-73.0293350219727
9000000.00008396,-73.5271530151367
9000000.00008396,-74.024284362793
9000000.00008397,-74.5058135986328
9000000.00008397,-74.9568481445313
9000000.00008398,-75.3624877929688
9000000.00008398,-75.7078094482422
9000000.00008399,-75.9779281616211
9000000.00008399,-76.1579360961914
9000000.000084,-76.2432327270508
9000000.000084,-76.2618560791016
9000000.00008401,-76.2215042114258
9000000.00008401,-76.1276550292969
9000000.00008402,-75.9857864379883
9000000.00008402,-75.801399230957
9000000.00008403,-75.579963684082
9000000.00008403,-75.3269729614258
9000000.00008404,-75.0479125976563
9000000.00008404,-74.7482604980469
9000000.00008405,-74.4335098266602
9000000.00008405,-74.1091384887695
9000000.00008406,-73.7806396484375
9000000.00008406,-73.4501647949219
9000000.00008407,-73.0806732177734
9000000.00008407,-72.6667098999023
9000000.00008408,-72.2163467407227
9000000.00008408,-71.7376556396484
9000000.00008409,-71.2387008666992
9000000.00008409,-70.7275466918945
9000000.0000841,-70.2122650146484
9000000.0000841,-69.7009124755859
9000000.00008411,-69.2015762329102
9000000.00008411,-68.7223052978516
9000000.00008412,-68.2711791992188
9000000.00008412,-67.8562545776367
9000000.00008413,-67.4856033325195
9000000.00008413,-67.1466598510742
9000000.00008414,-66.8219375610352
9000000.00008414,-66.512077331543
9000000.00008415,-66.2177581787109
9000000.00008415,-65.9396286010742
9000000.00008416,-65.678352355957
9000000.00008416,-65.4345932006836
9000000.00008417,-65.2089996337891
9000000.00008417,-65.0022506713867
9000000.00008418,-64.8149948120117
9000000.00008418,-64.6478881835938
9000000.00008419,-64.5016021728516
9000000.00008419,-64.3767929077148
9000000.0000842,-64.2740020751953
9000000.0000842,-64.1929397583008
9000000.00008421,-64.1329879760742
9000000.00008421,-64.0935363769531
9000000.00008422,-64.0739822387695
9000000.00008422,-64.0737152099609
9000000.00008423,-64.0921249389648
9000000.00008423,-64.1286010742188
9000000.00008424,-64.1825485229492
9000000.00008424,-64.2533416748047
9000000.00008425,-64.3403778076172
9000000.00008425,-64.4430541992188
9000000.00008426,-64.5607604980469
9000000.00008426,-64.6918334960938
9000000.00008427,-64.8236618041992
9000000.00008427,-64.9566421508789
9000000.00008428,-65.0957794189453
9000000.00008428,-65.2460632324219
9000000.00008429,-65.4125137329102
9000000.00008429,-65.6001358032227
9000000.0000843,-65.8139190673828
9000000.0000843,-66.0588912963867
9000000.00008431,-66.3400421142578
9000000.00008431,-66.6623764038086
9000000.00008432,-67.0309066772461
9000000.00008432,-67.4506301879883
9000000.00008433,-67.9265670776367
9000000.00008433,-68.5056686401367
9000000.00008434,-69.2140808105469
9000000.00008434,-70.0255813598633
9000000.00008435,-70.9139404296875
9000000.00008435,-71.852912902832
9000000.00008436,-72.816276550293
9000000.00008436,-73.7778015136719
9000000.00008437,-74.7112579345703
9000000.00008437,-75.5904083251953
9000000.00008438,-76.3890151977539
9000000.00008438,-77.0808639526367
9000000.00008439,-77.6397171020508
9000000.00008439,-78.0393371582031
9000000.0000844,-78.2660217285156
9000000.0000844,-78.3536148071289
9000000.00008441,-78.3201293945313
9000000.00008441,-78.1812057495117
9000000.00008442,-77.9524917602539
9000000.00008442,-77.6496276855469
9000000.00008443,-77.2882766723633
9000000.00008443,-76.8840713500977
9000000.00008444,-76.4526672363281
9000000.00008444,-76.0097045898438
9000000.00008445,-75.5708389282227
9000000.00008445,-75.1517105102539
9000000.00008446,-74.7679672241211
9000000.00008446,-74.4299240112305
9000000.00008447,-74.0810012817383
9000000.00008447,-73.706298828125
9000000.00008448,-73.3115158081055
9000000.00008448,-72.9023284912109
9000000.00008449,-72.4844284057617
9000000.00008449,-72.0635070800781
9000000.0000845,-71.6452560424805
9000000.0000845,-71.2353668212891
9000000.00008451,-70.8395156860352
9000000.00008451,-70.4634017944336
9000000.00008452,-70.1127090454102
9000000.00008452,-69.7931289672852
9000000.00008453,-69.5103530883789
9000000.00008453,-69.2598648071289
9000000.00008454,-69.0322647094727
9000000.00008454,-68.8259048461914
9000000.00008455,-68.6391372680664
9000000.00008455,-68.4703063964844
9000000.00008456,-68.3177642822266
9000000.00008456,-68.1798629760742
9000000.00008457,-68.0549468994141
9000000.00008457,-67.9413757324219
9000000.00008458,-67.8374862670898
9000000.00008458,-67.7416381835938
9000000.00008459,-67.6521835327148
9000000.00008459,-67.5674591064453
9000000.0000846,-67.4872589111328
9000000.0000846,-67.4154968261719
9000000.00008461,-67.3527908325195
9000000.00008461,-67.299430847168
9000000.00008462,-67.2557067871094
9000000.00008462,-67.2219314575195
9000000.00008463,-67.1983795166016
9000000.00008463,-67.1853561401367
9000000.00008464,-67.1831588745117
9000000.00008464,-67.1920776367188
9000000.00008465,-67.21240234375
9000000.00008465,-67.2444381713867
9000000.00008466,-67.2884750366211
9000000.00008466,-67.3451614379883
9000000.00008467,-67.4187393188477
9000000.00008467,-67.5089874267578
9000000.00008468,-67.6141510009766
9000000.00008468,-67.7324600219727
9000000.00008469,-67.8621444702148
9000000.00008469,-68.0014495849609
9000000.0000847,-68.1485900878906
9000000.0000847,-68.3018188476563
9000000.00008471,-68.459358215332
9000000.00008471,-68.6194458007813
9000000.00008472,-68.7803115844727
9000000.00008472,-68.940185546875
9000000.00008473,-69.0973205566406
9000000.00008473,-69.2644958496094
9000000.00008474,-69.4523544311523
9000000.00008474,-69.6558609008789
9000000.00008475,-69.8699645996094
9000000.00008475,-70.0896377563477
9000000.00008476,-70.3098526000977
9000000.00008476,-70.5255584716797
9000000.00008477,-70.7317352294922
9000000.00008477,-70.9233322143555
9000000.00008478,-71.0953216552734
9000000.00008478,-71.2426681518555
9000000.00008479,-71.3603286743164
9000000.00008479,-71.4432754516602
9000000.0000848,-71.4886093139648
9000000.0000848,-71.502082824707
9000000.00008481,-71.4873657226563
9000000.00008481,-71.44775390625
9000000.00008482,-71.3865280151367
9000000.00008482,-71.3069915771484
9000000.00008483,-71.2124176025391
9000000.00008483,-71.1061096191406
9000000.00008484,-70.9913558959961
9000000.00008484,-70.8714370727539
9000000.00008485,-70.7496566772461
9000000.00008485,-70.6292953491211
9000000.00008486,-70.5136413574219
9000000.00008486,-70.4044494628906
9000000.00008487,-70.2848358154297
9000000.00008487,-70.151611328125
9000000.00008488,-70.0077285766602
9000000.00008488,-69.8561401367188
9000000.00008489,-69.6997909545898
9000000.00008489,-69.5416488647461
9000000.0000849,-69.3846435546875
9000000.0000849,-69.2317428588867
9000000.00008491,-69.0858993530273
9000000.00008491,-68.9500579833984
9000000.00008492,-68.8271789550781
9000000.00008492,-68.7202072143555
9000000.00008493,-68.6321029663086
9000000.00008493,-68.5579528808594
9000000.00008494,-68.4911422729492
9000000.00008494,-68.4320678710938
9000000.00008495,-68.3811187744141
9000000.00008495,-68.3386840820313
9000000.00008496,-68.3051681518555
9000000.00008496,-68.2809524536133
9000000.00008497,-68.2664413452148
9000000.00008497,-68.2620086669922
9000000.00008498,-68.26806640625
9000000.00008498,-68.2849960327148
9000000.00008499,-68.3131942749023
9000000.00008499,-68.3530502319336
9000000.000085,-68.4045791625977
9000000.000085,-68.4667434692383
9000000.00008501,-68.539421081543
9000000.00008501,-68.6225967407227
9000000.00008502,-68.7162246704102
9000000.00008502,-68.8202896118164
9000000.00008503,-68.9347610473633
9000000.00008503,-69.0596008300781
9000000.00008504,-69.1947860717773
9000000.00008504,-69.3402938842773
9000000.00008505,-69.4960784912109
9000000.00008505,-69.6621322631836
9000000.00008506,-69.8384094238281
9000000.00008506,-70.0244522094727
9000000.00008507,-70.2149887084961
9000000.00008507,-70.4099807739258
9000000.00008508,-70.6113204956055
9000000.00008508,-70.8208770751953
9000000.00008509,-71.0405349731445
9000000.00008509,-71.2721786499023
9000000.0000851,-71.5176773071289
9000000.0000851,-71.7789306640625
9000000.00008511,-72.0578002929688
9000000.00008511,-72.3561706542969
9000000.00008512,-72.6759338378906
9000000.00008512,-73.0189666748047
9000000.00008513,-73.3871383666992
9000000.00008513,-73.8169555664063
9000000.00008514,-74.3309555053711
9000000.00008514,-74.9101181030273
9000000.00008515,-75.5354309082031
9000000.00008515,-76.1878662109375
9000000.00008516,-76.8484039306641
9000000.00008516,-77.4980163574219
9000000.00008517,-78.1176910400391
9000000.00008517,-78.6884078979492
9000000.00008518,-79.1911315917969
9000000.00008518,-79.6068496704102
9000000.00008519,-79.9165420532227
9000000.00008519,-80.1011810302734
9000000.0000852,-80.1488800048828
9000000.0000852,-80.0787811279297
9000000.00008521,-79.9055099487305
9000000.00008521,-79.6424942016602
9000000.00008522,-79.3031539916992
9000000.00008522,-78.9009246826172
9000000.00008523,-78.4492492675781
9000000.00008523,-77.961540222168
9000000.00008524,-77.4512405395508
9000000.00008524,-76.931770324707
9000000.00008525,-76.4165649414063
9000000.00008525,-75.919059753418
9000000.00008526,-75.4526824951172
9000000.00008526,-75.0261840820313
9000000.00008527,-74.5897979736328
9000000.00008527,-74.1307220458984
9000000.00008528,-73.6542663574219
9000000.00008528,-73.1657409667969
9000000.00008529,-72.6704406738281
9000000.00008529,-72.1736755371094
9000000.0000853,-71.6807479858398
9000000.0000853,-71.1969757080078
9000000.00008531,-70.7276458740234
9000000.00008531,-70.2780838012695
9000000.00008532,-69.8535842895508
9000000.00008532,-69.4594497680664
9000000.00008533,-69.1009902954102
9000000.00008533,-68.7698593139648
9000000.00008534,-68.4544906616211
9000000.00008534,-68.1553573608398
9000000.00008535,-67.872932434082
9000000.00008535,-67.6076965332031
9000000.00008536,-67.3601303100586
9000000.00008536,-67.1306991577148
9000000.00008537,-66.9198913574219
9000000.00008537,-66.7281723022461
9000000.00008538,-66.556022644043
9000000.00008538,-66.4039154052734
9000000.00008539,-66.2723388671875
9000000.00008539,-66.1617584228516
9000000.0000854,-66.0725021362305
9000000.0000854,-66.0041885375977
9000000.00008541,-65.9564208984375
9000000.00008541,-65.9288330078125
9000000.00008542,-65.9210510253906
9000000.00008542,-65.9327011108398
9000000.00008543,-65.9634094238281
9000000.00008543,-66.0128173828125
9000000.00008544,-66.0805435180664
9000000.00008544,-66.1662139892578
9000000.00008545,-66.2694702148438
9000000.00008545,-66.3899307250977
9000000.00008546,-66.527229309082
9000000.00008546,-66.6802597045898
9000000.00008547,-66.8403167724609
9000000.00008547,-67.0075988769531
9000000.00008548,-67.185546875
9000000.00008548,-67.3775634765625
9000000.00008549,-67.5870666503906
9000000.00008549,-67.8174667358398
9000000.0000855,-68.0721969604492
9000000.0000855,-68.3546600341797
9000000.00008551,-68.6682815551758
9000000.00008551,-69.0164642333984
9000000.00008552,-69.4026412963867
9000000.00008552,-69.8302154541016
9000000.00008553,-70.3026123046875
9000000.00008553,-70.8655395507813
9000000.00008554,-71.5460586547852
9000000.00008554,-72.3196258544922
9000000.00008555,-73.1616973876953
9000000.00008555,-74.0477294921875
9000000.00008556,-74.9531784057617
9000000.00008556,-75.8535003662109
9000000.00008557,-76.7241439819336
9000000.00008557,-77.5405731201172
9000000.00008558,-78.2782363891602
9000000.00008558,-78.9125900268555
9000000.00008559,-79.4190902709961
9000000.00008559,-79.7731857299805
9000000.0000856,-79.9615707397461
9000000.0000856,-80.0145492553711
9000000.00008561,-79.9493713378906
9000000.00008561,-79.7811965942383
9000000.00008562,-79.5251846313477
9000000.00008562,-79.1965103149414
9000000.00008563,-78.8103332519531
9000000.00008563,-78.3818130493164
9000000.00008564,-77.9261322021484
9000000.00008564,-77.4584350585938
9000000.00008565,-76.9939041137695
9000000.00008565,-76.5476989746094
9000000.00008566,-76.1349792480469
9000000.00008566,-75.7658386230469
9000000.00008567,-75.3865509033203
9000000.00008567,-74.9826965332031
9000000.00008568,-74.5593795776367
9000000.00008568,-74.1217422485352
9000000.00008569,-73.6749038696289
9000000.00008569,-73.2239761352539
9000000.0000857,-72.7740859985352
9000000.0000857,-72.3303680419922
9000000.00008571,-71.8979263305664
9000000.00008571,-71.4818954467773
9000000.00008572,-71.0873870849609
9000000.00008572,-70.7195358276367
9000000.00008573,-70.3834533691406
9000000.00008573,-70.0731048583984
9000000.00008574,-69.7786636352539
9000000.00008574,-69.4996185302734
9000000.00008575,-69.2354507446289
9000000.00008575,-68.9856491088867
9000000.00008576,-68.7496871948242
9000000.00008576,-68.5270462036133
9000000.00008577,-68.3172149658203
9000000.00008577,-68.1196670532227
9000000.00008578,-67.9338989257813
9000000.00008578,-67.7593765258789
9000000.00008579,-67.5955810546875
9000000.00008579,-67.442008972168
9000000.0000858,-67.2978210449219
9000000.0000858,-67.1621246337891
9000000.00008581,-67.0357360839844
9000000.00008581,-66.919563293457
9000000.00008582,-66.8145065307617
9000000.00008582,-66.7214813232422
9000000.00008583,-66.6413879394531
9000000.00008583,-66.5751495361328
9000000.00008584,-66.5236587524414
9000000.00008584,-66.4878387451172
9000000.00008585,-66.4685897827148
9000000.00008585,-66.4668273925781
9000000.00008586,-66.4834442138672
9000000.00008586,-66.5183563232422
9000000.00008587,-66.5599822998047
9000000.00008587,-66.6073532104492
9000000.00008588,-66.6637268066406
9000000.00008588,-66.7323455810547
9000000.00008589,-66.8164672851563
9000000.00008589,-66.9193496704102
9000000.0000859,-67.0442428588867
9000000.0000859,-67.1944046020508
9000000.00008591,-67.3730850219727
9000000.00008591,-67.5835418701172
9000000.00008592,-67.8290252685547
9000000.00008592,-68.1127853393555
9000000.00008593,-68.4380798339844
9000000.00008593,-68.8445281982422
9000000.00008594,-69.3552780151367
9000000.00008594,-69.948844909668
9000000.00008595,-70.603759765625
9000000.00008595,-71.2985458374023
9000000.00008596,-72.0117263793945
9000000.00008596,-72.7218322753906
9000000.00008597,-73.4073867797852
9000000.00008597,-74.0469131469727
9000000.00008598,-74.6189346313477
9000000.00008598,-75.1019821166992
9000000.00008599,-75.4745864868164
9000000.00008599,-75.7152557373047
9000000.000086,-75.812141418457
9000000.000086,-75.7911682128906
9000000.00008601,-75.6675872802734
9000000.00008601,-75.4549026489258
9000000.00008602,-75.1666030883789
9000000.00008602,-74.8161926269531
9000000.00008603,-74.4171524047852
9000000.00008603,-73.9830017089844
9000000.00008604,-73.527214050293
9000000.00008604,-73.0633010864258
9000000.00008605,-72.6047592163086
9000000.00008605,-72.1650772094727
9000000.00008606,-71.7577514648438
9000000.00008606,-71.3917083740234
9000000.00008607,-71.0183334350586
9000000.00008607,-70.6247863769531
9000000.00008608,-70.2159042358398
9000000.00008608,-69.796516418457
9000000.00008609,-69.3714599609375
9000000.00008609,-68.9455718994141
9000000.0000861,-68.5236892700195
9000000.0000861,-68.1106414794922
9000000.00008611,-67.7112655639648
9000000.00008611,-67.3303985595703
9000000.00008612,-66.9728698730469
9000000.00008612,-66.6435241699219
9000000.00008613,-66.3471832275391
9000000.00008613,-66.0755996704102
9000000.00008614,-65.8177871704102
9000000.00008614,-65.5744934082031
9000000.00008615,-65.3464660644531
9000000.00008615,-65.1344680786133
9000000.00008616,-64.9392471313477
9000000.00008616,-64.7615585327148
9000000.00008617,-64.6021423339844
9000000.00008617,-64.4617538452148
9000000.00008618,-64.3411560058594
9000000.00008618,-64.241081237793
9000000.00008619,-64.1623001098633
9000000.00008619,-64.1055526733398
9000000.0000862,-64.0713195800781
9000000.0000862,-64.0588684082031
9000000.00008621,-64.0676040649414
9000000.00008621,-64.0970001220703
9000000.00008622,-64.1465148925781
9000000.00008622,-64.2156066894531
9000000.00008623,-64.3037414550781
9000000.00008623,-64.4103775024414
9000000.00008624,-64.5349731445313
9000000.00008624,-64.6769943237305
9000000.00008625,-64.8358993530273
9000000.00008625,-65.0111618041992
9000000.00008626,-65.2022247314453
9000000.00008626,-65.4099197387695
9000000.00008627,-65.6500854492188
9000000.00008627,-65.9234008789063
9000000.00008628,-66.2247848510742
9000000.00008628,-66.5491333007813
9000000.00008629,-66.8913497924805
9000000.00008629,-67.2463455200195
9000000.0000863,-67.609016418457
9000000.0000863,-67.9742813110352
9000000.00008631,-68.337028503418
9000000.00008631,-68.6921691894531
9000000.00008632,-69.0346145629883
9000000.00008632,-69.359260559082
9000000.00008633,-69.6610107421875
9000000.00008633,-69.9583435058594
9000000.00008634,-70.2694244384766
9000000.00008634,-70.5887069702148
9000000.00008635,-70.9106521606445
9000000.00008635,-71.2297210693359
9000000.00008636,-71.5403747558594
9000000.00008636,-71.8370590209961
9000000.00008637,-72.1142425537109
9000000.00008637,-72.3663787841797
9000000.00008638,-72.5879364013672
9000000.00008638,-72.7733535766602
9000000.00008639,-72.917106628418
9000000.00008639,-73.0136413574219
9000000.0000864,-73.0595321655273
9000000.0000864,-73.0604553222656
9000000.00008641,-73.020637512207
9000000.00008641,-72.9439544677734
9000000.00008642,-72.8342819213867
9000000.00008642,-72.6955032348633
9000000.00008643,-72.531494140625
9000000.00008643,-72.3461227416992
9000000.00008644,-72.1432723999023
9000000.00008644,-71.9268188476563
9000000.00008645,-71.7006454467773
9000000.00008645,-71.468620300293
9000000.00008646,-71.234619140625
9000000.00008646,-71.0002975463867
9000000.00008647,-70.7409744262695
9000000.00008647,-70.4528121948242
9000000.00008648,-70.140983581543
9000000.00008648,-69.8106689453125
9000000.00008649,-69.467041015625
9000000.00008649,-69.1152648925781
9000000.0000865,-68.7605209350586
9000000.0000865,-68.4079818725586
9000000.00008651,-68.0628204345703
9000000.00008651,-67.7302169799805
9000000.00008652,-67.4153289794922
9000000.00008652,-67.1233444213867
9000000.00008653,-66.8594360351563
9000000.00008653,-66.6125335693359
9000000.00008654,-66.3693771362305
9000000.00008654,-66.1318664550781
9000000.00008655,-65.9018783569336
9000000.00008655,-65.6813049316406
9000000.00008656,-65.4720306396484
9000000.00008656,-65.2759475708008
9000000.00008657,-65.0949325561523
9000000.00008657,-64.9308853149414
9000000.00008658,-64.7856903076172
9000000.00008658,-64.6612319946289
9000000.00008659,-64.5593948364258
9000000.00008659,-64.4820709228516
9000000.0000866,-64.4270782470703
9000000.0000866,-64.3832397460938
9000000.00008661,-64.3517913818359
9000000.00008661,-64.3349761962891
9000000.00008662,-64.3350524902344
9000000.00008662,-64.3542633056641
9000000.00008663,-64.3948745727539
9000000.00008663,-64.4591217041016
9000000.00008664,-64.5492706298828
9000000.00008664,-64.6675720214844
9000000.00008665,-64.8162612915039
9000000.00008665,-64.9976119995117
9000000.00008666,-65.2138671875
9000000.00008666,-65.468620300293
9000000.00008667,-65.7786102294922
9000000.00008667,-66.1420135498047
9000000.00008668,-66.5508651733398
9000000.00008668,-66.9972152709961
9000000.00008669,-67.4730987548828
9000000.00008669,-67.9705505371094
9000000.0000867,-68.4816207885742
9000000.0000867,-68.9983367919922
9000000.00008671,-69.5127487182617
9000000.00008671,-70.0168914794922
9000000.00008672,-70.5028076171875
9000000.00008672,-70.9625396728516
9000000.00008673,-71.3881149291992
9000000.00008673,-71.8164443969727
9000000.00008674,-72.2813568115234
9000000.00008674,-72.7702713012695
9000000.00008675,-73.270622253418
9000000.00008675,-73.7698287963867
9000000.00008676,-74.2553176879883
9000000.00008676,-74.7145233154297
9000000.00008677,-75.1348648071289
9000000.00008677,-75.5037612915039
9000000.00008678,-75.8086547851563
9000000.00008678,-76.0369567871094
9000000.00008679,-76.1761093139648
9000000.00008679,-76.2135238647461
9000000.0000868,-76.1345367431641
9000000.0000868,-75.9330596923828
9000000.00008681,-75.6241683959961
9000000.00008681,-75.223991394043
9000000.00008682,-74.7486572265625
9000000.00008682,-74.2142868041992
9000000.00008683,-73.6370162963867
9000000.00008683,-73.0329818725586
9000000.00008684,-72.4182968139648
9000000.00008684,-71.8090972900391
9000000.00008685,-71.2215194702148
9000000.00008685,-70.6716766357422
9000000.00008686,-70.1757125854492
9000000.00008686,-69.7452621459961
9000000.00008687,-69.3338165283203
9000000.00008687,-68.9261932373047
9000000.00008688,-68.5240631103516
9000000.00008688,-68.1291351318359
9000000.00008689,-67.7430877685547
9000000.00008689,-67.3676147460938
9000000.0000869,-67.00439453125
9000000.0000869,-66.6551284790039
9000000.00008691,-66.3215026855469
9000000.00008691,-66.0052032470703
9000000.00008692,-65.7079238891602
9000000.00008692,-65.4313430786133
9000000.00008693,-65.1771621704102
9000000.00008693,-64.9423446655273
9000000.00008694,-64.7229309082031
9000000.00008694,-64.5192718505859
9000000.00008695,-64.3317031860352
9000000.00008695,-64.1605682373047
9000000.00008696,-64.0061874389648
9000000.00008696,-63.8689155578613
9000000.00008697,-63.7490844726563
9000000.00008697,-63.647029876709
9000000.00008698,-63.5630912780762
9000000.00008698,-63.4976043701172
9000000.00008699,-63.4509086608887
9000000.00008699,-63.4233436584473
9000000.000087,-63.415714263916
9000000.000087,-63.4293327331543
9000000.00008701,-63.4634628295898
9000000.00008701,-63.5172309875488
9000000.00008702,-63.5897560119629
9000000.00008702,-63.6801681518555
9000000.00008703,-63.7875862121582
9000000.00008703,-63.9111328125
9000000.00008704,-64.049934387207
9000000.00008704,-64.2031173706055
9000000.00008705,-64.3697967529297
9000000.00008705,-64.5491104125977
9000000.00008706,-64.7401657104492
9000000.00008706,-64.9435653686523
9000000.00008707,-65.1761474609375
9000000.00008707,-65.4389419555664
9000000.00008708,-65.7267837524414
9000000.00008708,-66.0345306396484
9000000.00008709,-66.3570404052734
9000000.00008709,-66.6891479492188
9000000.0000871,-67.0257186889648
9000000.0000871,-67.3615951538086
9000000.00008711,-67.6916351318359
9000000.00008711,-68.0106811523438
9000000.00008712,-68.3135833740234
9000000.00008712,-68.5951995849609
9000000.00008713,-68.8503799438477
9000000.00008713,-69.0923843383789
9000000.00008714,-69.3359451293945
9000000.00008714,-69.5780792236328
9000000.00008715,-69.8158111572266
9000000.00008715,-70.0461578369141
9000000.00008716,-70.2661590576172
9000000.00008716,-70.4728164672852
9000000.00008717,-70.6631698608398
9000000.00008717,-70.8342437744141
9000000.00008718,-70.9830474853516
9000000.00008718,-71.1066207885742
9000000.00008719,-71.2019729614258
9000000.00008719,-71.2661361694336
9000000.0000872,-71.2957229614258
9000000.0000872,-71.2895355224609
9000000.00008721,-71.2510604858398
9000000.00008721,-71.1840362548828
9000000.00008722,-71.0921859741211
9000000.00008722,-70.9792327880859
9000000.00008723,-70.8488998413086
9000000.00008723,-70.7049179077148
9000000.00008724,-70.5510025024414
9000000.00008724,-70.3908843994141
9000000.00008725,-70.2282943725586
9000000.00008725,-70.0669555664063
9000000.00008726,-69.9105834960938
9000000.00008726,-69.7614974975586
9000000.00008727,-69.6044921875
9000000.00008727,-69.4360046386719
9000000.00008728,-69.2579956054688
9000000.00008728,-69.0724258422852
9000000.00008729,-68.8812637329102
9000000.00008729,-68.6864776611328
9000000.0000873,-68.4900207519531
9000000.0000873,-68.2938690185547
9000000.00008731,-68.099983215332
9000000.00008731,-67.9103317260742
9000000.00008732,-67.7268676757813
9000000.00008732,-67.5515670776367
9000000.00008733,-67.3863830566406
9000000.00008733,-67.2260284423828
9000000.00008734,-67.0647277832031
9000000.00008734,-66.9037246704102
9000000.00008735,-66.744270324707
9000000.00008735,-66.5876235961914
9000000.00008736,-66.4350280761719
9000000.00008736,-66.287727355957
9000000.00008737,-66.1469802856445
9000000.00008737,-66.0140380859375
9000000.00008738,-65.8901443481445
9000000.00008738,-65.7765579223633
9000000.00008739,-65.6745147705078
9000000.00008739,-65.5852813720703
9000000.0000874,-65.5064697265625
9000000.0000874,-65.4281234741211
9000000.00008741,-65.3517837524414
9000000.00008741,-65.2799453735352
9000000.00008742,-65.2150955200195
9000000.00008742,-65.1596984863281
9000000.00008743,-65.1162567138672
9000000.00008743,-65.0872497558594
9000000.00008744,-65.0751495361328
9000000.00008744,-65.0824508666992
9000000.00008745,-65.1116409301758
9000000.00008745,-65.1651916503906
9000000.00008746,-65.2455902099609
9000000.00008746,-65.3534545898438
9000000.00008747,-65.4677429199219
9000000.00008747,-65.5859375
9000000.00008748,-65.7131958007813
9000000.00008748,-65.8546676635742
9000000.00008749,-66.0155258178711
9000000.00008749,-66.2009124755859
9000000.0000875,-66.4159927368164
9000000.0000875,-66.6659240722656
9000000.00008751,-66.9558715820313
9000000.00008751,-67.2909774780273
9000000.00008752,-67.6764068603516
9000000.00008752,-68.117317199707
9000000.00008753,-68.6188735961914
9000000.00008753,-69.236328125
9000000.00008754,-70.0012512207031
9000000.00008754,-70.8832778930664
9000000.00008755,-71.85205078125
9000000.00008755,-72.8771896362305
9000000.00008756,-73.9283294677734
9000000.00008756,-74.9751052856445
9000000.00008757,-75.9871520996094
9000000.00008757,-76.9340972900391
9000000.00008758,-77.7855758666992
9000000.00008758,-78.5112152099609
9000000.00008759,-79.0806579589844
9000000.00008759,-79.4635238647461
9000000.0000876,-79.6416625976563
9000000.0000876,-79.6479568481445
9000000.00008761,-79.5050659179688
9000000.00008761,-79.2335433959961
9000000.00008762,-78.8539352416992
9000000.00008762,-78.3868103027344
9000000.00008763,-77.8527069091797
9000000.00008763,-77.2721862792969
9000000.00008764,-76.6657943725586
9000000.00008764,-76.054084777832
9000000.00008765,-75.4576187133789
9000000.00008765,-74.8969345092773
9000000.00008766,-74.3926010131836
9000000.00008766,-73.9590148925781
9000000.00008767,-73.5319671630859
9000000.00008767,-73.0920257568359
9000000.00008768,-72.6430892944336
9000000.00008768,-72.1890716552734
9000000.00008769,-71.7338790893555
9000000.00008769,-71.2813949584961
9000000.0000877,-70.8355484008789
9000000.0000877,-70.4002227783203
9000000.00008771,-69.9793319702148
9000000.00008771,-69.5767822265625
9000000.00008772,-69.1964721679688
9000000.00008772,-68.8423080444336
9000000.00008773,-68.5181884765625
9000000.00008773,-68.217658996582
9000000.00008774,-67.9320068359375
9000000.00008774,-67.6617202758789
9000000.00008775,-67.4073181152344
9000000.00008775,-67.1692886352539
9000000.00008776,-66.9481353759766
9000000.00008776,-66.7443771362305
9000000.00008777,-66.5585021972656
9000000.00008777,-66.3910140991211
9000000.00008778,-66.2424240112305
9000000.00008778,-66.1132354736328
9000000.00008779,-66.0039443969727
9000000.00008779,-65.9150619506836
9000000.0000878,-65.8463897705078
9000000.0000878,-65.7960433959961
9000000.00008781,-65.7640380859375
9000000.00008781,-65.7505493164063
9000000.00008782,-65.7557601928711
9000000.00008782,-65.7798461914063
9000000.00008783,-65.8229904174805
9000000.00008783,-65.8853759765625
9000000.00008784,-65.9671859741211
9000000.00008784,-66.0685882568359
9000000.00008785,-66.1897811889648
9000000.00008785,-66.330924987793
9000000.00008786,-66.4922180175781
9000000.00008786,-66.6740798950195
9000000.00008787,-66.8794631958008
9000000.00008787,-67.1082382202148
9000000.00008788,-67.3592071533203
9000000.00008788,-67.6311492919922
9000000.00008789,-67.9228744506836
9000000.00008789,-68.2331695556641
9000000.0000879,-68.5608215332031
9000000.0000879,-68.9046249389648
9000000.00008791,-69.2633743286133
9000000.00008791,-69.6358642578125
9000000.00008792,-70.020881652832
9000000.00008792,-70.4172210693359
9000000.00008793,-70.8236846923828
9000000.00008793,-71.2723007202148
9000000.00008794,-71.7860794067383
9000000.00008794,-72.3502426147461
9000000.00008795,-72.9500122070313
9000000.00008795,-73.5706329345703
9000000.00008796,-74.1973114013672
9000000.00008796,-74.8152923583984
9000000.00008797,-75.4097900390625
9000000.00008797,-75.9660415649414
9000000.00008798,-76.4692687988281
9000000.00008798,-76.9047012329102
9000000.00008799,-77.2575607299805
9000000.00008799,-77.5130844116211
9000000.000088,-77.662223815918
9000000.000088,-77.7203903198242
9000000.00008801,-77.6987915039063
9000000.00008801,-77.6076354980469
9000000.00008802,-77.457145690918
9000000.00008802,-77.2575454711914
9000000.00008803,-77.0190582275391
9000000.00008803,-76.7519073486328
9000000.00008804,-76.46630859375
9000000.00008804,-76.172477722168
9000000.00008805,-75.8806533813477
9000000.00008805,-75.6010437011719
9000000.00008806,-75.3438720703125
9000000.00008806,-75.1164093017578
9000000.00008807,-74.8879013061523
9000000.00008807,-74.6487045288086
9000000.00008808,-74.4003295898438
9000000.00008808,-74.1443176269531
9000000.00008809,-73.8821792602539
9000000.00008809,-73.6154403686523
9000000.0000881,-73.3456268310547
9000000.0000881,-73.0742645263672
9000000.00008811,-72.8028717041016
9000000.00008811,-72.5329742431641
9000000.00008812,-72.2660980224609
9000000.00008812,-72.0037689208984
9000000.00008813,-71.7474975585938
9000000.00008813,-71.4912414550781
9000000.00008814,-71.2292022705078
9000000.00008814,-70.9633026123047
9000000.00008815,-70.6954498291016
9000000.00008815,-70.4275665283203
9000000.00008816,-70.1615676879883
9000000.00008816,-69.8993606567383
9000000.00008817,-69.6428756713867
9000000.00008817,-69.3940200805664
9000000.00008818,-69.1547088623047
9000000.00008818,-68.9268646240234
9000000.00008819,-68.71240234375
9000000.00008819,-68.5132293701172
9000000.0000882,-68.3268966674805
9000000.0000882,-68.1413803100586
9000000.00008821,-67.958122253418
9000000.00008821,-67.7796630859375
9000000.00008822,-67.6085586547852
9000000.00008822,-67.4473571777344
9000000.00008823,-67.2986068725586
9000000.00008823,-67.1648483276367
9000000.00008824,-67.0486373901367
9000000.00008824,-66.9525146484375
9000000.00008825,-66.8790283203125
9000000.00008825,-66.8307342529297
9000000.00008826,-66.810173034668
9000000.00008826,-66.8194732666016
9000000.00008827,-66.8545913696289
9000000.00008827,-66.9131927490234
9000000.00008828,-66.9943618774414
9000000.00008828,-67.0971908569336
9000000.00008829,-67.2207794189453
9000000.00008829,-67.3642196655273
9000000.0000883,-67.526611328125
9000000.0000883,-67.7070388793945
9000000.00008831,-67.9046096801758
9000000.00008831,-68.1184158325195
9000000.00008832,-68.3475494384766
9000000.00008832,-68.5911026000977
9000000.00008833,-68.8481750488281
9000000.00008833,-69.1435928344727
9000000.00008834,-69.4951553344727
9000000.00008834,-69.8913879394531
9000000.00008835,-70.3208236694336
9000000.00008835,-70.7719879150391
9000000.00008836,-71.2334136962891
9000000.00008836,-71.6936416625977
9000000.00008837,-72.1411895751953
9000000.00008837,-72.5645980834961
9000000.00008838,-72.952392578125
9000000.00008838,-73.2931060791016
9000000.00008839,-73.5752716064453
9000000.00008839,-73.7874221801758
9000000.0000884,-73.9250335693359
9000000.0000884,-74.006965637207
9000000.00008841,-74.0399169921875
9000000.00008841,-74.0291595458984
9000000.00008842,-73.9799728393555
9000000.00008842,-73.8976135253906
9000000.00008843,-73.7873611450195
9000000.00008843,-73.6544876098633
9000000.00008844,-73.5042572021484
9000000.00008844,-73.3419494628906
9000000.00008845,-73.1728286743164
9000000.00008845,-73.0021667480469
9000000.00008846,-72.8352432250977
9000000.00008846,-72.6750183105469
9000000.00008847,-72.4964218139648
9000000.00008847,-72.2943649291992
9000000.00008848,-72.072883605957
9000000.00008848,-71.8359985351563
9000000.00008849,-71.587760925293
9000000.00008849,-71.3322067260742
9000000.0000885,-71.073356628418
9000000.0000885,-70.8152542114258
9000000.00008851,-70.5619354248047
9000000.00008851,-70.3174362182617
9000000.00008852,-70.0857849121094
9000000.00008852,-69.8710250854492
9000000.00008853,-69.6771850585938
9000000.00008853,-69.4971694946289
9000000.00008854,-69.3216781616211
9000000.00008854,-69.1514358520508
9000000.00008855,-68.987174987793
9000000.00008855,-68.8296127319336
9000000.00008856,-68.6794815063477
9000000.00008856,-68.5374984741211
9000000.00008857,-68.4043884277344
9000000.00008857,-68.280891418457
9000000.00008858,-68.1677169799805
9000000.00008858,-68.0655975341797
9000000.00008859,-67.9752578735352
9000000.00008859,-67.8974227905273
9000000.0000886,-67.8310546875
9000000.0000886,-67.7713241577148
9000000.00008861,-67.7188491821289
9000000.00008861,-67.6747055053711
9000000.00008862,-67.6399765014648
9000000.00008862,-67.6157302856445
9000000.00008863,-67.6030502319336
9000000.00008863,-67.6030120849609
9000000.00008864,-67.6166915893555
9000000.00008864,-67.6451568603516
9000000.00008865,-67.6894989013672
9000000.00008865,-67.7507781982422
9000000.00008866,-67.830078125
9000000.00008866,-67.9282608032227
9000000.00008867,-68.0431518554688
9000000.00008867,-68.1737442016602
9000000.00008868,-68.3198318481445
9000000.00008868,-68.4811935424805
9000000.00008869,-68.6576156616211
9000000.00008869,-68.8488693237305
9000000.0000887,-69.0547409057617
9000000.0000887,-69.2750244140625
9000000.00008871,-69.5094833374023
9000000.00008871,-69.7579116821289
9000000.00008872,-70.0200958251953
9000000.00008872,-70.2958068847656
9000000.00008873,-70.584831237793
9000000.00008873,-70.9127960205078
9000000.00008874,-71.2972640991211
9000000.00008874,-71.7259216308594
9000000.00008875,-72.1864318847656
9000000.00008875,-72.6664810180664
9000000.00008876,-73.1537551879883
9000000.00008876,-73.6359252929688
9000000.00008877,-74.1006698608398
9000000.00008877,-74.5356750488281
9000000.00008878,-74.9286117553711
9000000.00008878,-75.2671661376953
9000000.00008879,-75.5390167236328
9000000.00008879,-75.7318344116211
9000000.0000888,-75.839225769043
9000000.0000888,-75.8771591186523
9000000.00008881,-75.8540802001953
9000000.00008881,-75.7772903442383
9000000.00008882,-75.6541213989258
9000000.00008882,-75.4918746948242
9000000.00008883,-75.2978820800781
9000000.00008883,-75.0794525146484
9000000.00008884,-74.8439025878906
9000000.00008884,-74.5985565185547
9000000.00008885,-74.350715637207
9000000.00008885,-74.1077041625977
9000000.00008886,-73.8768463134766
9000000.00008886,-73.6623916625977
9000000.00008887,-73.4313430786133
9000000.00008887,-73.176628112793
9000000.00008888,-72.9032363891602
9000000.00008888,-72.6161422729492
9000000.00008889,-72.3203125
9000000.00008889,-72.0207290649414
9000000.0000889,-71.7223739624023
9000000.0000889,-71.4302062988281
9000000.00008891,-71.1492156982422
9000000.00008891,-70.8843688964844
9000000.00008892,-70.6406478881836
9000000.00008892,-70.4230194091797
9000000.00008893,-70.2364654541016
9000000.00008893,-70.0744323730469
9000000.00008894,-69.9269104003906
9000000.00008894,-69.7937469482422
9000000.00008895,-69.6747665405273
9000000.00008895,-69.5697937011719
9000000.00008896,-69.4786605834961
9000000.00008896,-69.4011993408203
9000000.00008897,-69.3372421264648
9000000.00008897,-69.2866134643555
9000000.00008898,-69.2491455078125
9000000.00008898,-69.2246704101563
9000000.00008899,-69.213005065918
9000000.00008899,-69.213996887207
9000000.000089,-69.2279739379883
9000000.000089,-69.2563095092773
9000000.00008901,-69.2987976074219
9000000.00008901,-69.3550796508789
9000000.00008902,-69.4248123168945
9000000.00008902,-69.5076446533203
9000000.00008903,-69.6032257080078
9000000.00008903,-69.7112197875977
9000000.00008904,-69.8312759399414
9000000.00008904,-69.9630355834961
9000000.00008905,-70.1061630249023
9000000.00008905,-70.2602996826172
9000000.00008906,-70.4251098632813
9000000.00008906,-70.6007080078125
9000000.00008907,-70.7925491333008
9000000.00008907,-71.0010299682617
9000000.00008908,-71.2245254516602
9000000.00008908,-71.4614486694336
9000000.00008909,-71.7101745605469
9000000.00008909,-71.969108581543
9000000.0000891,-72.2366409301758
9000000.0000891,-72.5111694335938
9000000.00008911,-72.7910842895508
9000000.00008911,-73.0747756958008
9000000.00008912,-73.3606414794922
9000000.00008912,-73.6470718383789
9000000.00008913,-73.9324645996094
9000000.00008913,-74.2470321655273
9000000.00008914,-74.6129760742188
9000000.00008914,-75.0167007446289
9000000.00008915,-75.4445724487305
9000000.00008915,-75.8829879760742
9000000.00008916,-76.3183441162109
9000000.00008916,-76.7370071411133
9000000.00008917,-77.1253814697266
9000000.00008917,-77.4698486328125
9000000.00008918,-77.7567901611328
9000000.00008918,-77.9726028442383
9000000.00008919,-78.1036758422852
9000000.00008919,-78.1363830566406
9000000.0000892,-78.0583343505859
9000000.0000892,-77.8725662231445
9000000.00008921,-77.5925979614258
9000000.00008921,-77.2321929931641
9000000.00008922,-76.8050918579102
9000000.00008922,-76.3250350952148
9000000.00008923,-75.8057708740234
9000000.00008923,-75.2610397338867
9000000.00008924,-74.7045974731445
9000000.00008924,-74.1501770019531
9000000.00008925,-73.6115264892578
9000000.00008925,-73.1023941040039
9000000.00008926,-72.6365203857422
9000000.00008926,-72.2234649658203
9000000.00008927,-71.8193511962891
9000000.00008927,-71.4111633300781
9000000.00008928,-71.0018463134766
9000000.00008928,-70.5943450927734
9000000.00008929,-70.1915969848633
9000000.00008929,-69.7965393066406
9000000.0000893,-69.4121246337891
9000000.0000893,-69.0412826538086
9000000.00008931,-68.6869659423828
9000000.00008931,-68.3521041870117
9000000.00008932,-68.0396423339844
9000000.00008932,-67.7525253295898
9000000.00008933,-67.4936828613281
9000000.00008933,-67.2612609863281
9000000.00008934,-67.0506896972656
9000000.00008934,-66.8608932495117
9000000.00008935,-66.6908111572266
9000000.00008935,-66.5393600463867
9000000.00008936,-66.4054565429688
9000000.00008936,-66.2880401611328
9000000.00008937,-66.1860198974609
9000000.00008937,-66.0983352661133
9000000.00008938,-66.0239028930664
9000000.00008938,-65.9616546630859
9000000.00008939,-65.9104995727539
9000000.00008939,-65.869384765625
9000000.0000894,-65.8393020629883
9000000.0000894,-65.8260116577148
9000000.00008941,-65.828987121582
9000000.00008941,-65.8471832275391
9000000.00008942,-65.8795623779297
9000000.00008942,-65.9250793457031
9000000.00008943,-65.9827041625977
9000000.00008943,-66.051383972168
9000000.00008944,-66.1300888061523
9000000.00008944,-66.2177734375
9000000.00008945,-66.3133926391602
9000000.00008945,-66.4159088134766
9000000.00008946,-66.5242767333984
9000000.00008946,-66.6370620727539
9000000.00008947,-66.7490768432617
9000000.00008947,-66.8612060546875
9000000.00008948,-66.9762115478516
9000000.00008948,-67.0968780517578
9000000.00008949,-67.2259902954102
9000000.00008949,-67.3663101196289
9000000.0000895,-67.5206298828125
9000000.0000895,-67.6917190551758
9000000.00008951,-67.8823547363281
9000000.00008951,-68.0953216552734
9000000.00008952,-68.3333892822266
9000000.00008952,-68.5993347167969
9000000.00008953,-68.8959426879883
9000000.00008953,-69.2448959350586
9000000.00008954,-69.6577529907227
9000000.00008954,-70.1220779418945
9000000.00008955,-70.6254425048828
9000000.00008955,-71.1554260253906
9000000.00008956,-71.699592590332
9000000.00008956,-72.2455215454102
9000000.00008957,-72.7807846069336
9000000.00008957,-73.2929458618164
9000000.00008958,-73.7695922851563
9000000.00008958,-74.1982803344727
9000000.00008959,-74.5665893554688
9000000.00008959,-74.8620910644531
9000000.0000896,-75.0849533081055
9000000.0000896,-75.2695846557617
9000000.00008961,-75.4191970825195
9000000.00008961,-75.5341186523438
9000000.00008962,-75.6146469116211
9000000.00008962,-75.6611099243164
9000000.00008963,-75.6738052368164
9000000.00008963,-75.6530532836914
9000000.00008964,-75.5991668701172
9000000.00008964,-75.5124588012695
9000000.00008965,-75.3932342529297
9000000.00008965,-75.241813659668
9000000.00008966,-75.0585098266602
9000000.00008966,-74.8409423828125
9000000.00008967,-74.5575103759766
9000000.00008967,-74.2075347900391
9000000.00008968,-73.801872253418
9000000.00008968,-73.3513793945313
9000000.00008969,-72.8669281005859
9000000.00008969,-72.3593826293945
9000000.0000897,-71.839599609375
9000000.0000897,-71.3184432983398
9000000.00008971,-70.8067855834961
9000000.00008971,-70.3154830932617
9000000.00008972,-69.8553924560547
9000000.00008972,-69.437385559082
9000000.00008973,-69.0723266601563
9000000.00008973,-68.7424240112305
9000000.00008974,-68.4235229492188
9000000.00008974,-68.1169357299805
9000000.00008975,-67.823974609375
9000000.00008975,-67.5459594726563
9000000.00008976,-67.2841949462891
9000000.00008976,-67.0400085449219
9000000.00008977,-66.8147125244141
9000000.00008977,-66.6096115112305
9000000.00008978,-66.426025390625
9000000.00008978,-66.265266418457
9000000.00008979,-66.1286544799805
9000000.00008979,-66.0175018310547
9000000.0000898,-65.931037902832
9000000.0000898,-65.8635635375977
9000000.00008981,-65.8153457641602
9000000.00008981,-65.7871322631836
9000000.00008982,-65.7796936035156
9000000.00008982,-65.7938003540039
9000000.00008983,-65.8302001953125
9000000.00008983,-65.8896713256836
9000000.00008984,-65.9729690551758
9000000.00008984,-66.0808639526367
9000000.00008985,-66.214111328125
9000000.00008985,-66.3734817504883
9000000.00008986,-66.5597381591797
9000000.00008986,-66.7751159667969
9000000.00008987,-67.0373229980469
9000000.00008987,-67.3458938598633
9000000.00008988,-67.6938781738281
9000000.00008988,-68.074348449707
9000000.00008989,-68.480354309082
9000000.00008989,-68.9049453735352
9000000.0000899,-69.3411865234375
9000000.0000899,-69.7821273803711
9000000.00008991,-70.220832824707
9000000.00008991,-70.6503524780273
9000000.00008992,-71.0637512207031
9000000.00008992,-71.4540710449219
9000000.00008993,-71.8143768310547
9000000.00008993,-72.1768112182617
9000000.00008994,-72.5708389282227
9000000.00008994,-72.9855117797852
9000000.00008995,-73.4099044799805
9000000.00008995,-73.8330612182617
9000000.00008996,-74.2440338134766
9000000.00008996,-74.6318969726563
9000000.00008997,-74.9856872558594
9000000.00008997,-75.2944717407227
9000000.00008998,-75.5473098754883
9000000.00008998,-75.7332534790039
9000000.00008999,-75.8413543701172
9000000.00008999,-75.8606796264648
9000000.00009,-75.7788696289063
9000000.00009,-75.5917510986328
9000000.00009001,-75.312126159668
9000000.00009001,-74.9535751342773
9000000.00009002,-74.5297164916992
9000000.00009002,-74.0541458129883
9000000.00009003,-73.5404663085938
9000000.00009003,-73.0022735595703
9000000.00009004,-72.4531707763672
9000000.00009004,-71.9067611694336
9000000.00009005,-71.3766403198242
9000000.00009005,-70.8764190673828
9000000.00009006,-70.4196853637695
9000000.00009006,-70.0160522460938
9000000.00009007,-69.6238632202148
9000000.00009007,-69.2302856445313
9000000.00009008,-68.8375930786133
9000000.00009008,-68.4480743408203
9000000.00009009,-68.0640106201172
9000000.00009009,-67.6876983642578
9000000.0000901,-67.321418762207
9000000.0000901,-66.9674453735352
9000000.00009011,-66.6280746459961
9000000.00009011,-66.3055953979492
9000000.00009012,-66.0022888183594
9000000.00009012,-65.7204284667969
9000000.00009013,-65.4623184204102
9000000.00009013,-65.2234725952148
9000000.00009014,-64.9983139038086
9000000.00009014,-64.7874755859375
9000000.00009015,-64.5915832519531
9000000.00009015,-64.4112854003906
9000000.00009016,-64.2472076416016
9000000.00009016,-64.0999908447266
9000000.00009017,-63.9702644348145
9000000.00009017,-63.8586654663086
9000000.00009018,-63.7658233642578
9000000.00009018,-63.6923789978027
9000000.00009019,-63.6389617919922
9000000.00009019,-63.6062088012695
9000000.0000902,-63.5932693481445
9000000.0000902,-63.596061706543
9000000.00009021,-63.6150970458984
9000000.00009021,-63.651252746582
9000000.00009022,-63.7054138183594
9000000.00009022,-63.7784614562988
9000000.00009023,-63.8712768554688
9000000.00009023,-63.9847412109375
9000000.00009024,-64.1197357177734
9000000.00009024,-64.2771453857422
9000000.00009025,-64.4578475952148
9000000.00009025,-64.662727355957
9000000.00009026,-64.8926620483398
9000000.00009026,-65.1470108032227
9000000.00009027,-65.4080581665039
9000000.00009027,-65.6747970581055
9000000.00009028,-65.9526519775391
9000000.00009028,-66.2470703125
9000000.00009029,-66.5634918212891
9000000.00009029,-66.907356262207
9000000.0000903,-67.2841186523438
9000000.0000903,-67.6991958618164
9000000.00009031,-68.1580505371094
9000000.00009031,-68.6661224365234
9000000.00009032,-69.2288360595703
9000000.00009032,-69.8516464233398
9000000.00009033,-70.5400009155273
9000000.00009033,-71.3672027587891
9000000.00009034,-72.3767166137695
9000000.00009034,-73.5292129516602
9000000.00009035,-74.7853240966797
9000000.00009035,-76.1057205200195
9000000.00009036,-77.4510498046875
9000000.00009036,-78.7819671630859
9000000.00009037,-80.0591278076172
9000000.00009037,-81.2431869506836
9000000.00009038,-82.2947998046875
9000000.00009038,-83.1746215820313
9000000.00009039,-83.8432998657227
9000000.00009039,-84.2614974975586
9000000.0000904,-84.3994750976563
9000000.0000904,-84.2827377319336
9000000.00009041,-83.9455871582031
9000000.00009041,-83.4212646484375
9000000.00009042,-82.7430114746094
9000000.00009042,-81.9440612792969
9000000.00009043,-81.0576705932617
9000000.00009043,-80.1170806884766
9000000.00009044,-79.155517578125
9000000.00009044,-78.2062377929688
9000000.00009045,-77.3024749755859
9000000.00009045,-76.4774780273438
9000000.00009046,-75.7644882202148
9000000.00009046,-75.1884078979492
9000000.00009047,-74.6642456054688
9000000.00009047,-74.1608276367188
9000000.00009048,-73.6778106689453
9000000.00009048,-73.2148361206055
9000000.00009049,-72.7715682983398
9000000.00009049,-72.3476638793945
9000000.0000905,-71.9427642822266
9000000.0000905,-71.5565338134766
9000000.00009051,-71.1886215209961
9000000.00009051,-70.8386840820313
9000000.00009052,-70.5063705444336
9000000.00009052,-70.1913452148438
9000000.00009053,-69.8932571411133
9000000.00009053,-69.6140518188477
9000000.00009054,-69.3554458618164
9000000.00009054,-69.1167221069336
9000000.00009055,-68.8971633911133
9000000.00009055,-68.6960525512695
9000000.00009056,-68.5126724243164
9000000.00009056,-68.3462982177734
9000000.00009057,-68.1962203979492
9000000.00009057,-68.0617218017578
9000000.00009058,-67.9420852661133
9000000.00009058,-67.8365859985352
9000000.00009059,-67.7445220947266
9000000.00009059,-67.6651611328125
9000000.0000906,-67.59521484375
9000000.0000906,-67.5275497436523
9000000.00009061,-67.4649887084961
9000000.00009061,-67.4110717773438
9000000.00009062,-67.3693389892578
9000000.00009062,-67.3433303833008
9000000.00009063,-67.3365936279297
9000000.00009063,-67.352668762207
9000000.00009064,-67.3950958251953
9000000.00009064,-67.4674224853516
9000000.00009065,-67.5731811523438
9000000.00009065,-67.7159271240234
9000000.00009066,-67.8991851806641
9000000.00009066,-68.1272354125977
9000000.00009067,-68.4099273681641
9000000.00009067,-68.7441864013672
9000000.00009068,-69.1233062744141
9000000.00009068,-69.5405654907227
9000000.00009069,-69.9892501831055
9000000.00009069,-70.4626541137695
9000000.0000907,-70.9540634155273
9000000.0000907,-71.4567565917969
9000000.00009071,-71.9640197753906
9000000.00009071,-72.4691467285156
9000000.00009072,-72.9654159545898
9000000.00009072,-73.4461135864258
9000000.00009073,-73.9045333862305
9000000.00009073,-74.3754959106445
9000000.00009074,-74.8900146484375
9000000.00009074,-75.4356994628906
9000000.00009075,-76.0001373291016
9000000.00009075,-76.570930480957
9000000.00009076,-77.1356811523438
9000000.00009076,-77.6819763183594
9000000.00009077,-78.1974258422852
9000000.00009077,-78.6696166992188
9000000.00009078,-79.0861511230469
9000000.00009078,-79.4346237182617
9000000.00009079,-79.7026290893555
9000000.00009079,-79.8777770996094
9000000.0000908,-79.9486541748047
9000000.0000908,-79.9177093505859
9000000.00009081,-79.79736328125
9000000.00009081,-79.6002655029297
9000000.00009082,-79.3390579223633
9000000.00009082,-79.0263824462891
9000000.00009083,-78.6748733520508
9000000.00009083,-78.2971801757813
9000000.00009084,-77.9059371948242
9000000.00009084,-77.5137939453125
9000000.00009085,-77.1333923339844
9000000.00009085,-76.7773666381836
9000000.00009086,-76.4583587646484
9000000.00009086,-76.1858825683594
9000000.00009087,-75.9279403686523
9000000.00009087,-75.6726913452148
9000000.00009088,-75.4198760986328
9000000.00009088,-75.1692428588867
9000000.00009089,-74.920539855957
9000000.00009089,-74.6735305786133
9000000.0000909,-74.4279403686523
9000000.0000909,-74.1835403442383
9000000.00009091,-73.9400634765625
9000000.00009091,-73.697265625
9000000.00009092,-73.4548950195313
9000000.00009092,-73.2126998901367
9000000.00009093,-72.9704360961914
9000000.00009093,-72.7240295410156
9000000.00009094,-72.4710464477539
9000000.00009094,-72.2136077880859
9000000.00009095,-71.9538650512695
9000000.00009095,-71.6939697265625
9000000.00009096,-71.4360427856445
9000000.00009096,-71.182243347168
9000000.00009097,-70.9347076416016
9000000.00009097,-70.6955718994141
9000000.00009098,-70.4669952392578
9000000.00009098,-70.2510986328125
9000000.00009099,-70.0500411987305
9000000.00009099,-69.8659515380859
9000000.000091,-69.6956329345703
9000000.000091,-69.5243835449219
9000000.00009101,-69.3541717529297
9000000.00009101,-69.1883392333984
9000000.00009102,-69.0302200317383
9000000.00009102,-68.8831481933594
9000000.00009103,-68.7504730224609
9000000.00009103,-68.6355209350586
9000000.00009104,-68.5416259765625
9000000.00009104,-68.4721298217773
9000000.00009105,-68.4303741455078
9000000.00009105,-68.419677734375
9000000.00009106,-68.4433975219727
9000000.00009106,-68.5035552978516
9000000.00009107,-68.5860977172852
9000000.00009107,-68.6878204345703
9000000.00009108,-68.8106536865234
9000000.00009108,-68.9564971923828
9000000.00009109,-69.1272583007813
9000000.00009109,-69.3248672485352
9000000.0000911,-69.5512313842773
9000000.0000911,-69.8082580566406
9000000.00009111,-70.0978622436523
9000000.00009111,-70.4219665527344
9000000.00009112,-70.782470703125
9000000.00009112,-71.1812973022461
9000000.00009113,-71.6203536987305
9000000.00009113,-72.1586303710938
9000000.00009114,-72.8338317871094
9000000.00009114,-73.6159744262695
9000000.00009115,-74.4750747680664
9000000.00009115,-75.3811416625977
9000000.00009116,-76.30419921875
9000000.00009116,-77.2142486572266
9000000.00009117,-78.0813140869141
9000000.00009117,-78.8753967285156
9000000.00009118,-79.566520690918
9000000.00009118,-80.1247024536133
9000000.00009119,-80.5199432373047
9000000.00009119,-80.7222671508789
9000000.0000912,-80.7084121704102
9000000.0000912,-80.4961624145508
9000000.00009121,-80.1121520996094
9000000.00009121,-79.5823364257813
9000000.00009122,-78.9326934814453
9000000.00009122,-78.1891937255859
9000000.00009123,-77.377799987793
9000000.00009123,-76.5244903564453
9000000.00009124,-75.6552429199219
9000000.00009124,-74.796012878418
9000000.00009125,-73.9727783203125
9000000.00009125,-73.2115173339844
9000000.00009126,-72.5381851196289
9000000.00009126,-71.9720458984375
9000000.00009127,-71.4441986083984
9000000.00009127,-70.9302673339844
9000000.00009128,-70.4308395385742
9000000.00009128,-69.9465408325195
9000000.00009129,-69.4779663085938
9000000.00009129,-69.0257263183594
9000000.0000913,-68.5904388427734
9000000.0000913,-68.1726913452148
9000000.00009131,-67.7731094360352
9000000.00009131,-67.3922882080078
9000000.00009132,-67.0308456420898
9000000.00009132,-66.6893768310547
9000000.00009133,-66.3684997558594
9000000.00009133,-66.0682678222656
9000000.00009134,-65.7880554199219
9000000.00009134,-65.5274124145508
9000000.00009135,-65.2859115600586
9000000.00009135,-65.0630950927734
9000000.00009136,-64.858528137207
9000000.00009136,-64.6717681884766
9000000.00009137,-64.5023803710938
9000000.00009137,-64.3499221801758
9000000.00009138,-64.2139511108398
9000000.00009138,-64.0940246582031
9000000.00009139,-63.9897041320801
9000000.00009139,-63.9005470275879
9000000.0000914,-63.8266716003418
9000000.0000914,-63.7695999145508
9000000.00009141,-63.7293586730957
9000000.00009141,-63.7058410644531
9000000.00009142,-63.6989440917969
9000000.00009142,-63.7085571289063
9000000.00009143,-63.7345771789551
9000000.00009143,-63.7768974304199
9000000.00009144,-63.8354148864746
9000000.00009144,-63.9100189208984
9000000.00009145,-64.000602722168
9000000.00009145,-64.107063293457
9000000.00009146,-64.2293014526367
9000000.00009146,-64.3663177490234
9000000.00009147,-64.5077819824219
9000000.00009147,-64.6536560058594
9000000.00009148,-64.8076858520508
9000000.00009148,-64.9736099243164
9000000.00009149,-65.1551818847656
9000000.00009149,-65.3561553955078
9000000.0000915,-65.5802688598633
9000000.0000915,-65.8312683105469
9000000.00009151,-66.1129150390625
9000000.00009151,-66.4289474487305
9000000.00009152,-66.7831115722656
9000000.00009152,-67.1791534423828
9000000.00009153,-67.6208267211914
9000000.00009153,-68.1417388916016
9000000.00009154,-68.7603912353516
9000000.00009154,-69.4579162597656
9000000.00009155,-70.2154388427734
9000000.00009155,-71.0140609741211
9000000.00009156,-71.8349227905273
9000000.00009156,-72.6591415405273
9000000.00009157,-73.4678268432617
9000000.00009157,-74.2421112060547
9000000.00009158,-74.9631042480469
9000000.00009158,-75.6119384765625
9000000.00009159,-76.1697235107422
9000000.00009159,-76.6175918579102
9000000.0000916,-76.9505615234375
9000000.0000916,-77.2065048217773
9000000.00009161,-77.3944778442383
9000000.00009161,-77.5205154418945
9000000.00009162,-77.5906677246094
9000000.00009162,-77.6109771728516
9000000.00009163,-77.5874862670898
9000000.00009163,-77.526237487793
9000000.00009164,-77.4332656860352
9000000.00009164,-77.3146209716797
9000000.00009165,-77.1763381958008
9000000.00009165,-77.0244674682617
9000000.00009166,-76.8650512695313
9000000.00009166,-76.7009582519531
9000000.00009167,-76.4973220825195
9000000.00009167,-76.2482147216797
9000000.00009168,-75.9604263305664
9000000.00009168,-75.6407623291016
9000000.00009169,-75.296012878418
9000000.00009169,-74.9329681396484
9000000.0000917,-74.5584182739258
9000000.0000917,-74.1791687011719
9000000.00009171,-73.802001953125
9000000.00009171,-73.433723449707
9000000.00009172,-73.0811080932617
9000000.00009172,-72.7509765625
9000000.00009173,-72.4500961303711
9000000.00009173,-72.1675109863281
9000000.00009174,-71.8882141113281
9000000.00009174,-71.6129455566406
9000000.00009175,-71.3424606323242
9000000.00009175,-71.077507019043
9000000.00009176,-70.8188323974609
9000000.00009176,-70.5671844482422
9000000.00009177,-70.3233032226563
9000000.00009177,-70.0879440307617
9000000.00009178,-69.8618545532227
9000000.00009178,-69.6457901000977
9000000.00009179,-69.4404830932617
9000000.00009179,-69.2466888427734
9000000.0000918,-69.0619354248047
9000000.0000918,-68.8773727416992
9000000.00009181,-68.6947708129883
9000000.00009181,-68.516731262207
9000000.00009182,-68.3458480834961
9000000.00009182,-68.1847305297852
9000000.00009183,-68.0359802246094
9000000.00009183,-67.9021987915039
9000000.00009184,-67.7859878540039
9000000.00009184,-67.6899490356445
9000000.00009185,-67.6166915893555
9000000.00009185,-67.5688095092773
9000000.00009186,-67.5489120483398
9000000.00009186,-67.5582885742188
9000000.00009187,-67.5824661254883
9000000.00009187,-67.6189117431641
9000000.00009188,-67.6703491210938
9000000.00009188,-67.7395095825195
9000000.00009189,-67.8291244506836
9000000.00009189,-67.9419097900391
9000000.0000919,-68.0806045532227
9000000.0000919,-68.247932434082
9000000.00009191,-68.4466247558594
9000000.00009191,-68.6794052124023
9000000.00009192,-68.9490051269531
9000000.00009192,-69.2581481933594
9000000.00009193,-69.6095657348633
9000000.00009193,-70.0488891601563
9000000.00009194,-70.6038818359375
9000000.00009194,-71.2505264282227
9000000.00009195,-71.9647598266602
9000000.00009195,-72.7225646972656
9000000.00009196,-73.499885559082
9000000.00009196,-74.2726898193359
9000000.00009197,-75.0169448852539
9000000.00009197,-75.7086029052734
9000000.00009198,-76.3236236572266
9000000.00009198,-76.8379821777344
9000000.00009199,-77.2276229858398
9000000.00009199,-77.4685211181641
9000000.000092,-77.5454864501953
9000000.000092,-77.4823684692383
9000000.00009201,-77.297737121582
9000000.00009201,-77.0087127685547
9000000.00009202,-76.6324005126953
9000000.00009202,-76.1859359741211
9000000.00009203,-75.6864395141602
9000000.00009203,-75.1510162353516
9000000.00009204,-74.596794128418
9000000.00009204,-74.040901184082
9000000.00009205,-73.5004425048828
9000000.00009205,-72.9925384521484
9000000.00009206,-72.5343170166016
9000000.00009206,-72.1377868652344
9000000.00009207,-71.7494735717773
9000000.00009207,-71.3531951904297
9000000.00009208,-70.9521942138672
9000000.00009208,-70.5497207641602
9000000.00009209,-70.1490020751953
9000000.00009209,-69.753303527832
9000000.0000921,-69.3658447265625
9000000.0000921,-68.9898834228516
9000000.00009211,-68.6286544799805
9000000.00009211,-68.285400390625
9000000.00009212,-67.9633712768555
9000000.00009212,-67.6658020019531
9000000.00009213,-67.3959426879883
9000000.00009213,-67.1482086181641
9000000.00009214,-66.9152374267578
9000000.00009214,-66.6975250244141
9000000.00009215,-66.49560546875
9000000.00009215,-66.3099975585938
9000000.00009216,-66.1412048339844
9000000.00009216,-65.9897613525391
9000000.00009217,-65.8561706542969
9000000.00009217,-65.7409591674805
9000000.00009218,-65.644645690918
9000000.00009218,-65.5677490234375
9000000.00009219,-65.5107803344727
9000000.00009219,-65.4742660522461
9000000.0000922,-65.4573059082031
9000000.0000922,-65.4560012817383
9000000.00009221,-65.4709396362305
9000000.00009221,-65.5030517578125
9000000.00009222,-65.5532684326172
9000000.00009222,-65.6225357055664
9000000.00009223,-65.711784362793
9000000.00009223,-65.8219528198242
9000000.00009224,-65.953987121582
9000000.00009224,-66.1088027954102
9000000.00009225,-66.287353515625
9000000.00009225,-66.4905700683594
9000000.00009226,-66.7193908691406
9000000.00009226,-66.9756088256836
9000000.00009227,-67.2695846557617
9000000.00009227,-67.6006240844727
9000000.00009228,-67.9642028808594
9000000.00009228,-68.3557968139648
9000000.00009229,-68.7708969116211
9000000.00009229,-69.2049865722656
9000000.0000923,-69.6535415649414
9000000.0000923,-70.1120452880859
9000000.00009231,-70.5759887695313
9000000.00009231,-71.0408401489258
9000000.00009232,-71.5020904541016
9000000.00009232,-71.9552230834961
9000000.00009233,-72.3957138061523
9000000.00009233,-72.8601684570313
9000000.00009234,-73.3783569335938
9000000.00009234,-73.9355392456055
9000000.00009235,-74.5169525146484
9000000.00009235,-75.1078414916992
9000000.00009236,-75.6934585571289
9000000.00009236,-76.2590484619141
9000000.00009237,-76.7898635864258
9000000.00009237,-77.2711410522461
9000000.00009238,-77.6881332397461
9000000.00009238,-78.0260848999023
9000000.00009239,-78.2702484130859
9000000.00009239,-78.4058609008789
9000000.0000924,-78.4186706542969
9000000.0000924,-78.3096618652344
9000000.00009241,-78.0941772460938
9000000.00009241,-77.7879867553711
9000000.00009242,-77.4068756103516
9000000.00009242,-76.9666290283203
9000000.00009243,-76.4830169677734
9000000.00009243,-75.9718246459961
9000000.00009244,-75.4488372802734
9000000.00009244,-74.9298248291016
9000000.00009245,-74.4305725097656
9000000.00009245,-73.9668655395508
9000000.00009246,-73.5544738769531
9000000.00009246,-73.2048645019531
9000000.00009247,-72.8733673095703
9000000.00009247,-72.5451354980469
9000000.00009248,-72.2215118408203
9000000.00009248,-71.9038696289063
9000000.00009249,-71.5935668945313
9000000.00009249,-71.2919540405273
9000000.0000925,-71.0003967285156
9000000.0000925,-70.7202529907227
9000000.00009251,-70.452880859375
9000000.00009251,-70.1996383666992
9000000.00009252,-69.9618835449219
9000000.00009252,-69.7409744262695
9000000.00009253,-69.5382766723633
9000000.00009253,-69.353630065918
9000000.00009254,-69.1854019165039
9000000.00009254,-69.0327606201172
9000000.00009255,-68.8948516845703
9000000.00009255,-68.7708511352539
9000000.00009256,-68.6599044799805
9000000.00009256,-68.5611801147461
9000000.00009257,-68.4738311767578
9000000.00009257,-68.3970184326172
9000000.00009258,-68.3299026489258
9000000.00009258,-68.2716445922852
9000000.00009259,-68.2213973999023
9000000.00009259,-68.1783294677734
9000000.0000926,-68.142951965332
9000000.0000926,-68.1190338134766
9000000.00009261,-68.1063613891602
9000000.00009261,-68.1044235229492
9000000.00009262,-68.1126861572266
9000000.00009262,-68.1306228637695
9000000.00009263,-68.1576995849609
9000000.00009263,-68.1933975219727
9000000.00009264,-68.237174987793
9000000.00009264,-68.2885131835938
9000000.00009265,-68.3468856811523
9000000.00009265,-68.411750793457
9000000.00009266,-68.4825973510742
9000000.00009266,-68.5596008300781
9000000.00009267,-68.6509170532227
9000000.00009267,-68.7571487426758
9000000.00009268,-68.8758773803711
9000000.00009268,-69.0047149658203
9000000.00009269,-69.1412582397461
9000000.00009269,-69.2831115722656
9000000.0000927,-69.4278793334961
9000000.0000927,-69.5731582641602
9000000.00009271,-69.7165451049805
9000000.00009271,-69.8556442260742
9000000.00009272,-69.9880599975586
9000000.00009272,-70.1113891601563
9000000.00009273,-70.2232437133789
9000000.00009273,-70.3334579467773
9000000.00009274,-70.4513778686523
9000000.00009274,-70.5738296508789
9000000.00009275,-70.6976470947266
9000000.00009275,-70.8196563720703
9000000.00009276,-70.9366760253906
9000000.00009276,-71.0455474853516
9000000.00009277,-71.1430892944336
9000000.00009277,-71.2261276245117
9000000.00009278,-71.29150390625
9000000.00009278,-71.3360366821289
9000000.00009279,-71.356559753418
9000000.00009279,-71.3498916625977
9000000.0000928,-71.3141326904297
9000000.0000928,-71.252685546875
9000000.00009281,-71.1679306030273
9000000.00009281,-71.0620193481445
9000000.00009282,-70.9371109008789
9000000.00009282,-70.7953643798828
9000000.00009283,-70.6389389038086
9000000.00009283,-70.4699935913086
9000000.00009284,-70.2906799316406
9000000.00009284,-70.1031646728516
9000000.00009285,-69.9095993041992
9000000.00009285,-69.7121429443359
9000000.00009286,-69.5129547119141
9000000.00009286,-69.3126831054688
9000000.00009287,-69.094352722168
9000000.00009287,-68.8558044433594
9000000.00009288,-68.6010437011719
9000000.00009288,-68.334098815918
9000000.00009289,-68.0589752197266
9000000.00009289,-67.7797012329102
9000000.0000929,-67.5002822875977
9000000.0000929,-67.2247467041016
9000000.00009291,-66.9571075439453
9000000.00009291,-66.7013854980469
9000000.00009292,-66.4615859985352
9000000.00009292,-66.2417373657227
9000000.00009293,-66.0458602905273
9000000.00009293,-65.8654327392578
9000000.00009294,-65.6902236938477
9000000.00009294,-65.5216445922852
9000000.00009295,-65.3611450195313
9000000.00009295,-65.2101287841797
9000000.00009296,-65.0700378417969
9000000.00009296,-64.9422988891602
9000000.00009297,-64.8283309936523
9000000.00009297,-64.7295608520508
9000000.00009298,-64.6474227905273
9000000.00009298,-64.5833435058594
9000000.00009299,-64.5387420654297
9000000.00009299,-64.5150527954102
9000000.000093,-64.5139312744141
9000000.000093,-64.5360565185547
9000000.00009301,-64.5797271728516
9000000.00009301,-64.6431121826172
9000000.00009302,-64.7243881225586
9000000.00009302,-64.8217239379883
9000000.00009303,-64.9333038330078
9000000.00009303,-65.0572967529297
9000000.00009304,-65.1918716430664
9000000.00009304,-65.335205078125
9000000.00009305,-65.485481262207
9000000.00009305,-65.6408615112305
9000000.00009306,-65.7995223999023
9000000.00009306,-65.9609680175781
9000000.00009307,-66.1399917602539
9000000.00009307,-66.3384628295898
9000000.00009308,-66.5528030395508
9000000.00009308,-66.7794494628906
9000000.00009309,-67.0148544311523
9000000.00009309,-67.2554473876953
9000000.0000931,-67.4976654052734
9000000.0000931,-67.7379455566406
9000000.00009311,-67.9727401733398
9000000.00009311,-68.1984710693359
9000000.00009312,-68.4115829467773
9000000.00009312,-68.608512878418
9000000.00009313,-68.7857055664063
9000000.00009313,-68.9513626098633
9000000.00009314,-69.1150131225586
9000000.00009314,-69.2750625610352
9000000.00009315,-69.429931640625
9000000.00009315,-69.5780334472656
9000000.00009316,-69.7177810668945
9000000.00009316,-69.8475875854492
9000000.00009317,-69.9658584594727
9000000.00009317,-70.0710144042969
9000000.00009318,-70.1614685058594
9000000.00009318,-70.2356338500977
9000000.00009319,-70.2919235229492
9000000.00009319,-70.328742980957
9000000.0000932,-70.3455963134766
9000000.0000932,-70.3454208374023
9000000.00009321,-70.3290328979492
9000000.00009321,-70.2970581054688
9000000.00009322,-70.2500762939453
9000000.00009322,-70.1887130737305
9000000.00009323,-70.1135482788086
9000000.00009323,-70.0252075195313
9000000.00009324,-69.9242706298828
9000000.00009324,-69.8113555908203
9000000.00009325,-69.6870651245117
9000000.00009325,-69.5519943237305
9000000.00009326,-69.4067535400391
9000000.00009326,-69.2507705688477
9000000.00009327,-69.0705108642578
9000000.00009327,-68.8652572631836
9000000.00009328,-68.6392364501953
9000000.00009328,-68.3966751098633
9000000.00009329,-68.1417922973633
9000000.00009329,-67.8788223266602
9000000.0000933,-67.6119842529297
9000000.0000933,-67.3454971313477
9000000.00009331,-67.0836029052734
9000000.00009331,-66.8305206298828
9000000.00009332,-66.5904769897461
9000000.00009332,-66.3676910400391
9000000.00009333,-66.166389465332
9000000.00009333,-65.9774703979492
9000000.00009334,-65.7900466918945
9000000.00009334,-65.6056976318359
9000000.00009335,-65.4260101318359
9000000.00009335,-65.2525482177734
9000000.00009336,-65.0868988037109
9000000.00009336,-64.9306335449219
9000000.00009337,-64.7853317260742
9000000.00009337,-64.6525726318359
9000000.00009338,-64.533935546875
9000000.00009338,-64.4309921264648
9000000.00009339,-64.345329284668
9000000.00009339,-64.2785110473633
9000000.0000934,-64.2308502197266
9000000.0000934,-64.1988677978516
9000000.00009341,-64.1819000244141
9000000.00009341,-64.1795654296875
9000000.00009342,-64.1914749145508
9000000.00009342,-64.2172393798828
9000000.00009343,-64.256477355957
9000000.00009343,-64.3087997436523
9000000.00009344,-64.3738327026367
9000000.00009344,-64.4511795043945
9000000.00009345,-64.5404586791992
9000000.00009345,-64.6412887573242
9000000.00009346,-64.7532806396484
9000000.00009346,-64.8768692016602
9000000.00009347,-65.0215454101563
9000000.00009347,-65.1877746582031
9000000.00009348,-65.3725738525391
9000000.00009348,-65.5729293823242
9000000.00009349,-65.7858581542969
9000000.00009349,-66.0083541870117
9000000.0000935,-66.2374114990234
9000000.0000935,-66.4700469970703
9000000.00009351,-66.703254699707
9000000.00009351,-66.9340438842773
9000000.00009352,-67.1594085693359
9000000.00009352,-67.376350402832
9000000.00009353,-67.5818786621094
9000000.00009353,-67.7861404418945
9000000.00009354,-67.9993591308594
9000000.00009354,-68.2186050415039
9000000.00009355,-68.4409790039063
9000000.00009355,-68.6635513305664
9000000.00009356,-68.8834075927734
9000000.00009356,-69.0976486206055
9000000.00009357,-69.303337097168
9000000.00009357,-69.4975814819336
9000000.00009358,-69.6774444580078
9000000.00009358,-69.8400268554688
9000000.00009359,-69.9824066162109
9000000.00009359,-70.1016693115234
9000000.0000936,-70.1952743530273
9000000.0000936,-70.2641830444336
9000000.00009361,-70.3111953735352
9000000.00009361,-70.3391494750977
9000000.00009362,-70.3508529663086
9000000.00009362,-70.3491439819336
9000000.00009363,-70.3368301391602
9000000.00009363,-70.3167495727539
9000000.00009364,-70.2917175292969
9000000.00009364,-70.2645568847656
9000000.00009365,-70.2380828857422
9000000.00009365,-70.2151336669922
9000000.00009366,-70.1985244750977
9000000.00009366,-70.1901473999023
9000000.00009367,-70.1801147460938
9000000.00009367,-70.1657485961914
9000000.00009368,-70.1479568481445
9000000.00009368,-70.1276473999023
9000000.00009369,-70.1057357788086
9000000.00009369,-70.083137512207
9000000.0000937,-70.0607604980469
9000000.0000937,-70.0395126342773
9000000.00009371,-70.0203094482422
9000000.00009371,-70.0040664672852
9000000.00009372,-69.9916915893555
9000000.00009372,-69.9840927124023
9000000.00009373,-69.982177734375
9000000.00009373,-69.9878005981445
9000000.00009374,-70.0011825561523
9000000.00009374,-70.0208053588867
9000000.00009375,-70.045166015625
9000000.00009375,-70.0727462768555
9000000.00009376,-70.1020431518555
9000000.00009376,-70.1315307617188
9000000.00009377,-70.1597137451172
9000000.00009377,-70.1850662231445
9000000.00009378,-70.2060928344727
9000000.00009378,-70.2212677001953
9000000.00009379,-70.2290802001953
9000000.00009379,-70.22802734375
9000000.0000938,-70.2138900756836
9000000.0000938,-70.1791687011719
9000000.00009381,-70.1276397705078
9000000.00009381,-70.0638427734375
9000000.00009382,-69.9923400878906
9000000.00009382,-69.9176864624023
9000000.00009383,-69.8444290161133
9000000.00009383,-69.7771148681641
9000000.00009384,-69.7203140258789
9000000.00009384,-69.6785659790039
9000000.00009385,-69.6564254760742
9000000.00009385,-69.6584548950195
9000000.00009386,-69.6891937255859
9000000.00009386,-69.7525787353516
9000000.00009387,-69.8430099487305
9000000.00009387,-69.9562911987305
9000000.00009388,-70.0902404785156
9000000.00009388,-70.2426834106445
9000000.00009389,-70.4114379882813
9000000.00009389,-70.5943222045898
9000000.0000939,-70.7891540527344
9000000.0000939,-70.993766784668
9000000.00009391,-71.2059631347656
9000000.00009391,-71.4235687255859
9000000.00009392,-71.644401550293
9000000.00009392,-71.8662872314453
9000000.00009393,-72.0870361328125
9000000.00009393,-72.3281860351563
9000000.00009394,-72.606689453125
9000000.00009394,-72.91357421875
9000000.00009395,-73.2398223876953
9000000.00009395,-73.5764541625977
9000000.00009396,-73.9144668579102
9000000.00009396,-74.2448654174805
9000000.00009397,-74.5586471557617
9000000.00009397,-74.8468246459961
9000000.00009398,-75.1003952026367
9000000.00009398,-75.3103637695313
9000000.00009399,-75.4677352905273
9000000.00009399,-75.5635070800781
9000000.000094,-75.5915222167969
9000000.000094,-75.5593490600586
9000000.00009401,-75.4743270874023
9000000.00009401,-75.3433837890625
9000000.00009402,-75.1734390258789
9000000.00009402,-74.971435546875
9000000.00009403,-74.7442932128906
9000000.00009403,-74.4989395141602
9000000.00009404,-74.242301940918
9000000.00009404,-73.981315612793
9000000.00009405,-73.7228927612305
9000000.00009405,-73.4739761352539
9000000.00009406,-73.2414932250977
9000000.00009406,-73.030029296875
9000000.00009407,-72.81494140625
9000000.00009407,-72.5896301269531
9000000.00009408,-72.3564758300781
9000000.00009408,-72.1178665161133
9000000.00009409,-71.8761749267578
9000000.00009409,-71.6337890625
9000000.0000941,-71.3930740356445
9000000.0000941,-71.1564254760742
9000000.00009411,-70.9262237548828
9000000.00009411,-70.704833984375
9000000.00009412,-70.4946517944336
9000000.00009412,-70.2980499267578
9000000.00009413,-70.1174087524414
9000000.00009413,-69.9481887817383
9000000.00009414,-69.7846450805664
9000000.00009414,-69.6273956298828
9000000.00009415,-69.4770355224609
9000000.00009415,-69.3341674804688
9000000.00009416,-69.1994018554688
9000000.00009416,-69.0733413696289
9000000.00009417,-68.9565887451172
9000000.00009417,-68.849739074707
9000000.00009418,-68.7534103393555
9000000.00009418,-68.6681900024414
9000000.00009419,-68.5946960449219
9000000.00009419,-68.5335311889648
9000000.0000942,-68.4844131469727
9000000.0000942,-68.4449615478516
9000000.00009421,-68.4152221679688
9000000.00009421,-68.3954544067383
9000000.00009422,-68.3859329223633
9000000.00009422,-68.3869171142578
9000000.00009423,-68.3986663818359
9000000.00009423,-68.4214553833008
9000000.00009424,-68.4555358886719
9000000.00009424,-68.5011825561523
9000000.00009425,-68.5586547851563
9000000.00009425,-68.6282196044922
9000000.00009426,-68.7101364135742
9000000.00009426,-68.8054122924805
9000000.00009427,-68.9228591918945
9000000.00009427,-69.0623474121094
9000000.00009428,-69.2205429077148
9000000.00009428,-69.3940734863281
9000000.00009429,-69.5795974731445
9000000.00009429,-69.7737655639648
9000000.0000943,-69.9732284545898
9000000.0000943,-70.1746292114258
9000000.00009431,-70.3746109008789
9000000.00009431,-70.5698318481445
9000000.00009432,-70.7569427490234
9000000.00009432,-70.9325790405273
9000000.00009433,-71.0934066772461
9000000.00009433,-71.2536392211914
9000000.00009434,-71.4266357421875
9000000.00009434,-71.6077499389648
9000000.00009435,-71.7923126220703
9000000.00009435,-71.9756774902344
9000000.00009436,-72.1531753540039
9000000.00009436,-72.3201522827148
9000000.00009437,-72.4719543457031
9000000.00009437,-72.6039276123047
9000000.00009438,-72.7114105224609
9000000.00009438,-72.7897415161133
9000000.00009439,-72.8342666625977
9000000.00009439,-72.84033203125
9000000.0000944,-72.8045806884766
9000000.0000944,-72.7304992675781
9000000.00009441,-72.6220169067383
9000000.00009441,-72.4828872680664
9000000.00009442,-72.3168640136719
9000000.00009442,-72.1277008056641
9000000.00009443,-71.9191513061523
9000000.00009443,-71.6949768066406
9000000.00009444,-71.4589233398438
9000000.00009444,-71.2147598266602
9000000.00009445,-70.9662246704102
9000000.00009445,-70.7170867919922
9000000.00009446,-70.4710922241211
9000000.00009446,-70.2301330566406
9000000.00009447,-69.973747253418
9000000.00009447,-69.6982650756836
9000000.00009448,-69.4074859619141
9000000.00009448,-69.1052093505859
9000000.00009449,-68.7952194213867
9000000.00009449,-68.481330871582
9000000.0000945,-68.1673202514648
9000000.0000945,-67.8569869995117
9000000.00009451,-67.5541381835938
9000000.00009451,-67.262565612793
9000000.00009452,-66.9860534667969
9000000.00009452,-66.7284164428711
9000000.00009453,-66.4934387207031
9000000.00009453,-66.2727890014648
9000000.00009454,-66.0565948486328
9000000.00009454,-65.8463439941406
9000000.00009455,-65.6435394287109
9000000.00009455,-65.4496536254883
9000000.00009456,-65.2661819458008
9000000.00009456,-65.094612121582
9000000.00009457,-64.9364395141602
9000000.00009457,-64.7931442260742
9000000.00009458,-64.6662216186523
9000000.00009458,-64.5571517944336
9000000.00009459,-64.4674377441406
9000000.00009459,-64.398567199707
9000000.0000946,-64.3493194580078
9000000.0000946,-64.3123092651367
9000000.00009461,-64.2880859375
9000000.00009461,-64.2778854370117
9000000.00009462,-64.2829360961914
9000000.00009462,-64.3044662475586
9000000.00009463,-64.3437042236328
9000000.00009463,-64.4018707275391
9000000.00009464,-64.4802093505859
9000000.00009464,-64.5799407958984
9000000.00009465,-64.7022933959961
9000000.00009465,-64.8484954833984
9000000.00009466,-65.019775390625
9000000.00009466,-65.2162322998047
9000000.00009467,-65.4250335693359
9000000.00009467,-65.6448974609375
9000000.00009468,-65.8792343139648
9000000.00009468,-66.1314544677734
9000000.00009469,-66.4049530029297
9000000.00009469,-66.7031555175781
9000000.0000947,-67.0294570922852
9000000.0000947,-67.3872756958008
9000000.00009471,-67.7800140380859
9000000.00009471,-68.2110748291016
9000000.00009472,-68.6838760375977
9000000.00009472,-69.2018203735352
9000000.00009473,-69.768310546875
9000000.00009473,-70.4392929077148
9000000.00009474,-71.2487411499023
9000000.00009474,-72.1671524047852
9000000.00009475,-73.1650009155273
9000000.00009475,-74.212776184082
9000000.00009476,-75.2809753417969
9000000.00009476,-76.3400726318359
9000000.00009477,-77.3605651855469
9000000.00009477,-78.3129348754883
9000000.00009478,-79.1676788330078
9000000.00009478,-79.895263671875
9000000.00009479,-80.466194152832
9000000.00009479,-80.8509521484375
9000000.0000948,-81.0289993286133
9000000.0000948,-81.024299621582
9000000.00009481,-80.8611907958984
9000000.00009481,-80.5627288818359
9000000.00009482,-80.1519775390625
9000000.00009482,-79.6519927978516
9000000.00009483,-79.0858383178711
9000000.00009483,-78.4765777587891
9000000.00009484,-77.8472671508789
9000000.00009484,-77.2209701538086
9000000.00009485,-76.620735168457
9000000.00009485,-76.0696411132813
9000000.00009486,-75.5907363891602
9000000.00009486,-75.2009811401367
9000000.00009487,-74.8375701904297
9000000.00009487,-74.4788131713867
9000000.00009488,-74.125846862793
9000000.00009488,-73.7797698974609
9000000.00009489,-73.4417037963867
9000000.00009489,-73.1127700805664
9000000.0000949,-72.794075012207
9000000.0000949,-72.4867401123047
9000000.00009491,-72.1918869018555
9000000.00009491,-71.9106216430664
9000000.00009492,-71.6440658569336
9000000.00009492,-71.3933410644531
9000000.00009493,-71.1595458984375
9000000.00009493,-70.9415130615234
9000000.00009494,-70.737190246582
9000000.00009494,-70.5464019775391
9000000.00009495,-70.3689575195313
9000000.00009495,-70.2046966552734
9000000.00009496,-70.0534286499023
9000000.00009496,-69.9149856567383
9000000.00009497,-69.789176940918
9000000.00009497,-69.6758422851563
9000000.00009498,-69.5747909545898
9000000.00009498,-69.4858474731445
9000000.00009499,-69.4088363647461
9000000.00009499,-69.3435821533203
9000000.000095,-69.2883148193359
9000000.000095,-69.2386703491211
9000000.00009501,-69.1960830688477
9000000.00009501,-69.1624603271484
9000000.00009502,-69.1396713256836
9000000.00009502,-69.1296081542969
9000000.00009503,-69.1341552734375
9000000.00009503,-69.1552047729492
9000000.00009504,-69.1946411132813
9000000.00009504,-69.2543411254883
9000000.00009505,-69.3362045288086
9000000.00009505,-69.4421157836914
9000000.00009506,-69.5739517211914
9000000.00009506,-69.7322235107422
9000000.00009507,-69.9013595581055
9000000.00009507,-70.079460144043
9000000.00009508,-70.2702865600586
9000000.00009508,-70.4776153564453
9000000.00009509,-70.7052154541016
9000000.00009509,-70.9568634033203
9000000.0000951,-71.2363204956055
9000000.0000951,-71.5473556518555
9000000.00009511,-71.8937530517578
9000000.00009511,-72.2792739868164
9000000.00009512,-72.7076950073242
9000000.00009512,-73.1827850341797
9000000.00009513,-73.7083053588867
9000000.00009513,-74.3499069213867
9000000.00009514,-75.1477203369141
9000000.00009514,-76.0672607421875
9000000.00009515,-77.0740585327148
9000000.00009515,-78.1336288452148
9000000.00009516,-79.2114944458008
9000000.00009516,-80.2731781005859
9000000.00009517,-81.2841949462891
9000000.00009517,-82.2100677490234
9000000.00009518,-83.0163269042969
9000000.00009518,-83.6684799194336
9000000.00009519,-84.1320571899414
9000000.00009519,-84.3725814819336
9000000.0000952,-84.3631744384766
9000000.0000952,-84.1239700317383
9000000.00009521,-83.685661315918
9000000.00009521,-83.078239440918
9000000.00009522,-82.3317031860352
9000000.00009522,-81.4760360717773
9000000.00009523,-80.5412445068359
9000000.00009523,-79.5573120117188
9000000.00009524,-78.5542297363281
9000000.00009524,-77.5619964599609
9000000.00009525,-76.6106033325195
9000000.00009525,-75.7300415039063
9000000.00009526,-74.9503021240234
9000000.00009526,-74.2934341430664
9000000.00009527,-73.677604675293
9000000.00009527,-73.0746307373047
9000000.00009528,-72.4859924316406
9000000.00009528,-71.9132080078125
9000000.00009529,-71.3577651977539
9000000.00009529,-70.8211669921875
9000000.0000953,-70.3049087524414
9000000.0000953,-69.8105010986328
9000000.00009531,-69.3394317626953
9000000.00009531,-68.8932037353516
9000000.00009532,-68.4733200073242
9000000.00009532,-68.0812759399414
9000000.00009533,-67.7185745239258
9000000.00009533,-67.3830871582031
9000000.00009534,-67.0717163085938
9000000.00009534,-66.7844619750977
9000000.00009535,-66.5213623046875
9000000.00009535,-66.2824325561523
9000000.00009536,-66.0676803588867
9000000.00009536,-65.8771362304688
9000000.00009537,-65.710823059082
9000000.00009537,-65.5687561035156
9000000.00009538,-65.4509506225586
9000000.00009538,-65.357421875
9000000.00009539,-65.2882080078125
9000000.00009539,-65.2433090209961
9000000.0000954,-65.2244491577148
9000000.0000954,-65.2362594604492
9000000.00009541,-65.2773971557617
9000000.00009541,-65.3460235595703
9000000.00009542,-65.4403305053711
9000000.00009542,-65.5584945678711
9000000.00009543,-65.6986923217773
9000000.00009543,-65.8591156005859
9000000.00009544,-66.0379409790039
9000000.00009544,-66.2333450317383
9000000.00009545,-66.4435119628906
9000000.00009545,-66.666618347168
9000000.00009546,-66.9008407592773
9000000.00009546,-67.1467361450195
9000000.00009547,-67.4313735961914
9000000.00009547,-67.7567443847656
9000000.00009548,-68.1149597167969
9000000.00009548,-68.4981231689453
9000000.00009549,-68.8983459472656
9000000.00009549,-69.3077239990234
9000000.0000955,-69.7183609008789
9000000.0000955,-70.1223678588867
9000000.00009551,-70.511848449707
9000000.00009551,-70.8789138793945
9000000.00009552,-71.2156524658203
9000000.00009552,-71.5141830444336
9000000.00009553,-71.7666091918945
9000000.00009553,-71.9846343994141
9000000.00009554,-72.1849899291992
9000000.00009554,-72.367317199707
9000000.00009555,-72.5312576293945
9000000.00009555,-72.6764450073242
9000000.00009556,-72.8025131225586
9000000.00009556,-72.9091110229492
9000000.00009557,-72.9958648681641
9000000.00009557,-73.0624237060547
9000000.00009558,-73.1084213256836
9000000.00009558,-73.1334991455078
9000000.00009559,-73.1372833251953
9000000.00009559,-73.1194229125977
9000000.0000956,-73.0771484375
9000000.0000956,-73.0037841796875
9000000.00009561,-72.9016418457031
9000000.00009561,-72.7736968994141
9000000.00009562,-72.622917175293
9000000.00009562,-72.4522857666016
9000000.00009563,-72.2647552490234
9000000.00009563,-72.0633087158203
9000000.00009564,-71.8509216308594
9000000.00009564,-71.6305618286133
9000000.00009565,-71.4051971435547
9000000.00009565,-71.1778030395508
9000000.00009566,-70.9513473510742
9000000.00009566,-70.7271270751953
9000000.00009567,-70.486572265625
9000000.00009567,-70.2267303466797
9000000.00009568,-69.9514617919922
9000000.00009568,-69.6646118164063
9000000.00009569,-69.3700103759766
9000000.00009569,-69.0715255737305
9000000.0000957,-68.7729873657227
9000000.0000957,-68.4782409667969
9000000.00009571,-68.1911392211914
9000000.00009571,-67.9155197143555
9000000.00009572,-67.6552352905273
9000000.00009572,-67.4141235351563
9000000.00009573,-67.1960372924805
9000000.00009573,-66.9914245605469
9000000.00009574,-66.7895431518555
9000000.00009574,-66.5924453735352
9000000.00009575,-66.4021606445313
9000000.00009575,-66.2207489013672
9000000.00009576,-66.0502548217773
9000000.00009576,-65.892707824707
9000000.00009577,-65.7501754760742
9000000.00009577,-65.6246871948242
9000000.00009578,-65.5182952880859
9000000.00009578,-65.4330444335938
9000000.00009579,-65.370979309082
9000000.00009579,-65.3341445922852
9000000.0000958,-65.3220748901367
9000000.0000958,-65.3278732299805
9000000.00009581,-65.3513793945313
9000000.00009581,-65.3930053710938
9000000.00009582,-65.4531707763672
9000000.00009582,-65.5322952270508
9000000.00009583,-65.6308059692383
9000000.00009583,-65.7491149902344
9000000.00009584,-65.8876495361328
9000000.00009584,-66.0468215942383
9000000.00009585,-66.2270584106445
9000000.00009585,-66.4287796020508
9000000.00009586,-66.6524124145508
9000000.00009586,-66.8997192382813
9000000.00009587,-67.1869201660156
9000000.00009587,-67.5138320922852
9000000.00009588,-67.8743667602539
9000000.00009588,-68.2624130249023
9000000.00009589,-68.671875
9000000.00009589,-69.0966415405273
9000000.0000959,-69.530632019043
9000000.0000959,-69.9677276611328
9000000.00009591,-70.4018325805664
9000000.00009591,-70.8268508911133
9000000.00009592,-71.2366790771484
9000000.00009592,-71.6252136230469
9000000.00009593,-71.9863510131836
9000000.00009593,-72.3406753540039
9000000.00009594,-72.7089080810547
9000000.00009594,-73.0851593017578
9000000.00009595,-73.4635314941406
9000000.00009595,-73.8381423950195
9000000.00009596,-74.2031097412109
9000000.00009596,-74.5525283813477
9000000.00009597,-74.8805236816406
9000000.00009597,-75.1812057495117
9000000.00009598,-75.4486770629883
9000000.00009598,-75.6770553588867
9000000.00009599,-75.8604507446289
9000000.00009599,-75.9929733276367
9000000.000096,-76.0695495605469
9000000.000096,-76.0922622680664
9000000.00009601,-76.0667419433594
9000000.00009601,-75.9986419677734
9000000.00009602,-75.8935928344727
9000000.00009602,-75.7572555541992
9000000.00009603,-75.5952606201172
9000000.00009603,-75.4132537841797
9000000.00009604,-75.2168884277344
9000000.00009604,-75.0118026733398
9000000.00009605,-74.8036346435547
9000000.00009605,-74.5980377197266
9000000.00009606,-74.4006576538086
9000000.00009606,-74.2152862548828
9000000.00009607,-74.0224456787109
9000000.00009607,-73.8167724609375
9000000.00009608,-73.6000061035156
9000000.00009608,-73.3738479614258
9000000.00009609,-73.1400375366211
9000000.00009609,-72.9002914428711
9000000.0000961,-72.6563339233398
9000000.0000961,-72.4098968505859
9000000.00009611,-72.1626892089844
9000000.00009611,-71.9164428710938
9000000.00009612,-71.6728820800781
9000000.00009612,-71.4337310791016
9000000.00009613,-71.2007064819336
9000000.00009613,-70.9679260253906
9000000.00009614,-70.7294769287109
9000000.00009614,-70.487060546875
9000000.00009615,-70.2423858642578
9000000.00009615,-69.9971466064453
9000000.00009616,-69.7530517578125
9000000.00009616,-69.5117950439453
9000000.00009617,-69.2750778198242
9000000.00009617,-69.0446090698242
9000000.00009618,-68.8220748901367
9000000.00009618,-68.6091918945313
9000000.00009619,-68.4076614379883
9000000.00009619,-68.2191772460938
9000000.0000962,-68.0418701171875
9000000.0000962,-67.8659820556641
9000000.00009621,-67.6925201416016
9000000.00009621,-67.5234069824219
9000000.00009622,-67.3605499267578
9000000.00009622,-67.2058868408203
9000000.00009623,-67.0613098144531
9000000.00009623,-66.9287567138672
9000000.00009624,-66.8101348876953
9000000.00009624,-66.7073593139648
9000000.00009625,-66.6223602294922
9000000.00009625,-66.5570373535156
9000000.00009626,-66.513313293457
9000000.00009626,-66.4918441772461
9000000.00009627,-66.4785079956055
9000000.00009627,-66.4713821411133
9000000.00009628,-66.4736938476563
9000000.00009628,-66.4886932373047
9000000.00009629,-66.5196151733398
9000000.00009629,-66.5696792602539
9000000.0000963,-66.6421356201172
9000000.0000963,-66.7402114868164
9000000.00009631,-66.8671417236328
9000000.00009631,-67.0261611938477
9000000.00009632,-67.2205123901367
9000000.00009632,-67.4534225463867
9000000.00009633,-67.7281341552734
9000000.00009633,-68.0749740600586
9000000.00009634,-68.5108337402344
9000000.00009634,-69.0187683105469
9000000.00009635,-69.5818328857422
9000000.00009635,-70.1830825805664
9000000.00009636,-70.8055725097656
9000000.00009636,-71.4323501586914
9000000.00009637,-72.0464859008789
9000000.00009637,-72.6310272216797
9000000.00009638,-73.1690292358398
9000000.00009638,-73.6435546875
9000000.00009639,-74.0376434326172
9000000.00009639,-74.3343658447266
9000000.0000964,-74.5301666259766
9000000.0000964,-74.6615600585938
9000000.00009641,-74.7359466552734
9000000.00009641,-74.7577667236328
9000000.00009642,-74.7314758300781
9000000.00009642,-74.6615142822266
9000000.00009643,-74.5523376464844
9000000.00009643,-74.4083862304688
9000000.00009644,-74.2341079711914
9000000.00009644,-74.0339508056641
9000000.00009645,-73.8123550415039
9000000.00009645,-73.5737838745117
9000000.00009646,-73.3226699829102
9000000.00009646,-73.0600280761719
9000000.00009647,-72.7471313476563
9000000.00009647,-72.3794555664063
9000000.00009648,-71.9666061401367
9000000.00009648,-71.5181884765625
9000000.00009649,-71.043815612793
9000000.00009649,-70.553092956543
9000000.0000965,-70.0556259155273
9000000.0000965,-69.5610198974609
9000000.00009651,-69.0788879394531
9000000.00009651,-68.6188354492188
9000000.00009652,-68.1904678344727
9000000.00009652,-67.8033981323242
9000000.00009653,-67.4672317504883
9000000.00009653,-67.1653289794922
9000000.00009654,-66.8757171630859
9000000.00009654,-66.6000137329102
9000000.00009655,-66.3397979736328
9000000.00009655,-66.0966796875
9000000.00009656,-65.8722686767578
9000000.00009656,-65.6681518554688
9000000.00009657,-65.4859313964844
9000000.00009657,-65.3272171020508
9000000.00009658,-65.193603515625
9000000.00009658,-65.0866928100586
9000000.00009659,-65.0080871582031
9000000.00009659,-64.9593811035156
9000000.0000966,-64.9385528564453
9000000.0000966,-64.9356079101563
9000000.00009661,-64.9517440795898
9000000.00009661,-64.9890594482422
9000000.00009662,-65.0496597290039
9000000.00009662,-65.1356506347656
9000000.00009663,-65.2491455078125
9000000.00009663,-65.3922348022461
9000000.00009664,-65.5670318603516
9000000.00009664,-65.7756423950195
9000000.00009665,-66.0201721191406
9000000.00009665,-66.3027191162109
9000000.00009666,-66.6253967285156
9000000.00009666,-66.9935150146484
9000000.00009667,-67.445671081543
9000000.00009667,-67.9804763793945
9000000.00009668,-68.5823745727539
9000000.00009668,-69.2358245849609
9000000.00009669,-69.9252853393555
9000000.00009669,-70.6352081298828
9000000.0000967,-71.3500366210938
9000000.0000967,-72.0542449951172
9000000.00009671,-72.7322769165039
9000000.00009671,-73.3685836791992
9000000.00009672,-73.9476165771484
9000000.00009672,-74.4538421630859
9000000.00009673,-74.871711730957
9000000.00009673,-75.2170791625977
9000000.00009674,-75.5180282592773
9000000.00009674,-75.7773361206055
9000000.00009675,-75.9978103637695
9000000.00009675,-76.1822280883789
9000000.00009676,-76.3333892822266
9000000.00009676,-76.4540710449219
9000000.00009677,-76.5470657348633
9000000.00009677,-76.6151733398438
9000000.00009678,-76.6611709594727
9000000.00009678,-76.687858581543
9000000.00009679,-76.6980209350586
9000000.00009679,-76.6944427490234
9000000.0000968,-76.6740112304688
9000000.0000968,-76.6205215454102
9000000.00009681,-76.5356903076172
9000000.00009681,-76.422737121582
9000000.00009682,-76.2848739624023
9000000.00009682,-76.1253051757813
9000000.00009683,-75.9472503662109
9000000.00009683,-75.7539138793945
9000000.00009684,-75.5485153198242
9000000.00009684,-75.3342590332031
9000000.00009685,-75.1143646240234
9000000.00009685,-74.8920440673828
9000000.00009686,-74.6705017089844
9000000.00009686,-74.4515380859375
9000000.00009687,-74.2198638916016
9000000.00009687,-73.9723663330078
9000000.00009688,-73.7115173339844
9000000.00009688,-73.4397811889648
9000000.00009689,-73.1596374511719
9000000.00009689,-72.8735427856445
9000000.0000969,-72.5839691162109
9000000.0000969,-72.2933959960938
9000000.00009691,-72.0042877197266
9000000.00009691,-71.719108581543
9000000.00009692,-71.4403381347656
9000000.00009692,-71.1704330444336
9000000.00009693,-70.9118728637695
9000000.00009693,-70.6562271118164
9000000.00009694,-70.3950500488281
9000000.00009694,-70.1307525634766
9000000.00009695,-69.8657913208008
9000000.00009695,-69.6025772094727
9000000.00009696,-69.3435516357422
9000000.00009696,-69.0911407470703
9000000.00009697,-68.847785949707
9000000.00009697,-68.6159057617188
9000000.00009698,-68.3979415893555
9000000.00009698,-68.1963272094727
9000000.00009699,-68.0134811401367
9000000.00009699,-67.8518371582031
9000000.000097,-67.7097930908203
9000000.000097,-67.5762634277344
9000000.00009701,-67.4518661499023
9000000.00009701,-67.3382263183594
9000000.00009702,-67.2369689941406
9000000.00009702,-67.1497116088867
9000000.00009703,-67.0780792236328
9000000.00009703,-67.0236968994141
9000000.00009704,-66.9881820678711
9000000.00009704,-66.9731597900391
9000000.00009705,-66.9802474975586
9000000.00009705,-67.0110702514648
9000000.00009706,-67.0672607421875
9000000.00009706,-67.1492919921875
9000000.00009707,-67.244499206543
9000000.00009707,-67.3512496948242
9000000.00009708,-67.472541809082
9000000.00009708,-67.6113510131836
9000000.00009709,-67.7706832885742
9000000.00009709,-67.9535293579102
9000000.0000971,-68.1628799438477
9000000.0000971,-68.401725769043
9000000.00009711,-68.6730575561523
9000000.00009711,-68.9798736572266
9000000.00009712,-69.3251647949219
9000000.00009712,-69.7119216918945
9000000.00009713,-70.1431350708008
9000000.00009713,-70.6566467285156
9000000.00009714,-71.2746963500977
9000000.00009714,-71.9768524169922
9000000.00009715,-72.7426681518555
9000000.00009715,-73.5517120361328
9000000.00009716,-74.3835678100586
9000000.00009716,-75.2177810668945
9000000.00009717,-76.0339279174805
9000000.00009717,-76.8115692138672
9000000.00009718,-77.5302810668945
9000000.00009718,-78.1696166992188
9000000.00009719,-78.7091522216797
9000000.00009719,-79.1284561157227
9000000.0000972,-79.4214248657227
9000000.0000972,-79.6270751953125
9000000.00009721,-79.7557754516602
9000000.00009721,-79.8148345947266
9000000.00009722,-79.8115463256836
9000000.00009722,-79.7532196044922
9000000.00009723,-79.6471481323242
9000000.00009723,-79.5006408691406
9000000.00009724,-79.3209915161133
9000000.00009724,-79.1155090332031
9000000.00009725,-78.8914947509766
9000000.00009725,-78.6562423706055
9000000.00009726,-78.4170684814453
9000000.00009726,-78.1775054931641
9000000.00009727,-77.896240234375
9000000.00009727,-77.5661315917969
9000000.00009728,-77.1950988769531
9000000.00009728,-76.7910537719727
9000000.00009729,-76.3619155883789
9000000.00009729,-75.9156036376953
9000000.0000973,-75.4600372314453
9000000.0000973,-75.0031204223633
9000000.00009731,-74.5527877807617
9000000.00009731,-74.1169509887695
9000000.00009732,-73.7035217285156
9000000.00009732,-73.320426940918
9000000.00009733,-72.9755783081055
9000000.00009733,-72.6584701538086
9000000.00009734,-72.353157043457
9000000.00009734,-72.0593948364258
9000000.00009735,-71.7769622802734
9000000.00009735,-71.5056076049805
9000000.00009736,-71.2450942993164
9000000.00009736,-70.9951934814453
9000000.00009737,-70.7556533813477
9000000.00009737,-70.5262451171875
9000000.00009738,-70.3067245483398
9000000.00009738,-70.0968551635742
9000000.00009739,-69.8964080810547
9000000.00009739,-69.7051315307617
9000000.0000974,-69.5214309692383
9000000.0000974,-69.3415145874023
9000000.00009741,-69.1667327880859
9000000.00009741,-68.9988021850586
9000000.00009742,-68.8394470214844
9000000.00009742,-68.6903991699219
9000000.00009743,-68.5533752441406
9000000.00009743,-68.4300918579102
9000000.00009744,-68.3222732543945
9000000.00009744,-68.2316513061523
9000000.00009745,-68.1599426269531
9000000.00009745,-68.1088714599609
9000000.00009746,-68.0801544189453
9000000.00009746,-68.0739974975586
9000000.00009747,-68.0730667114258
9000000.00009747,-68.0755920410156
9000000.00009748,-68.0861129760742
9000000.00009748,-68.1091613769531
9000000.00009749,-68.1492767333984
9000000.00009749,-68.2110061645508
9000000.0000975,-68.2988739013672
9000000.0000975,-68.4174346923828
9000000.00009751,-68.5712203979492
9000000.00009751,-68.764778137207
9000000.00009752,-69.0026321411133
9000000.00009752,-69.2893295288086
9000000.00009753,-69.6294097900391
9000000.00009753,-70.0613021850586
9000000.00009754,-70.6059036254883
9000000.00009754,-71.2414398193359
9000000.00009755,-71.9461669921875
9000000.00009755,-72.6983108520508
9000000.00009756,-73.4761047363281
9000000.00009756,-74.2578048706055
9000000.00009757,-75.0216369628906
9000000.00009757,-75.7458343505859
9000000.00009758,-76.4086456298828
9000000.00009758,-76.9883117675781
9000000.00009759,-77.4630584716797
9000000.00009759,-77.8111267089844
9000000.0000976,-78.0244674682617
9000000.0000976,-78.1402740478516
9000000.00009761,-78.1708602905273
9000000.00009761,-78.1256713867188
9000000.00009762,-78.01416015625
9000000.00009762,-77.8457794189453
9000000.00009763,-77.6299743652344
9000000.00009763,-77.3762054443359
9000000.00009764,-77.0939178466797
9000000.00009764,-76.7925567626953
9000000.00009765,-76.4815902709961
9000000.00009765,-76.1704559326172
9000000.00009766,-75.8686065673828
9000000.00009766,-75.5814208984375
9000000.00009767,-75.2646331787109
9000000.00009767,-74.9091186523438
9000000.00009768,-74.5218658447266
9000000.00009768,-74.1098785400391
9000000.00009769,-73.6801376342773
9000000.00009769,-73.2396545410156
9000000.0000977,-72.7954254150391
9000000.0000977,-72.3544311523438
9000000.00009771,-71.9236831665039
9000000.00009771,-71.5101623535156
9000000.00009772,-71.1208801269531
9000000.00009772,-70.762825012207
9000000.00009773,-70.442985534668
9000000.00009773,-70.15234375
9000000.00009774,-69.8769836425781
9000000.00009774,-69.6165618896484
9000000.00009775,-69.3707504272461
9000000.00009775,-69.1392211914063
9000000.00009776,-68.9216232299805
9000000.00009776,-68.7176361083984
9000000.00009777,-68.5269165039063
9000000.00009777,-68.3491363525391
9000000.00009778,-68.183952331543
9000000.00009778,-68.0310363769531
9000000.00009779,-67.8900451660156
9000000.00009779,-67.7606582641602
9000000.0000978,-67.6412658691406
9000000.0000978,-67.5283813476563
9000000.00009781,-67.4233703613281
9000000.00009781,-67.3279418945313
9000000.00009782,-67.2438125610352
9000000.00009782,-67.1727142333984
9000000.00009783,-67.116340637207
9000000.00009783,-67.0764236450195
9000000.00009784,-67.0546722412109
9000000.00009784,-67.0528030395508
9000000.00009785,-67.0725402832031
9000000.00009785,-67.1155853271484
9000000.00009786,-67.1836700439453
9000000.00009786,-67.2767791748047
9000000.00009787,-67.3753967285156
9000000.00009787,-67.4777145385742
9000000.00009788,-67.5890502929688
9000000.00009788,-67.7147369384766
9000000.00009789,-67.8600921630859
9000000.00009789,-68.0304565429688
9000000.0000979,-68.2311325073242
9000000.0000979,-68.4674682617188
9000000.00009791,-68.7447662353516
9000000.00009791,-69.0683746337891
9000000.00009792,-69.443603515625
9000000.00009792,-69.8757781982422
9000000.00009793,-70.3702239990234
9000000.00009793,-70.9929733276367
9000000.00009794,-71.7826843261719
9000000.00009794,-72.7036361694336
9000000.00009795,-73.7201156616211
9000000.00009795,-74.7964019775391
9000000.00009796,-75.8967742919922
9000000.00009796,-76.9855194091797
9000000.00009797,-78.0269165039063
9000000.00009797,-78.9852447509766
9000000.00009798,-79.8247985839844
9000000.00009798,-80.5098419189453
9000000.00009799,-81.0046768188477
9000000.00009799,-81.273567199707
9000000.000098,-81.2895584106445
9000000.000098,-81.0758590698242
9000000.00009801,-80.6635894775391
9000000.00009801,-80.0829010009766
9000000.00009802,-79.3639526367188
9000000.00009802,-78.5368881225586
9000000.00009803,-77.6318588256836
9000000.00009803,-76.6790237426758
9000000.00009804,-75.7085266113281
9000000.00009804,-74.7505264282227
9000000.00009805,-73.8351669311523
9000000.00009805,-72.9926147460938
9000000.00009806,-72.2530059814453
9000000.00009806,-71.6387557983398
9000000.00009807,-71.0705795288086
9000000.00009807,-70.5201797485352
9000000.00009808,-69.9879989624023
9000000.00009808,-69.4745025634766
9000000.00009809,-68.9801483154297
9000000.00009809,-68.5054016113281
9000000.0000981,-68.0507125854492
9000000.0000981,-67.6165390014648
9000000.00009811,-67.2033462524414
9000000.00009811,-66.8115921020508
9000000.00009812,-66.4417266845703
9000000.00009812,-66.0942230224609
9000000.00009813,-65.7695236206055
9000000.00009813,-65.4670181274414
9000000.00009814,-65.1857604980469
9000000.00009814,-64.9257583618164
9000000.00009815,-64.6869964599609
9000000.00009815,-64.4694671630859
9000000.00009816,-64.2731628417969
9000000.00009816,-64.0980834960938
9000000.00009817,-63.9442253112793
9000000.00009817,-63.8115730285645
9000000.00009818,-63.700122833252
9000000.00009818,-63.6098670959473
9000000.00009819,-63.5408020019531
9000000.00009819,-63.492919921875
9000000.0000982,-63.4635734558105
9000000.0000982,-63.4454689025879
9000000.00009821,-63.4407234191895
9000000.00009821,-63.4521560668945
9000000.00009822,-63.4825973510742
9000000.00009822,-63.5348701477051
9000000.00009823,-63.6117973327637
9000000.00009823,-63.7162055969238
9000000.00009824,-63.8509216308594
9000000.00009824,-64.0187683105469
9000000.00009825,-64.2225646972656
9000000.00009825,-64.4651489257813
9000000.00009826,-64.7493362426758
9000000.00009826,-65.0807418823242
9000000.00009827,-65.4933624267578
9000000.00009827,-65.9850921630859
9000000.00009828,-66.5413436889648
9000000.00009828,-67.1475448608398
9000000.00009829,-67.7891235351563
9000000.00009829,-68.4515075683594
9000000.0000983,-69.1201248168945
9000000.0000983,-69.780387878418
9000000.00009831,-70.4177322387695
9000000.00009831,-71.0175857543945
9000000.00009832,-71.5653686523438
9000000.00009832,-72.046501159668
9000000.00009833,-72.4464263916016
9000000.00009833,-72.7919311523438
9000000.00009834,-73.1174392700195
9000000.00009834,-73.4197311401367
9000000.00009835,-73.6956329345703
9000000.00009835,-73.9419326782227
9000000.00009836,-74.1554336547852
9000000.00009836,-74.3329544067383
9000000.00009837,-74.4712829589844
9000000.00009837,-74.5672378540039
9000000.00009838,-74.6176071166992
9000000.00009838,-74.6192092895508
9000000.00009839,-74.5688400268555
9000000.00009839,-74.4633102416992
9000000.0000984,-74.2913284301758
9000000.0000984,-74.0305328369141
9000000.00009841,-73.6907730102539
9000000.00009841,-73.2841949462891
9000000.00009842,-72.8229446411133
9000000.00009842,-72.3191757202148
9000000.00009843,-71.785026550293
9000000.00009843,-71.2326507568359
9000000.00009844,-70.6742095947266
9000000.00009844,-70.1218338012695
9000000.00009845,-69.5876770019531
9000000.00009845,-69.0838928222656
9000000.00009846,-68.6226272583008
9000000.00009846,-68.2125778198242
9000000.00009847,-67.8177795410156
9000000.00009847,-67.4267807006836
9000000.00009848,-67.0411834716797
9000000.00009848,-66.6625823974609
9000000.00009849,-66.2925796508789
9000000.00009849,-65.9327621459961
9000000.0000985,-65.5847396850586
9000000.0000985,-65.2501068115234
9000000.00009851,-64.9304580688477
9000000.00009851,-64.6273956298828
9000000.00009852,-64.3425216674805
9000000.00009852,-64.0774230957031
9000000.00009853,-63.8337020874023
9000000.00009853,-63.607852935791
9000000.00009854,-63.3957138061523
9000000.00009854,-63.1979141235352
9000000.00009855,-63.0150833129883
9000000.00009855,-62.8478469848633
9000000.00009856,-62.6968383789063
9000000.00009856,-62.5626754760742
9000000.00009857,-62.4459953308105
9000000.00009857,-62.3474197387695
9000000.00009858,-62.2675819396973
9000000.00009858,-62.207103729248
9000000.00009859,-62.166618347168
9000000.00009859,-62.1467514038086
9000000.0000986,-62.1483612060547
9000000.0000986,-62.1721000671387
9000000.00009861,-62.2171173095703
9000000.00009861,-62.282470703125
9000000.00009862,-62.3672218322754
9000000.00009862,-62.4704322814941
9000000.00009863,-62.5911521911621
9000000.00009863,-62.7284507751465
9000000.00009864,-62.8813858032227
9000000.00009864,-63.049015045166
9000000.00009865,-63.230396270752
9000000.00009865,-63.4245910644531
9000000.00009866,-63.6306610107422
9000000.00009866,-63.8493537902832
9000000.00009867,-64.100212097168
9000000.00009867,-64.3843460083008
9000000.00009868,-64.6957168579102
9000000.00009868,-65.0282745361328
9000000.00009869,-65.3759918212891
9000000.00009869,-65.7328262329102
9000000.0000987,-66.0927429199219
9000000.0000987,-66.4496994018555
9000000.00009871,-66.7976608276367
9000000.00009871,-67.1305770874023
9000000.00009872,-67.4424285888672
9000000.00009872,-67.727165222168
9000000.00009873,-67.9787445068359
9000000.00009873,-68.2069091796875
9000000.00009874,-68.4249725341797
9000000.00009874,-68.6322860717773
9000000.00009875,-68.8281936645508
9000000.00009875,-69.0120391845703
9000000.00009876,-69.1831741333008
9000000.00009876,-69.3409271240234
9000000.00009877,-69.4846649169922
9000000.00009877,-69.6137161254883
9000000.00009878,-69.7274322509766
9000000.00009878,-69.8251571655273
9000000.00009879,-69.9062423706055
9000000.00009879,-69.9700241088867
9000000.0000988,-70.0139846801758
9000000.0000988,-70.0329818725586
9000000.00009881,-70.0291900634766
9000000.00009881,-70.0053253173828
9000000.00009882,-69.9640884399414
9000000.00009882,-69.9081878662109
9000000.00009883,-69.8403396606445
9000000.00009883,-69.7632446289063
9000000.00009884,-69.6796112060547
9000000.00009884,-69.592155456543
9000000.00009885,-69.5035858154297
9000000.00009885,-69.4166030883789
9000000.00009886,-69.3339157104492
9000000.00009886,-69.2574005126953
9000000.00009887,-69.1782379150391
9000000.00009887,-69.093864440918
9000000.00009888,-69.0049133300781
9000000.00009888,-68.9120330810547
9000000.00009889,-68.8158569335938
9000000.00009889,-68.7170181274414
9000000.0000989,-68.6161651611328
9000000.0000989,-68.5139312744141
9000000.00009891,-68.4109649658203
9000000.00009891,-68.3078918457031
9000000.00009892,-68.2053604125977
9000000.00009892,-68.10400390625
9000000.00009893,-68.0044631958008
9000000.00009893,-67.9041595458984
9000000.00009894,-67.8006286621094
9000000.00009894,-67.694694519043
9000000.00009895,-67.5871887207031
9000000.00009895,-67.4789276123047
9000000.00009896,-67.3707427978516
9000000.00009896,-67.2634506225586
9000000.00009897,-67.1578903198242
9000000.00009897,-67.0548782348633
9000000.00009898,-66.9552383422852
9000000.00009898,-66.8597946166992
9000000.00009899,-66.7693786621094
9000000.00009899,-66.6848068237305
9000000.000099,-66.6034164428711
9000000.000099,-66.5155792236328
9000000.00009901,-66.4232025146484
9000000.00009901,-66.3290939331055
9000000.00009902,-66.236083984375
9000000.00009902,-66.1469802856445
9000000.00009903,-66.0645980834961
9000000.00009903,-65.9917602539063
9000000.00009904,-65.931282043457
9000000.00009904,-65.8859786987305
9000000.00009905,-65.8586654663086
9000000.00009905,-65.8521575927734
9000000.00009906,-65.869270324707
9000000.00009906,-65.9109878540039
9000000.00009907,-65.9567489624023
9000000.00009907,-66.0037384033203
9000000.00009908,-66.0566329956055
9000000.00009908,-66.1201248168945
9000000.00009909,-66.1988983154297
9000000.00009909,-66.2976379394531
9000000.0000991,-66.4210205078125
9000000.0000991,-66.5737380981445
9000000.00009911,-66.7604751586914
9000000.00009911,-66.9859085083008
9000000.00009912,-67.2547302246094
9000000.00009912,-67.5716171264648
9000000.00009913,-67.9412612915039
9000000.00009913,-68.4025650024414
9000000.00009914,-68.9765701293945
9000000.00009914,-69.6411972045898
9000000.00009915,-70.3743438720703
9000000.00009915,-71.1539306640625
9000000.00009916,-71.9578704833984
9000000.00009916,-72.7640609741211
9000000.00009917,-73.550422668457
9000000.00009917,-74.2948532104492
9000000.00009918,-74.9752731323242
9000000.00009918,-75.5695953369141
9000000.00009919,-76.0557174682617
9000000.00009919,-76.4115524291992
9000000.0000992,-76.6269760131836
9000000.0000992,-76.7343978881836
9000000.00009921,-76.7478561401367
9000000.00009921,-76.6790084838867
9000000.00009922,-76.5395278930664
9000000.00009922,-76.3410797119141
9000000.00009923,-76.0953369140625
9000000.00009923,-75.8139572143555
9000000.00009924,-75.5086135864258
9000000.00009924,-75.1909637451172
9000000.00009925,-74.872688293457
9000000.00009925,-74.5654449462891
9000000.00009926,-74.2809066772461
9000000.00009926,-74.0268020629883
9000000.00009927,-73.7614898681641
9000000.00009927,-73.4738693237305
9000000.00009928,-73.1679840087891
9000000.00009928,-72.847900390625
9000000.00009929,-72.5176544189453
9000000.00009929,-72.1813049316406
9000000.0000993,-71.8428955078125
9000000.0000993,-71.5064849853516
9000000.00009931,-71.1761169433594
9000000.00009931,-70.8558502197266
9000000.00009932,-70.5497360229492
9000000.00009932,-70.2618179321289
9000000.00009933,-69.9961471557617
9000000.00009933,-69.7443389892578
9000000.00009934,-69.4962158203125
9000000.00009934,-69.2531051635742
9000000.00009935,-69.016357421875
9000000.00009935,-68.7873077392578
9000000.00009936,-68.5673065185547
9000000.00009936,-68.3576812744141
9000000.00009937,-68.159782409668
9000000.00009937,-67.9749526977539
9000000.00009938,-67.8045272827148
9000000.00009938,-67.6498565673828
9000000.00009939,-67.5122680664063
9000000.00009939,-67.3931121826172
9000000.0000994,-67.2890167236328
9000000.0000994,-67.1870193481445
9000000.00009941,-67.0894317626953
9000000.00009941,-66.9998168945313
9000000.00009942,-66.9216995239258
9000000.00009942,-66.8586273193359
9000000.00009943,-66.8141479492188
9000000.00009943,-66.7917938232422
9000000.00009944,-66.7951049804688
9000000.00009944,-66.82763671875
9000000.00009945,-66.8929214477539
9000000.00009945,-66.9945068359375
9000000.00009946,-67.1359329223633
9000000.00009946,-67.3208465576172
9000000.00009947,-67.5519104003906
9000000.00009947,-67.8259582519531
9000000.00009948,-68.1388092041016
9000000.00009948,-68.4863052368164
9000000.00009949,-68.8642578125
9000000.00009949,-69.2685089111328
9000000.0000995,-69.6948776245117
9000000.0000995,-70.1391906738281
9000000.00009951,-70.5972747802734
9000000.00009951,-71.0649642944336
9000000.00009952,-71.5380783081055
9000000.00009952,-72.012451171875
9000000.00009953,-72.4839019775391
9000000.00009953,-72.9970016479492
9000000.00009954,-73.5865020751953
9000000.00009954,-74.2335510253906
9000000.00009955,-74.9192962646484
9000000.00009955,-75.6248779296875
9000000.00009956,-76.3314361572266
9000000.00009956,-77.0201187133789
9000000.00009957,-77.6720657348633
9000000.00009957,-78.268424987793
9000000.00009958,-78.7903289794922
9000000.00009958,-79.2189331054688
9000000.00009959,-79.5353698730469
9000000.00009959,-79.7207870483398
9000000.0000996,-79.7585296630859
9000000.0000996,-79.6541595458984
9000000.00009961,-79.4260406494141
9000000.00009961,-79.0926818847656
9000000.00009962,-78.6725769042969
9000000.00009962,-78.1842346191406
9000000.00009963,-77.6461410522461
9000000.00009963,-77.0768203735352
9000000.00009964,-76.494758605957
9000000.00009964,-75.91845703125
9000000.00009965,-75.3664245605469
9000000.00009965,-74.8571624755859
9000000.00009966,-74.4091644287109
9000000.00009966,-74.0362319946289
9000000.00009967,-73.6901397705078
9000000.00009967,-73.3535385131836
9000000.00009968,-73.0265426635742
9000000.00009968,-72.7092819213867
9000000.00009969,-72.4018783569336
9000000.00009969,-72.1044692993164
9000000.0000997,-71.8171768188477
9000000.0000997,-71.5401229858398
9000000.00009971,-71.2734375
9000000.00009971,-71.0172424316406
9000000.00009972,-70.7716751098633
9000000.00009972,-70.5368499755859
9000000.00009973,-70.3129043579102
9000000.00009973,-70.1013107299805
9000000.00009974,-69.9029388427734
9000000.00009974,-69.7169799804688
9000000.00009975,-69.5426254272461
9000000.00009975,-69.3790740966797
9000000.00009976,-69.2255020141602
9000000.00009976,-69.0811157226563
9000000.00009977,-68.9451065063477
9000000.00009977,-68.8166656494141
9000000.00009978,-68.6949844360352
9000000.00009978,-68.5792541503906
9000000.00009979,-68.4686737060547
9000000.00009979,-68.3624267578125
9000000.0000998,-68.2588958740234
9000000.0000998,-68.1557998657227
9000000.00009981,-68.0546569824219
9000000.00009981,-67.9572219848633
9000000.00009982,-67.8652648925781
9000000.00009982,-67.7805480957031
9000000.00009983,-67.7048416137695
9000000.00009983,-67.6399078369141
9000000.00009984,-67.5875091552734
9000000.00009984,-67.5494079589844
9000000.00009985,-67.5273666381836
9000000.00009985,-67.5231628417969
9000000.00009986,-67.5385513305664
9000000.00009986,-67.574951171875
9000000.00009987,-67.6289749145508
9000000.00009987,-67.6989974975586
9000000.00009988,-67.7845840454102
9000000.00009988,-67.8853302001953
9000000.00009989,-68.0008087158203
9000000.00009989,-68.130615234375
9000000.0000999,-68.2743225097656
9000000.0000999,-68.4315185546875
9000000.00009991,-68.6017913818359
9000000.00009991,-68.7847137451172
9000000.00009992,-68.9798812866211
9000000.00009992,-69.1868667602539
9000000.00009993,-69.4052581787109
9000000.00009993,-69.6582489013672
9000000.00009994,-69.9619979858398
9000000.00009994,-70.3054809570313
9000000.00009995,-70.6777114868164
9000000.00009995,-71.0676651000977
9000000.00009996,-71.4643478393555
9000000.00009996,-71.8567504882813
9000000.00009997,-72.2338638305664
9000000.00009997,-72.5846939086914
9000000.00009998,-72.8982238769531
9000000.00009998,-73.1634521484375
9000000.00009999,-73.3693771362305
9000000.00009999,-73.5049819946289
9000000.0001,-73.5634918212891
9000000.0001,-73.5562286376953
9000000.00010001,-73.491584777832
9000000.00010001,-73.3772277832031
9000000.00010002,-73.220832824707
9000000.00010002,-73.0300674438477
9000000.00010003,-72.8126068115234
9000000.00010003,-72.5761184692383
9000000.00010004,-72.3282775878906
9000000.00010004,-72.0767593383789
9000000.00010005,-71.829231262207
9000000.00010005,-71.5933609008789
9000000.00010006,-71.3768310546875
9000000.00010006,-71.1847610473633
9000000.00010007,-70.9901580810547
9000000.00010007,-70.7857513427734
9000000.00010008,-70.5740432739258
9000000.00010008,-70.3575592041016
9000000.00010009,-70.1388168334961
9000000.00010009,-69.9203414916992
9000000.0001001,-69.7046508789063
9000000.0001001,-69.494255065918
9000000.00010011,-69.2916946411133
9000000.00010011,-69.0994720458984
9000000.00010012,-68.9201049804688
9000000.00010012,-68.7561264038086
9000000.00010013,-68.6100540161133
9000000.00010013,-68.4786376953125
9000000.00010014,-68.3568801879883
9000000.00010014,-68.2446517944336
9000000.00010015,-68.1418228149414
9000000.00010015,-68.0482788085938
9000000.00010016,-67.9638824462891
9000000.00010016,-67.8885192871094
9000000.00010017,-67.8220520019531
9000000.00010017,-67.7643661499023
9000000.00010018,-67.71533203125
9000000.00010018,-67.6748199462891
9000000.00010019,-67.642707824707
9000000.00010019,-67.6188735961914
9000000.0001002,-67.6013793945313
9000000.0001002,-67.5852432250977
9000000.00010021,-67.5720291137695
9000000.00010021,-67.5638122558594
9000000.00010022,-67.5626602172852
9000000.00010022,-67.5706253051758
9000000.00010023,-67.5897750854492
9000000.00010023,-67.622184753418
9000000.00010024,-67.6699142456055
9000000.00010024,-67.7350234985352
9000000.00010025,-67.8195877075195
9000000.00010025,-67.9256591796875
9000000.00010026,-68.0553131103516
9000000.00010026,-68.2100372314453
9000000.00010027,-68.3840179443359
9000000.00010027,-68.5752944946289
9000000.00010028,-68.7840423583984
9000000.00010028,-69.0104446411133
9000000.00010029,-69.2546691894531
9000000.00010029,-69.5168914794922
9000000.0001003,-69.7972869873047
9000000.0001003,-70.0960235595703
9000000.00010031,-70.4132766723633
9000000.00010031,-70.7492218017578
9000000.00010032,-71.1040420532227
9000000.00010032,-71.477897644043
9000000.00010033,-71.870964050293
9000000.00010033,-72.3205261230469
9000000.00010034,-72.8515625
9000000.00010034,-73.4458312988281
9000000.00010035,-74.0850677490234
9000000.00010035,-74.7510375976563
9000000.00010036,-75.4254837036133
9000000.00010036,-76.0901565551758
9000000.00010037,-76.726806640625
9000000.00010037,-77.3171768188477
9000000.00010038,-77.8430252075195
9000000.00010038,-78.2860870361328
9000000.00010039,-78.6281356811523
9000000.00010039,-78.8508987426758
9000000.0001004,-78.9419403076172
9000000.0001004,-78.9168090820313
9000000.00010041,-78.7903442382813
9000000.00010041,-78.5765228271484
9000000.00010042,-78.2893218994141
9000000.00010042,-77.9427337646484
9000000.00010043,-77.5507431030273
9000000.00010043,-77.1273193359375
9000000.00010044,-76.6864547729492
9000000.00010044,-76.2421188354492
9000000.00010045,-75.8083114624023
9000000.00010045,-75.3990020751953
9000000.00010046,-75.0281753540039
9000000.00010046,-74.7056274414063
9000000.00010047,-74.387565612793
9000000.00010047,-74.0607681274414
9000000.00010048,-73.7279205322266
9000000.00010048,-73.391731262207
9000000.00010049,-73.0548858642578
9000000.00010049,-72.7200775146484
9000000.0001005,-72.390007019043
9000000.0001005,-72.0673599243164
9000000.00010051,-71.7548294067383
9000000.00010051,-71.4551162719727
9000000.00010052,-71.1709060668945
9000000.00010052,-70.904899597168
9000000.00010053,-70.6597900390625
9000000.00010053,-70.433708190918
9000000.00010054,-70.2223892211914
9000000.00010054,-70.0249176025391
9000000.00010055,-69.8403778076172
9000000.00010055,-69.6678619384766
9000000.00010056,-69.5064468383789
9000000.00010056,-69.3552398681641
9000000.00010057,-69.2133102416992
9000000.00010057,-69.0797576904297
9000000.00010058,-68.9536666870117
9000000.00010058,-68.8341217041016
9000000.00010059,-68.7202072143555
9000000.00010059,-68.6110153198242
9000000.0001006,-68.5054321289063
9000000.0001006,-68.4028701782227
9000000.00010061,-68.3044586181641
9000000.00010061,-68.2114334106445
9000000.00010062,-68.1250152587891
9000000.00010062,-68.0464324951172
9000000.00010063,-67.9769058227539
9000000.00010063,-67.9176635742188
9000000.00010064,-67.8699340820313
9000000.00010064,-67.8349456787109
9000000.00010065,-67.8139190673828
9000000.00010065,-67.8080825805664
9000000.00010066,-67.8186569213867
9000000.00010066,-67.8455657958984
9000000.00010067,-67.8738632202148
9000000.00010067,-67.9022445678711
9000000.00010068,-67.9348678588867
9000000.00010068,-67.9758834838867
9000000.00010069,-68.0294494628906
9000000.00010069,-68.0997161865234
9000000.0001007,-68.1908416748047
9000000.0001007,-68.3069763183594
9000000.00010071,-68.4522705078125
9000000.00010071,-68.6308898925781
9000000.00010072,-68.8469848632813
9000000.00010072,-69.1046981811523
9000000.00010073,-69.4081954956055
9000000.00010073,-69.7812271118164
9000000.00010074,-70.2352066040039
9000000.00010074,-70.7557678222656
9000000.00010075,-71.3285522460938
9000000.00010075,-71.9391937255859
9000000.00010076,-72.5733261108398
9000000.00010076,-73.2165832519531
9000000.00010077,-73.854606628418
9000000.00010077,-74.4730377197266
9000000.00010078,-75.057502746582
9000000.00010078,-75.5936431884766
9000000.00010079,-76.0671005249023
9000000.00010079,-76.4635009765625
9000000.0001008,-76.7831954956055
9000000.0001008,-77.0663452148438
9000000.00010081,-77.3165664672852
9000000.00010081,-77.5340576171875
9000000.00010082,-77.7190246582031
9000000.00010082,-77.8716735839844
9000000.00010083,-77.9922103881836
9000000.00010083,-78.0808258056641
9000000.00010084,-78.1377410888672
9000000.00010084,-78.1631469726563
9000000.00010085,-78.1572494506836
9000000.00010085,-78.1202545166016
9000000.00010086,-78.0523681640625
9000000.00010086,-77.9517288208008
9000000.00010087,-77.7941741943359
9000000.00010087,-77.5791931152344
9000000.00010088,-77.3151397705078
9000000.00010088,-77.0103530883789
9000000.00010089,-76.6731872558594
9000000.00010089,-76.3119659423828
9000000.0001009,-75.93505859375
9000000.0001009,-75.5507888793945
9000000.00010091,-75.1675109863281
9000000.00010091,-74.793571472168
9000000.00010092,-74.4373092651367
9000000.00010092,-74.1070709228516
9000000.00010093,-73.8112030029297
9000000.00010093,-73.5351715087891
9000000.00010094,-73.2598342895508
9000000.00010094,-72.9866333007813
9000000.00010095,-72.7169876098633
9000000.00010095,-72.4523391723633
9000000.00010096,-72.1941070556641
9000000.00010096,-71.9437255859375
9000000.00010097,-71.7026290893555
9000000.00010097,-71.4722442626953
9000000.00010098,-71.2539978027344
9000000.00010098,-71.0493316650391
9000000.00010099,-70.8596725463867
9000000.00010099,-70.6864395141602
9000000.000101,-70.5287246704102
9000000.000101,-70.3800430297852
9000000.00010101,-70.2407531738281
9000000.00010101,-70.1117935180664
9000000.00010102,-69.9940948486328
9000000.00010102,-69.8885803222656
9000000.00010103,-69.7961959838867
9000000.00010103,-69.7178649902344
9000000.00010104,-69.6545333862305
9000000.00010104,-69.6071166992188
9000000.00010105,-69.5765609741211
9000000.00010105,-69.5637893676758
9000000.00010106,-69.5697479248047
9000000.00010106,-69.5963134765625
9000000.00010107,-69.6551132202148
9000000.00010107,-69.7454528808594
9000000.00010108,-69.8623809814453
9000000.00010108,-70.0009384155273
9000000.00010109,-70.1561813354492
9000000.00010109,-70.3231582641602
9000000.0001011,-70.4969024658203
9000000.0001011,-70.6724700927734
9000000.00010111,-70.8449096679688
9000000.00010111,-71.0092620849609
9000000.00010112,-71.1605758666992
9000000.00010112,-71.2938995361328
9000000.00010113,-71.4042816162109
9000000.00010113,-71.5036239624023
9000000.00010114,-71.6055068969727
9000000.00010114,-71.7074813842773
9000000.00010115,-71.8070983886719
9000000.00010115,-71.9019241333008
9000000.00010116,-71.9895095825195
9000000.00010116,-72.0674057006836
9000000.00010117,-72.1331787109375
9000000.00010117,-72.1843719482422
9000000.00010118,-72.2185440063477
9000000.00010118,-72.2332611083984
9000000.00010119,-72.2260665893555
9000000.00010119,-72.1945190429688
9000000.0001012,-72.1368789672852
9000000.0001012,-72.0550231933594
9000000.00010121,-71.9509887695313
9000000.00010121,-71.8267364501953
9000000.00010122,-71.6842193603516
9000000.00010122,-71.5253829956055
9000000.00010123,-71.3521957397461
9000000.00010123,-71.1665954589844
9000000.00010124,-70.9705505371094
9000000.00010124,-70.765998840332
9000000.00010125,-70.5549011230469
9000000.00010125,-70.3392105102539
9000000.00010126,-70.1208877563477
9000000.00010126,-69.9004440307617
9000000.00010127,-69.6619186401367
9000000.00010127,-69.4033203125
9000000.00010128,-69.1285095214844
9000000.00010128,-68.8413467407227
9000000.00010129,-68.5456848144531
9000000.00010129,-68.2453918457031
9000000.0001013,-67.9443206787109
9000000.0001013,-67.6463317871094
9000000.00010131,-67.3552780151367
9000000.00010131,-67.0750274658203
9000000.00010132,-66.8094253540039
9000000.00010132,-66.5623397827148
9000000.00010133,-66.3376312255859
9000000.00010133,-66.1270751953125
9000000.00010134,-65.9208068847656
9000000.00010134,-65.7202224731445
9000000.00010135,-65.5267181396484
9000000.00010135,-65.3416748046875
9000000.00010136,-65.1664886474609
9000000.00010136,-65.0025405883789
9000000.00010137,-64.8512344360352
9000000.00010137,-64.7139587402344
9000000.00010138,-64.5920944213867
9000000.00010138,-64.4870376586914
9000000.00010139,-64.4001846313477
9000000.00010139,-64.3329162597656
9000000.0001014,-64.2868423461914
9000000.0001014,-64.2625885009766
9000000.00010141,-64.2584991455078
9000000.00010141,-64.272819519043
9000000.00010142,-64.3037643432617
9000000.00010142,-64.3495864868164
9000000.00010143,-64.4085159301758
9000000.00010143,-64.4787826538086
9000000.00010144,-64.5586166381836
9000000.00010144,-64.6462707519531
9000000.00010145,-64.7399597167969
9000000.00010145,-64.8379287719727
9000000.00010146,-64.9384155273438
9000000.00010146,-65.0406799316406
9000000.00010147,-65.15625
9000000.00010147,-65.2868728637695
9000000.00010148,-65.4300842285156
9000000.00010148,-65.5834503173828
9000000.00010149,-65.744499206543
9000000.00010149,-65.9107818603516
9000000.0001015,-66.0798416137695
9000000.0001015,-66.2492370605469
9000000.00010151,-66.41650390625
9000000.00010151,-66.5791931152344
9000000.00010152,-66.7348480224609
9000000.00010152,-66.8810119628906
9000000.00010153,-67.0152435302734
9000000.00010153,-67.1426544189453
9000000.00010154,-67.2694625854492
9000000.00010154,-67.3948287963867
9000000.00010155,-67.5179138183594
9000000.00010155,-67.6378860473633
9000000.00010156,-67.7538986206055
9000000.00010156,-67.865119934082
9000000.00010157,-67.9707183837891
9000000.00010157,-68.0698471069336
9000000.00010158,-68.1616744995117
9000000.00010158,-68.245361328125
9000000.00010159,-68.320068359375
9000000.00010159,-68.3849639892578
9000000.0001016,-68.4402923583984
9000000.0001016,-68.4890213012695
9000000.00010161,-68.5311737060547
9000000.00010161,-68.5665283203125
9000000.00010162,-68.5948486328125
9000000.00010162,-68.6159133911133
9000000.00010163,-68.6294860839844
9000000.00010163,-68.6353378295898
9000000.00010164,-68.6332397460938
9000000.00010164,-68.6229553222656
9000000.00010165,-68.6042709350586
9000000.00010165,-68.5769424438477
9000000.00010166,-68.5407409667969
9000000.00010166,-68.4950561523438
9000000.00010167,-68.435173034668
9000000.00010167,-68.3612289428711
9000000.00010168,-68.2751083374023
9000000.00010168,-68.1786727905273
9000000.00010169,-68.0738067626953
9000000.00010169,-67.9623641967773
9000000.0001017,-67.8462295532227
9000000.0001017,-67.7272720336914
9000000.00010171,-67.6073608398438
9000000.00010171,-67.4883651733398
9000000.00010172,-67.3721618652344
9000000.00010172,-67.2606201171875
9000000.00010173,-67.1556167602539
9000000.00010173,-67.0517501831055
9000000.00010174,-66.9432907104492
9000000.00010174,-66.8316040039063
9000000.00010175,-66.7180404663086
9000000.00010175,-66.6039581298828
9000000.00010176,-66.4907150268555
9000000.00010176,-66.3796768188477
9000000.00010177,-66.2721939086914
9000000.00010177,-66.1696243286133
9000000.00010178,-66.0733261108398
9000000.00010178,-65.9846649169922
9000000.00010179,-65.9049911499023
9000000.00010179,-65.8356628417969
9000000.0001018,-65.7754669189453
9000000.0001018,-65.7173461914063
9000000.00010181,-65.6618881225586
9000000.00010181,-65.6103439331055
9000000.00010182,-65.5639572143555
9000000.00010182,-65.5239715576172
9000000.00010183,-65.4916305541992
9000000.00010183,-65.4681625366211
9000000.00010184,-65.4548263549805
9000000.00010184,-65.4528656005859
9000000.00010185,-65.463508605957
9000000.00010185,-65.4880065917969
9000000.00010186,-65.5276107788086
9000000.00010186,-65.5832290649414
9000000.00010187,-65.6516647338867
9000000.00010187,-65.7317352294922
9000000.00010188,-65.8234558105469
9000000.00010188,-65.9268188476563
9000000.00010189,-66.0418243408203
9000000.00010189,-66.1684799194336
9000000.0001019,-66.3067855834961
9000000.0001019,-66.4567337036133
9000000.00010191,-66.6183319091797
9000000.00010191,-66.7915802001953
9000000.00010192,-66.9764862060547
9000000.00010192,-67.1730346679688
9000000.00010193,-67.3812408447266
9000000.00010193,-67.6155471801758
9000000.00010194,-67.8857192993164
9000000.00010194,-68.1847229003906
9000000.00010195,-68.5055389404297
9000000.00010195,-68.8411178588867
9000000.00010196,-69.1844482421875
9000000.00010196,-69.5284957885742
9000000.00010197,-69.8662185668945
9000000.00010197,-70.1905975341797
9000000.00010198,-70.4946060180664
9000000.00010198,-70.7712020874023
9000000.00010199,-71.0133590698242
9000000.00010199,-71.2140579223633
9000000.000102,-71.3734664916992
9000000.000102,-71.5112991333008
9000000.00010201,-71.6293182373047
9000000.00010201,-71.7275848388672
9000000.00010202,-71.8061981201172
9000000.00010202,-71.865234375
9000000.00010203,-71.9047775268555
9000000.00010203,-71.9249038696289
9000000.00010204,-71.9256973266602
9000000.00010204,-71.9072418212891
9000000.00010205,-71.8696212768555
9000000.00010205,-71.8129119873047
9000000.00010206,-71.7371978759766
9000000.00010206,-71.6411895751953
9000000.00010207,-71.5087432861328
9000000.00010207,-71.3395614624023
9000000.00010208,-71.1392822265625
9000000.00010208,-70.9135208129883
9000000.00010209,-70.6679000854492
9000000.00010209,-70.4080505371094
9000000.0001021,-70.1395874023438
9000000.0001021,-69.8681411743164
9000000.00010211,-69.5993347167969
9000000.00010211,-69.3387908935547
9000000.00010212,-69.0921325683594
9000000.00010212,-68.8649826049805
9000000.00010213,-68.662971496582
9000000.00010213,-68.475830078125
9000000.00010214,-68.2903594970703
9000000.00010214,-68.1077423095703
9000000.00010215,-67.9291687011719
9000000.00010215,-67.7558288574219
9000000.00010216,-67.5889129638672
9000000.00010216,-67.4296112060547
9000000.00010217,-67.2791061401367
9000000.00010217,-67.1386032104492
9000000.00010218,-67.00927734375
9000000.00010218,-66.8923263549805
9000000.00010219,-66.788932800293
9000000.00010219,-66.7002944946289
9000000.0001022,-66.6264495849609
9000000.0001022,-66.5642547607422
9000000.00010221,-66.5133590698242
9000000.00010221,-66.4736785888672
9000000.00010222,-66.4451217651367
9000000.00010222,-66.4275894165039
9000000.00010223,-66.4209976196289
9000000.00010223,-66.4252624511719
9000000.00010224,-66.4402770996094
9000000.00010224,-66.4659652709961
9000000.00010225,-66.5022354125977
9000000.00010225,-66.5489883422852
9000000.00010226,-66.6061401367188
9000000.00010226,-66.674072265625
9000000.00010227,-66.7582855224609
9000000.00010227,-66.8589172363281
9000000.00010228,-66.9741287231445
9000000.00010228,-67.1020431518555
9000000.00010229,-67.2408218383789
9000000.00010229,-67.3885955810547
9000000.0001023,-67.5435104370117
9000000.0001023,-67.7037048339844
9000000.00010231,-67.8673248291016
9000000.00010231,-68.0325164794922
9000000.00010232,-68.1974182128906
9000000.00010232,-68.3601760864258
9000000.00010233,-68.5189208984375
9000000.00010233,-68.6836929321289
9000000.00010234,-68.8633422851563
9000000.00010234,-69.0542297363281
9000000.00010235,-69.2527542114258
9000000.00010235,-69.4552764892578
9000000.00010236,-69.6581878662109
9000000.00010236,-69.8578491210938
9000000.00010237,-70.0506439208984
9000000.00010237,-70.2329559326172
9000000.00010238,-70.4011611938477
9000000.00010238,-70.5516204833984
9000000.00010239,-70.6807327270508
9000000.00010239,-70.7848587036133
9000000.0001024,-70.8643493652344
9000000.0001024,-70.9300231933594
9000000.00010241,-70.9825973510742
9000000.00010241,-71.021842956543
9000000.00010242,-71.0475540161133
9000000.00010242,-71.0595092773438
9000000.00010243,-71.057487487793
9000000.00010243,-71.0412750244141
9000000.00010244,-71.0106506347656
9000000.00010244,-70.9654006958008
9000000.00010245,-70.9053039550781
9000000.00010245,-70.8301467895508
9000000.00010246,-70.7397079467773
9000000.00010246,-70.6327438354492
9000000.00010247,-70.4970626831055
9000000.00010247,-70.3327102661133
9000000.00010248,-70.1441802978516
9000000.00010248,-69.9359741210938
9000000.00010249,-69.7125854492188
9000000.00010249,-69.4785308837891
9000000.0001025,-69.2382965087891
9000000.0001025,-68.9963912963867
9000000.00010251,-68.7573013305664
9000000.00010251,-68.5255432128906
9000000.00010252,-68.3056106567383
9000000.00010252,-68.1019973754883
9000000.00010253,-67.9192123413086
9000000.00010253,-67.7455978393555
9000000.00010254,-67.5682525634766
9000000.00010254,-67.3898010253906
9000000.00010255,-67.2128753662109
9000000.00010255,-67.0401077270508
9000000.00010256,-66.8741226196289
9000000.00010256,-66.7175521850586
9000000.00010257,-66.5730285644531
9000000.00010257,-66.4431762695313
9000000.00010258,-66.3306350708008
9000000.00010258,-66.2380218505859
9000000.00010259,-66.16796875
9000000.00010259,-66.1231079101563
9000000.0001026,-66.103141784668
9000000.0001026,-66.1000289916992
9000000.00010261,-66.1133193969727
9000000.00010261,-66.1432266235352
9000000.00010262,-66.1899795532227
9000000.00010262,-66.2537841796875
9000000.00010263,-66.3348770141602
9000000.00010263,-66.4334716796875
9000000.00010264,-66.5497894287109
9000000.00010264,-66.6840515136719
9000000.00010265,-66.8364791870117
9000000.00010265,-67.0073013305664
9000000.00010266,-67.1967315673828
9000000.00010266,-67.4041595458984
9000000.00010267,-67.6198348999023
9000000.00010267,-67.8434371948242
9000000.00010268,-68.0781936645508
9000000.00010268,-68.3273544311523
9000000.00010269,-68.5941467285156
9000000.00010269,-68.8818130493164
9000000.0001027,-69.1935882568359
9000000.0001027,-69.53271484375
9000000.00010271,-69.9024276733398
9000000.00010271,-70.3059616088867
9000000.00010272,-70.7465667724609
9000000.00010272,-71.2274703979492
9000000.00010273,-71.7519073486328
9000000.00010273,-72.3676681518555
9000000.00010274,-73.1034088134766
9000000.00010274,-73.933708190918
9000000.00010275,-74.8331298828125
9000000.00010275,-75.776237487793
9000000.00010276,-76.7376098632813
9000000.00010276,-77.6917953491211
9000000.00010277,-78.6133804321289
9000000.00010277,-79.476921081543
9000000.00010278,-80.2569961547852
9000000.00010278,-80.9281616210938
9000000.00010279,-81.4649887084961
9000000.00010279,-81.8420486450195
9000000.0001028,-82.0455551147461
9000000.0001028,-82.1069488525391
9000000.00010281,-82.0440902709961
9000000.00010281,-81.8726654052734
9000000.00010282,-81.6083908081055
9000000.00010282,-81.266960144043
9000000.00010283,-80.8640670776367
9000000.00010283,-80.415412902832
9000000.00010284,-79.9367065429688
9000000.00010284,-79.4436416625977
9000000.00010285,-78.9519195556641
9000000.00010285,-78.4772415161133
9000000.00010286,-78.0353088378906
9000000.00010286,-77.6363525390625
9000000.00010287,-77.2222671508789
9000000.00010287,-76.7780838012695
9000000.00010288,-76.3099822998047
9000000.00010288,-75.8241500854492
9000000.00010289,-75.3267593383789
9000000.00010289,-74.8239974975586
9000000.0001029,-74.3220443725586
9000000.0001029,-73.8270645141602
9000000.00010291,-73.3452606201172
9000000.00010291,-72.8827972412109
9000000.00010292,-72.4458541870117
9000000.00010292,-72.0406188964844
9000000.00010293,-71.6732711791992
9000000.00010293,-71.3378753662109
9000000.00010294,-71.0235137939453
9000000.00010294,-70.7289123535156
9000000.00010295,-70.4527740478516
9000000.00010295,-70.1938018798828
9000000.00010296,-69.9507141113281
9000000.00010296,-69.7222137451172
9000000.00010297,-69.5070190429688
9000000.00010297,-69.3038330078125
9000000.00010298,-69.1113662719727
9000000.00010298,-68.9283294677734
9000000.00010299,-68.7534408569336
9000000.00010299,-68.5853958129883
9000000.000103,-68.4228897094727
9000000.000103,-68.2658309936523
9000000.00010301,-68.1156158447266
9000000.00010301,-67.9736785888672
9000000.00010302,-67.8414840698242
9000000.00010302,-67.7204742431641
9000000.00010303,-67.6120986938477
9000000.00010303,-67.5178146362305
9000000.00010304,-67.4390563964844
9000000.00010304,-67.3772888183594
9000000.00010305,-67.3339462280273
9000000.00010305,-67.3104858398438
9000000.00010306,-67.3083572387695
9000000.00010306,-67.3259353637695
9000000.00010307,-67.3275833129883
9000000.00010307,-67.3115310668945
9000000.00010308,-67.2890319824219
9000000.00010308,-67.2713394165039
9000000.00010309,-67.2696914672852
9000000.00010309,-67.2953567504883
9000000.0001031,-67.3595809936523
9000000.0001031,-67.4736175537109
9000000.00010311,-67.6487121582031
9000000.00010311,-67.896125793457
9000000.00010312,-68.2271041870117
9000000.00010312,-68.6529006958008
9000000.00010313,-69.1847763061523
9000000.00010313,-69.9006042480469
9000000.00010314,-70.8404388427734
9000000.00010314,-71.9588012695313
9000000.00010315,-73.2101821899414
9000000.00010315,-74.5491027832031
9000000.00010316,-75.930061340332
9000000.00010316,-77.3075637817383
9000000.00010317,-78.6361236572266
9000000.00010317,-79.870246887207
9000000.00010318,-80.9644317626953
9000000.00010318,-81.8731994628906
9000000.00010319,-82.5510482788086
9000000.00010319,-82.9524917602539
9000000.0001032,-83.0466690063477
9000000.0001032,-82.8727874755859
9000000.00010321,-82.4677124023438
9000000.00010321,-81.8661117553711
9000000.00010322,-81.1026611328125
9000000.00010322,-80.2120361328125
9000000.00010323,-79.2289199829102
9000000.00010323,-78.18798828125
9000000.00010324,-77.1239242553711
9000000.00010324,-76.0713882446289
9000000.00010325,-75.065071105957
9000000.00010325,-74.1396484375
9000000.00010326,-73.3297882080078
9000000.00010326,-72.6611938476563
9000000.00010327,-72.0416488647461
9000000.00010327,-71.438591003418
9000000.00010328,-70.8529052734375
9000000.00010328,-70.2854766845703
9000000.00010329,-69.7371978759766
9000000.00010329,-69.2089462280273
9000000.0001033,-68.7016143798828
9000000.0001033,-68.2160873413086
9000000.00010331,-67.7532501220703
9000000.00010331,-67.3139953613281
9000000.00010332,-66.8992004394531
9000000.00010332,-66.5097503662109
9000000.00010333,-66.1465454101563
9000000.00010333,-65.8090362548828
9000000.00010334,-65.4958801269531
9000000.00010334,-65.2067260742188
9000000.00010335,-64.9412460327148
9000000.00010335,-64.6990966796875
9000000.00010336,-64.4799499511719
9000000.00010336,-64.2834548950195
9000000.00010337,-64.1092834472656
9000000.00010337,-63.9570960998535
9000000.00010338,-63.8265533447266
9000000.00010338,-63.7173194885254
9000000.00010339,-63.6290512084961
9000000.00010339,-63.5614204406738
9000000.0001034,-63.5151748657227
9000000.0001034,-63.4933204650879
9000000.00010341,-63.4953498840332
9000000.00010341,-63.5204658508301
9000000.00010342,-63.5678825378418
9000000.00010342,-63.6368064880371
9000000.00010343,-63.726448059082
9000000.00010343,-63.836009979248
9000000.00010344,-63.9647064208984
9000000.00010344,-64.1117401123047
9000000.00010345,-64.2763290405273
9000000.00010345,-64.4576721191406
9000000.00010346,-64.6549835205078
9000000.00010346,-64.8691482543945
9000000.00010347,-65.1196823120117
9000000.00010347,-65.4075622558594
9000000.00010348,-65.7266082763672
9000000.00010348,-66.0706787109375
9000000.00010349,-66.4335861206055
9000000.00010349,-66.8091888427734
9000000.0001035,-67.1913146972656
9000000.0001035,-67.5737991333008
9000000.00010351,-67.9504776000977
9000000.00010351,-68.3151931762695
9000000.00010352,-68.6617813110352
9000000.00010352,-68.9840698242188
9000000.00010353,-69.2759094238281
9000000.00010353,-69.5514450073242
9000000.00010354,-69.8271255493164
9000000.00010354,-70.1002349853516
9000000.00010355,-70.3680419921875
9000000.00010355,-70.6278381347656
9000000.00010356,-70.8768920898438
9000000.00010356,-71.1124877929688
9000000.00010357,-71.331901550293
9000000.00010357,-71.5324096679688
9000000.00010358,-71.7112884521484
9000000.00010358,-71.8658294677734
9000000.00010359,-71.993293762207
9000000.00010359,-72.0909652709961
9000000.0001036,-72.1566009521484
9000000.0001036,-72.1913986206055
9000000.00010361,-72.1978988647461
9000000.00010361,-72.1786117553711
9000000.00010362,-72.1360473632813
9000000.00010362,-72.0727157592773
9000000.00010363,-71.9911270141602
9000000.00010363,-71.8938064575195
9000000.00010364,-71.7832489013672
9000000.00010364,-71.6619720458984
9000000.00010365,-71.5324859619141
9000000.00010365,-71.3973007202148
9000000.00010366,-71.2589340209961
9000000.00010366,-71.1186828613281
9000000.00010367,-70.9632263183594
9000000.00010367,-70.7901153564453
9000000.00010368,-70.6017761230469
9000000.00010368,-70.4005889892578
9000000.00010369,-70.1889801025391
9000000.00010369,-69.9693450927734
9000000.0001037,-69.7440948486328
9000000.0001037,-69.5156402587891
9000000.00010371,-69.286376953125
9000000.00010371,-69.0587158203125
9000000.00010372,-68.8350677490234
9000000.00010372,-68.6178283691406
9000000.00010373,-68.4094161987305
9000000.00010373,-68.2023239135742
9000000.00010374,-67.9887924194336
9000000.00010374,-67.7708587646484
9000000.00010375,-67.5505294799805
9000000.00010375,-67.329833984375
9000000.00010376,-67.1107940673828
9000000.00010376,-66.8954391479492
9000000.00010377,-66.6857833862305
9000000.00010377,-66.4838562011719
9000000.00010378,-66.2916793823242
9000000.00010378,-66.1112747192383
9000000.00010379,-65.9446640014648
9000000.00010379,-65.7938766479492
9000000.0001038,-65.656608581543
9000000.0001038,-65.5210113525391
9000000.00010381,-65.3883590698242
9000000.00010381,-65.2610244750977
9000000.00010382,-65.1413726806641
9000000.00010382,-65.0317687988281
9000000.00010383,-64.9345932006836
9000000.00010383,-64.8521957397461
9000000.00010384,-64.7869491577148
9000000.00010384,-64.7412261962891
9000000.00010385,-64.7173919677734
9000000.00010385,-64.7178039550781
9000000.00010386,-64.7448425292969
9000000.00010386,-64.7987823486328
9000000.00010387,-64.8559722900391
9000000.00010387,-64.913948059082
9000000.00010388,-64.9789199829102
9000000.00010388,-65.0570526123047
9000000.00010389,-65.1545486450195
9000000.00010389,-65.277587890625
9000000.0001039,-65.4323577880859
9000000.0001039,-65.6250534057617
9000000.00010391,-65.8618545532227
9000000.00010391,-66.1489562988281
9000000.00010392,-66.4925308227539
9000000.00010392,-66.8987808227539
9000000.00010393,-67.373893737793
9000000.00010393,-67.9602966308594
9000000.00010394,-68.6797714233398
9000000.00010394,-69.5074844360352
9000000.00010395,-70.4186019897461
9000000.00010395,-71.3883056640625
9000000.00010396,-72.3917541503906
9000000.00010396,-73.4041290283203
9000000.00010397,-74.4006042480469
9000000.00010397,-75.3563385009766
9000000.00010398,-76.2465133666992
9000000.00010398,-77.0462875366211
9000000.00010399,-77.7308502197266
9000000.00010399,-78.2753677368164
9000000.000104,-78.6691360473633
9000000.000104,-78.9505157470703
9000000.00010401,-79.1347198486328
9000000.00010401,-79.2341232299805
9000000.00010402,-79.2610931396484
9000000.00010402,-79.2280120849609
9000000.00010403,-79.1472549438477
9000000.00010403,-79.0311813354492
9000000.00010404,-78.8921813964844
9000000.00010404,-78.7426223754883
9000000.00010405,-78.5948791503906
9000000.00010405,-78.4613189697266
9000000.00010406,-78.3543319702148
9000000.00010406,-78.2829513549805
9000000.00010407,-78.2129211425781
9000000.00010407,-78.1326141357422
9000000.00010408,-78.0428237915039
9000000.00010408,-77.9443359375
9000000.00010409,-77.8379440307617
9000000.00010409,-77.7244567871094
9000000.0001041,-77.6046600341797
9000000.0001041,-77.4793548583984
9000000.00010411,-77.3493347167969
9000000.00010411,-77.2153854370117
9000000.00010412,-77.0783157348633
9000000.00010412,-76.9389190673828
9000000.00010413,-76.797981262207
9000000.00010413,-76.6538848876953
9000000.00010414,-76.5046310424805
9000000.00010414,-76.3504791259766
9000000.00010415,-76.1916885375977
9000000.00010415,-76.0285110473633
9000000.00010416,-75.8611907958984
9000000.00010416,-75.6900024414063
9000000.00010417,-75.5151901245117
9000000.00010417,-75.3370056152344
9000000.00010418,-75.1557083129883
9000000.00010418,-74.971549987793
9000000.00010419,-74.784797668457
9000000.00010419,-74.5956878662109
9000000.0001042,-74.3992385864258
9000000.0001042,-74.1810150146484
9000000.00010421,-73.9449005126953
9000000.00010421,-73.6962127685547
9000000.00010422,-73.4402542114258
9000000.00010422,-73.1823348999023
9000000.00010423,-72.9277572631836
9000000.00010423,-72.6818389892578
9000000.00010424,-72.4498672485352
9000000.00010424,-72.2371597290039
9000000.00010425,-72.0490264892578
9000000.00010425,-71.8907699584961
9000000.00010426,-71.767692565918
9000000.00010426,-71.6814880371094
9000000.00010427,-71.5915679931641
9000000.00010427,-71.4926147460938
9000000.00010428,-71.3941040039063
9000000.00010428,-71.3055038452148
9000000.00010429,-71.2362976074219
9000000.00010429,-71.1959533691406
9000000.0001043,-71.1939468383789
9000000.0001043,-71.2397613525391
9000000.00010431,-71.3428649902344
9000000.00010431,-71.5127334594727
9000000.00010432,-71.7588500976563
9000000.00010432,-72.0906829833984
9000000.00010433,-72.5177154541016
9000000.00010433,-73.1068649291992
9000000.00010434,-73.8927917480469
9000000.00010434,-74.8365173339844
9000000.00010435,-75.8990859985352
9000000.00010435,-77.0415267944336
9000000.00010436,-78.2248764038086
9000000.00010436,-79.4101715087891
9000000.00010437,-80.5584411621094
9000000.00010437,-81.6307220458984
9000000.00010438,-82.5880584716797
9000000.00010438,-83.391471862793
9000000.00010439,-84.0020065307617
9000000.00010439,-84.3806991577148
9000000.0001044,-84.5038909912109
9000000.0001044,-84.4128112792969
9000000.00010441,-84.1368255615234
9000000.00010441,-83.7026748657227
9000000.00010442,-83.1371002197266
9000000.00010442,-82.4668502807617
9000000.00010443,-81.7186584472656
9000000.00010443,-80.9192733764648
9000000.00010444,-80.0954437255859
9000000.00010444,-79.2739181518555
9000000.00010445,-78.4814224243164
9000000.00010445,-77.7447128295898
9000000.00010446,-77.0905303955078
9000000.00010446,-76.5383758544922
9000000.00010447,-76.0135116577148
9000000.00010447,-75.4907608032227
9000000.00010448,-74.9720916748047
9000000.00010448,-74.4594879150391
9000000.00010449,-73.9548950195313
9000000.00010449,-73.4602890014648
9000000.0001045,-72.9776458740234
9000000.0001045,-72.508918762207
9000000.00010451,-72.0560836791992
9000000.00010451,-71.6211090087891
9000000.00010452,-71.2059555053711
9000000.00010452,-70.8125915527344
9000000.00010453,-70.442985534668
9000000.00010453,-70.0955123901367
9000000.00010454,-69.7668685913086
9000000.00010454,-69.4565200805664
9000000.00010455,-69.1639251708984
9000000.00010455,-68.888557434082
9000000.00010456,-68.6298751831055
9000000.00010456,-68.387336730957
9000000.00010457,-68.1604080200195
9000000.00010457,-67.9485549926758
9000000.00010458,-67.7512435913086
9000000.00010458,-67.5679244995117
9000000.00010459,-67.398078918457
9000000.00010459,-67.2411575317383
9000000.0001046,-67.0964126586914
9000000.0001046,-66.963264465332
9000000.00010461,-66.8424530029297
9000000.00010461,-66.7347793579102
9000000.00010462,-66.6410751342773
9000000.00010462,-66.5621490478516
9000000.00010463,-66.4988098144531
9000000.00010463,-66.4518890380859
9000000.00010464,-66.4221878051758
9000000.00010464,-66.410530090332
9000000.00010465,-66.4177322387695
9000000.00010465,-66.4446029663086
9000000.00010466,-66.4919662475586
9000000.00010466,-66.5604934692383
9000000.00010467,-66.6488342285156
9000000.00010467,-66.7562408447266
9000000.00010468,-66.882438659668
9000000.00010468,-67.0271530151367
9000000.00010469,-67.1901245117188
9000000.00010469,-67.3710861206055
9000000.0001047,-67.5697479248047
9000000.0001047,-67.7858581542969
9000000.00010471,-68.0191497802734
9000000.00010471,-68.2693328857422
9000000.00010472,-68.5361633300781
9000000.00010472,-68.8193511962891
9000000.00010473,-69.1186294555664
9000000.00010473,-69.456428527832
9000000.00010474,-69.8481979370117
9000000.00010474,-70.283203125
9000000.00010475,-70.750732421875
9000000.00010475,-71.2400436401367
9000000.00010476,-71.7404251098633
9000000.00010476,-72.2411499023438
9000000.00010477,-72.7314834594727
9000000.00010477,-73.2007064819336
9000000.00010478,-73.6380920410156
9000000.00010478,-74.0329208374023
9000000.00010479,-74.3744506835938
9000000.00010479,-74.651969909668
9000000.0001048,-74.8652801513672
9000000.0001048,-75.0431060791016
9000000.00010481,-75.1885147094727
9000000.00010481,-75.3021469116211
9000000.00010482,-75.384635925293
9000000.00010482,-75.4366226196289
9000000.00010483,-75.458740234375
9000000.00010483,-75.4516372680664
9000000.00010484,-75.4159393310547
9000000.00010484,-75.352294921875
9000000.00010485,-75.2613296508789
9000000.00010485,-75.1436920166016
9000000.00010486,-75.0000228881836
9000000.00010486,-74.8287811279297
9000000.00010487,-74.6047058105469
9000000.00010487,-74.3268966674805
9000000.00010488,-74.0036849975586
9000000.00010488,-73.6434020996094
9000000.00010489,-73.2543792724609
9000000.00010489,-72.8449630737305
9000000.0001049,-72.4234771728516
9000000.0001049,-71.9982528686523
9000000.00010491,-71.57763671875
9000000.00010491,-71.1699523925781
9000000.00010492,-70.7835388183594
9000000.00010492,-70.4267272949219
9000000.00010493,-70.1078567504883
9000000.00010493,-69.810188293457
9000000.00010494,-69.5131225585938
9000000.00010494,-69.2191467285156
9000000.00010495,-68.9307861328125
9000000.00010495,-68.6505432128906
9000000.00010496,-68.3809280395508
9000000.00010496,-68.1244354248047
9000000.00010497,-67.8835906982422
9000000.00010497,-67.660888671875
9000000.00010498,-67.4588470458984
9000000.00010498,-67.2799606323242
9000000.00010499,-67.1267547607422
9000000.00010499,-67.0017166137695
9000000.000105,-66.9043884277344
9000000.000105,-66.8266067504883
9000000.00010501,-66.7680740356445
9000000.00010501,-66.7291946411133
9000000.00010502,-66.7103729248047
9000000.00010502,-66.7120208740234
9000000.00010503,-66.7345428466797
9000000.00010503,-66.7783432006836
9000000.00010504,-66.8438262939453
9000000.00010504,-66.9314117431641
9000000.00010505,-67.0414886474609
9000000.00010505,-67.1744766235352
9000000.00010506,-67.3307723999023
9000000.00010506,-67.5117645263672
9000000.00010507,-67.7291717529297
9000000.00010507,-67.9827651977539
9000000.00010508,-68.2680511474609
9000000.00010508,-68.5805206298828
9000000.00010509,-68.9156799316406
9000000.00010509,-69.2690124511719
9000000.0001051,-69.6360244750977
9000000.0001051,-70.0122146606445
9000000.00010511,-70.3930740356445
9000000.00010511,-70.7741012573242
9000000.00010512,-71.1507949829102
9000000.00010512,-71.5186538696289
9000000.00010513,-71.8731689453125
9000000.00010513,-72.2344818115234
9000000.00010514,-72.621208190918
9000000.00010514,-73.026611328125
9000000.00010515,-73.4439315795898
9000000.00010515,-73.8664245605469
9000000.00010516,-74.2873306274414
9000000.00010516,-74.6999130249023
9000000.00010517,-75.097412109375
9000000.00010517,-75.4730834960938
9000000.00010518,-75.8201751708984
9000000.00010518,-76.1319351196289
9000000.00010519,-76.4016189575195
9000000.00010519,-76.6224670410156
9000000.0001052,-76.7926177978516
9000000.0001052,-76.9253463745117
9000000.00010521,-77.0239639282227
9000000.00010521,-77.0907287597656
9000000.00010522,-77.1279067993164
9000000.00010522,-77.1377639770508
9000000.00010523,-77.1225509643555
9000000.00010523,-77.0845260620117
9000000.00010524,-77.0259552001953
9000000.00010524,-76.949104309082
9000000.00010525,-76.8562164306641
9000000.00010525,-76.7495727539063
9000000.00010526,-76.6314163208008
9000000.00010526,-76.5023803710938
9000000.00010527,-76.3441162109375
9000000.00010527,-76.1543426513672
9000000.00010528,-75.9374618530273
9000000.00010528,-75.6978988647461
9000000.00010529,-75.4400634765625
9000000.00010529,-75.1683578491211
9000000.0001053,-74.88720703125
9000000.0001053,-74.6010208129883
9000000.00010531,-74.314208984375
9000000.00010531,-74.0311889648438
9000000.00010532,-73.7563629150391
9000000.00010532,-73.4941558837891
9000000.00010533,-73.2489700317383
9000000.00010533,-73.010139465332
9000000.00010534,-72.7655029296875
9000000.00010534,-72.5172882080078
9000000.00010535,-72.2677001953125
9000000.00010535,-72.0189590454102
9000000.00010536,-71.7732696533203
9000000.00010536,-71.5328521728516
9000000.00010537,-71.299919128418
9000000.00010537,-71.0766906738281
9000000.00010538,-70.865364074707
9000000.00010538,-70.6681747436523
9000000.00010539,-70.4873199462891
9000000.00010539,-70.3250122070313
9000000.0001054,-70.1791000366211
9000000.0001054,-70.0375747680664
9000000.00010541,-69.9015426635742
9000000.00010541,-69.7732391357422
9000000.00010542,-69.6548767089844
9000000.00010542,-69.5486679077148
9000000.00010543,-69.4568405151367
9000000.00010543,-69.3816070556641
9000000.00010544,-69.3251876831055
9000000.00010544,-69.2898025512695
9000000.00010545,-69.2776718139648
9000000.00010545,-69.2910079956055
9000000.00010546,-69.33203125
9000000.00010546,-69.4024658203125
9000000.00010547,-69.4973373413086
9000000.00010547,-69.6145706176758
9000000.00010548,-69.75390625
9000000.00010548,-69.9150619506836
9000000.00010549,-70.097770690918
9000000.00010549,-70.3017730712891
9000000.0001055,-70.5267868041992
9000000.0001055,-70.7725448608398
9000000.00010551,-71.0387878417969
9000000.00010551,-71.3252258300781
9000000.00010552,-71.6316146850586
9000000.00010552,-71.9576644897461
9000000.00010553,-72.303108215332
9000000.00010553,-72.7116470336914
9000000.00010554,-73.2131042480469
9000000.00010554,-73.7863922119141
9000000.00010555,-74.4104537963867
9000000.00010555,-75.0642013549805
9000000.00010556,-75.7265777587891
9000000.00010556,-76.3764953613281
9000000.00010557,-76.9928817749023
9000000.00010557,-77.5546722412109
9000000.00010558,-78.0407791137695
9000000.00010558,-78.4301452636719
9000000.00010559,-78.7016906738281
9000000.00010559,-78.8343353271484
9000000.0001056,-78.8123168945313
9000000.0001056,-78.6497268676758
9000000.00010561,-78.3647994995117
9000000.00010561,-77.9751892089844
9000000.00010562,-77.4985198974609
9000000.00010562,-76.9524383544922
9000000.00010563,-76.3545837402344
9000000.00010563,-75.7225952148438
9000000.00010564,-75.074104309082
9000000.00010564,-74.4267501831055
9000000.00010565,-73.7981796264648
9000000.00010565,-73.2060317993164
9000000.00010566,-72.6679306030273
9000000.00010566,-72.1963882446289
9000000.00010567,-71.7377777099609
9000000.00010567,-71.2754516601563
9000000.00010568,-70.8122253417969
9000000.00010568,-70.3509292602539
9000000.00010569,-69.8943786621094
9000000.00010569,-69.4454040527344
9000000.0001057,-69.0068054199219
9000000.0001057,-68.5814208984375
9000000.00010571,-68.1720733642578
9000000.00010571,-67.7815704345703
9000000.00010572,-67.4127502441406
9000000.00010572,-67.0684127807617
9000000.00010573,-66.7513961791992
9000000.00010573,-66.456787109375
9000000.00010574,-66.178108215332
9000000.00010574,-65.9158477783203
9000000.00010575,-65.6704788208008
9000000.00010575,-65.442497253418
9000000.00010576,-65.2323913574219
9000000.00010576,-65.0406265258789
9000000.00010577,-64.8676986694336
9000000.00010577,-64.7140884399414
9000000.00010578,-64.5802841186523
9000000.00010578,-64.4667587280273
9000000.00010579,-64.3740081787109
9000000.00010579,-64.3025131225586
9000000.0001058,-64.2514801025391
9000000.0001058,-64.2174606323242
9000000.00010581,-64.200927734375
9000000.00010581,-64.2027053833008
9000000.00010582,-64.2235946655273
9000000.00010582,-64.2644119262695
9000000.00010583,-64.3259735107422
9000000.00010583,-64.4090805053711
9000000.00010584,-64.5145645141602
9000000.00010584,-64.6432113647461
9000000.00010585,-64.7958602905273
9000000.00010585,-64.9732971191406
9000000.00010586,-65.1763534545898
9000000.00010586,-65.4065780639648
9000000.00010587,-65.6730499267578
9000000.00010587,-65.9751358032227
9000000.00010588,-66.3089065551758
9000000.00010588,-66.67041015625
9000000.00010589,-67.0557174682617
9000000.00010589,-67.4608688354492
9000000.0001059,-67.8819351196289
9000000.0001059,-68.3149719238281
9000000.00010591,-68.7560272216797
9000000.00010591,-69.2011642456055
9000000.00010592,-69.6464385986328
9000000.00010592,-70.0879058837891
9000000.00010593,-70.5216217041016
9000000.00010593,-70.9879760742188
9000000.00010594,-71.5186462402344
9000000.00010594,-72.0966567993164
9000000.00010595,-72.7050323486328
9000000.00010595,-73.3267822265625
9000000.00010596,-73.9449310302734
9000000.00010596,-74.5425033569336
9000000.00010597,-75.1025161743164
9000000.00010597,-75.6079864501953
9000000.00010598,-76.0419311523438
9000000.00010598,-76.3873825073242
9000000.00010599,-76.6273498535156
9000000.00010599,-76.7448654174805
9000000.000106,-76.7240753173828
9000000.000106,-76.5676803588867
9000000.00010601,-76.2929000854492
9000000.00010601,-75.9172744750977
9000000.00010602,-75.4583587646484
9000000.00010602,-74.933708190918
9000000.00010603,-74.3608856201172
9000000.00010603,-73.757438659668
9000000.00010604,-73.1409225463867
9000000.00010604,-72.5289001464844
9000000.00010605,-71.9389114379883
9000000.00010605,-71.3885192871094
9000000.00010606,-70.8952865600586
9000000.00010606,-70.4718856811523
9000000.00010607,-70.0679244995117
9000000.00010607,-69.6668701171875
9000000.00010608,-69.2704772949219
9000000.00010608,-68.8805236816406
9000000.00010609,-68.4987564086914
9000000.00010609,-68.1269454956055
9000000.0001061,-67.766845703125
9000000.0001061,-67.4202346801758
9000000.00010611,-67.0888595581055
9000000.00010611,-66.7744979858398
9000000.00010612,-66.4788970947266
9000000.00010612,-66.2038269042969
9000000.00010613,-65.951057434082
9000000.00010613,-65.7175140380859
9000000.00010614,-65.4991760253906
9000000.00010614,-65.2963333129883
9000000.00010615,-65.1092834472656
9000000.00010615,-64.9383239746094
9000000.00010616,-64.7837448120117
9000000.00010616,-64.6458587646484
9000000.00010617,-64.5249481201172
9000000.00010617,-64.4213180541992
9000000.00010618,-64.3352584838867
9000000.00010618,-64.2670669555664
9000000.00010619,-64.2170486450195
9000000.00010619,-64.1854858398438
9000000.0001062,-64.1718368530273
9000000.0001062,-64.1737518310547
9000000.00010621,-64.1915969848633
9000000.00010621,-64.2259521484375
9000000.00010622,-64.2773971557617
9000000.00010622,-64.3465042114258
9000000.00010623,-64.4338684082031
9000000.00010623,-64.5400619506836
9000000.00010624,-64.6656646728516
9000000.00010624,-64.8112640380859
9000000.00010625,-64.977424621582
9000000.00010625,-65.1647491455078
9000000.00010626,-65.3737945556641
9000000.00010626,-65.6039428710938
9000000.00010627,-65.8410949707031
9000000.00010627,-66.0845336914063
9000000.00010628,-66.3387069702148
9000000.00010628,-66.6080627441406
9000000.00010629,-66.8970413208008
9000000.00010629,-67.210090637207
9000000.0001063,-67.5516662597656
9000000.0001063,-67.9261932373047
9000000.00010631,-68.338134765625
9000000.00010631,-68.7919235229492
9000000.00010632,-69.2920150756836
9000000.00010632,-69.8428421020508
9000000.00010633,-70.4488677978516
9000000.00010633,-71.1695098876953
9000000.00010634,-72.0399856567383
9000000.00010634,-73.0283584594727
9000000.00010635,-74.1027145385742
9000000.00010635,-75.2311401367188
9000000.00010636,-76.381706237793
9000000.00010636,-77.5224914550781
9000000.00010637,-78.62158203125
9000000.00010637,-79.6470565795898
9000000.00010638,-80.5669937133789
9000000.00010638,-81.3494720458984
9000000.00010639,-81.9625778198242
9000000.00010639,-82.374382019043
9000000.0001064,-82.5636215209961
9000000.0001064,-82.5588150024414
9000000.00010641,-82.3855438232422
9000000.00010641,-82.0677337646484
9000000.00010642,-81.6293182373047
9000000.00010642,-81.0942230224609
9000000.00010643,-80.4863967895508
9000000.00010643,-79.8297653198242
9000000.00010644,-79.1482620239258
9000000.00010644,-78.4658279418945
9000000.00010645,-77.8063888549805
9000000.00010645,-77.1938781738281
9000000.00010646,-76.652229309082
9000000.00010646,-76.1990356445313
9000000.00010647,-75.7689361572266
9000000.00010647,-75.3394393920898
9000000.00010648,-74.9117584228516
9000000.00010648,-74.4871139526367
9000000.00010649,-74.0667114257813
9000000.00010649,-73.6517715454102
9000000.0001065,-73.2435073852539
9000000.0001065,-72.843147277832
9000000.00010651,-72.4518890380859
9000000.00010651,-72.0709533691406
9000000.00010652,-71.7015686035156
9000000.00010652,-71.3449325561523
9000000.00010653,-71.0022735595703
9000000.00010653,-70.6708221435547
9000000.00010654,-70.3473587036133
9000000.00010654,-70.0323944091797
9000000.00010655,-69.7264709472656
9000000.00010655,-69.4300918579102
9000000.00010656,-69.1437911987305
9000000.00010656,-68.8680877685547
9000000.00010657,-68.6035079956055
9000000.00010657,-68.3505706787109
9000000.00010658,-68.1098022460938
9000000.00010658,-67.881721496582
9000000.00010659,-67.6668548583984
9000000.00010659,-67.4657211303711
9000000.0001066,-67.2777633666992
9000000.0001066,-67.1000137329102
9000000.00010661,-66.9327774047852
9000000.00010661,-66.7766265869141
9000000.00010662,-66.6321334838867
9000000.00010662,-66.499885559082
9000000.00010663,-66.3804397583008
9000000.00010663,-66.2743835449219
9000000.00010664,-66.1822891235352
9000000.00010664,-66.1047286987305
9000000.00010665,-66.0422821044922
9000000.00010665,-65.9955139160156
9000000.00010666,-65.9650115966797
9000000.00010666,-65.9515914916992
9000000.00010667,-65.9583587646484
9000000.00010667,-65.9848480224609
9000000.00010668,-66.029426574707
9000000.00010668,-66.0904769897461
9000000.00010669,-66.1663665771484
9000000.00010669,-66.2554779052734
9000000.0001067,-66.3561859130859
9000000.0001067,-66.4668655395508
9000000.00010671,-66.5858917236328
9000000.00010671,-66.7116394042969
9000000.00010672,-66.8424911499023
9000000.00010672,-66.9768142700195
9000000.00010673,-67.1129913330078
9000000.00010673,-67.2608795166016
9000000.00010674,-67.428955078125
9000000.00010674,-67.613525390625
9000000.00010675,-67.8108825683594
9000000.00010675,-68.017333984375
9000000.00010676,-68.2291717529297
9000000.00010676,-68.4427032470703
9000000.00010677,-68.6542205810547
9000000.00010677,-68.8600311279297
9000000.00010678,-69.0564270019531
9000000.00010678,-69.2397079467773
9000000.00010679,-69.4061813354492
9000000.00010679,-69.5521469116211
9000000.0001068,-69.6778564453125
9000000.0001068,-69.7941284179688
9000000.00010681,-69.9017562866211
9000000.00010681,-70.0006103515625
9000000.00010682,-70.0905685424805
9000000.00010682,-70.1714935302734
9000000.00010683,-70.2432632446289
9000000.00010683,-70.3057556152344
9000000.00010684,-70.3588256835938
9000000.00010684,-70.4023590087891
9000000.00010685,-70.4362182617188
9000000.00010685,-70.4602813720703
9000000.00010686,-70.4744186401367
9000000.00010686,-70.4780426025391
9000000.00010687,-70.4657592773438
9000000.00010687,-70.437614440918
9000000.00010688,-70.395622253418
9000000.00010688,-70.3418121337891
9000000.00010689,-70.2782135009766
9000000.00010689,-70.2068405151367
9000000.0001069,-70.1297149658203
9000000.0001069,-70.0488662719727
9000000.00010691,-69.9663162231445
9000000.00010691,-69.8840866088867
9000000.00010692,-69.80419921875
9000000.00010692,-69.7286758422852
9000000.00010693,-69.6595458984375
9000000.00010693,-69.590087890625
9000000.00010694,-69.5135116577148
9000000.00010694,-69.4317092895508
9000000.00010695,-69.3465881347656
9000000.00010695,-69.2600479125977
9000000.00010696,-69.1739807128906
9000000.00010696,-69.0902862548828
9000000.00010697,-69.010871887207
9000000.00010697,-68.937629699707
9000000.00010698,-68.8724594116211
9000000.00010698,-68.817268371582
9000000.00010699,-68.7739410400391
9000000.00010699,-68.7443923950195
9000000.000107,-68.7272491455078
9000000.000107,-68.7135314941406
9000000.00010701,-68.7038345336914
9000000.00010701,-68.6995315551758
9000000.00010702,-68.7020111083984
9000000.00010702,-68.7126693725586
9000000.00010703,-68.7328796386719
9000000.00010703,-68.7640380859375
9000000.00010704,-68.8075180053711
9000000.00010704,-68.8647155761719
9000000.00010705,-68.93701171875
9000000.00010705,-69.0257949829102
9000000.00010706,-69.132453918457
9000000.00010706,-69.259162902832
9000000.00010707,-69.4158248901367
9000000.00010707,-69.6013107299805
9000000.00010708,-69.8108749389648
9000000.00010708,-70.0397415161133
9000000.00010709,-70.2831573486328
9000000.00010709,-70.5363693237305
9000000.0001071,-70.7946166992188
9000000.0001071,-71.0531387329102
9000000.00010711,-71.3071746826172
9000000.00010711,-71.5519714355469
9000000.00010712,-71.7827606201172
9000000.00010712,-71.9947967529297
9000000.00010713,-72.1833190917969
9000000.00010713,-72.3646926879883
9000000.00010714,-72.5553283691406
9000000.00010714,-72.7504501342773
9000000.00010715,-72.9453125
9000000.00010715,-73.1351547241211
9000000.00010716,-73.3152389526367
9000000.00010716,-73.4807968139648
9000000.00010717,-73.6270751953125
9000000.00010717,-73.7493286132813
9000000.00010718,-73.8427963256836
9000000.00010718,-73.9027252197266
9000000.00010719,-73.9243621826172
9000000.00010719,-73.9029541015625
9000000.0001072,-73.8336715698242
9000000.0001072,-73.7162170410156
9000000.00010721,-73.5557022094727
9000000.00010721,-73.3574600219727
9000000.00010722,-73.1268157958984
9000000.00010722,-72.8691024780273
9000000.00010723,-72.5896453857422
9000000.00010723,-72.2937698364258
9000000.00010724,-71.9868087768555
9000000.00010724,-71.6740798950195
9000000.00010725,-71.3609237670898
9000000.00010725,-71.0526657104492
9000000.00010726,-70.7546310424805
9000000.00010726,-70.4697952270508
9000000.00010727,-70.1725540161133
9000000.00010727,-69.8577651977539
9000000.00010728,-69.5295944213867
9000000.00010728,-69.1922149658203
9000000.00010729,-68.8498001098633
9000000.00010729,-68.5065078735352
9000000.0001073,-68.1665191650391
9000000.0001073,-67.8340072631836
9000000.00010731,-67.5131301879883
9000000.00010731,-67.2080764770508
9000000.00010732,-66.9230041503906
9000000.00010732,-66.6620864868164
9000000.00010733,-66.4294967651367
9000000.00010733,-66.2147827148438
9000000.00010734,-66.006217956543
9000000.00010734,-65.8060760498047
9000000.00010735,-65.6166229248047
9000000.00010735,-65.4401168823242
9000000.00010736,-65.2788314819336
9000000.00010736,-65.1350402832031
9000000.00010737,-65.0109939575195
9000000.00010737,-64.9089736938477
9000000.00010738,-64.8312377929688
9000000.00010738,-64.7800521850586
9000000.00010739,-64.7576904296875
9000000.00010739,-64.7664184570313
9000000.0001074,-64.7948608398438
9000000.0001074,-64.8054809570313
9000000.00010741,-64.8067245483398
9000000.00010741,-64.8106155395508
9000000.00010742,-64.8291854858398
9000000.00010742,-64.8744583129883
9000000.00010743,-64.9584732055664
9000000.00010743,-65.09326171875
9000000.00010744,-65.2908401489258
9000000.00010744,-65.5632476806641
9000000.00010745,-65.9225158691406
9000000.00010745,-66.3806686401367
9000000.00010746,-66.9497375488281
9000000.00010746,-67.650520324707
9000000.00010747,-68.5909805297852
9000000.00010747,-69.7616500854492
9000000.00010748,-71.1134414672852
9000000.00010748,-72.5972747802734
9000000.00010749,-74.1640548706055
9000000.00010749,-75.7647094726563
9000000.0001075,-77.3501510620117
9000000.0001075,-78.8712921142578
9000000.00010751,-80.279052734375
9000000.00010751,-81.5243453979492
9000000.00010752,-82.5580825805664
9000000.00010752,-83.3311920166016
9000000.00010753,-83.7945785522461
9000000.00010753,-83.9462814331055
9000000.00010754,-83.8398056030273
9000000.00010754,-83.50927734375
9000000.00010755,-82.9888153076172
9000000.00010755,-82.3125381469727
9000000.00010756,-81.5145568847656
9000000.00010756,-80.6290054321289
9000000.00010757,-79.6899948120117
9000000.00010757,-78.7316513061523
9000000.00010758,-77.7880935668945
9000000.00010758,-76.8934326171875
9000000.00010759,-76.0817947387695
9000000.00010759,-75.3873062133789
9000000.0001076,-74.8080368041992
9000000.0001076,-74.2454986572266
9000000.00010761,-73.6920166015625
9000000.00010761,-73.1482772827148
9000000.00010762,-72.614990234375
9000000.00010762,-72.0928421020508
9000000.00010763,-71.5825500488281
9000000.00010763,-71.0848083496094
9000000.00010764,-70.6003112792969
9000000.00010764,-70.1297607421875
9000000.00010765,-69.6738662719727
9000000.00010765,-69.2333221435547
9000000.00010766,-68.8088226318359
9000000.00010766,-68.4008636474609
9000000.00010767,-68.0071334838867
9000000.00010767,-67.6269760131836
9000000.00010768,-67.2605590820313
9000000.00010768,-66.9080505371094
9000000.00010769,-66.5696334838867
9000000.00010769,-66.245475769043
9000000.0001077,-65.9357452392578
9000000.0001077,-65.640625
9000000.00010771,-65.3602676391602
9000000.00010771,-65.0948638916016
9000000.00010772,-64.8445816040039
9000000.00010772,-64.6095809936523
9000000.00010773,-64.3900451660156
9000000.00010773,-64.1841888427734
9000000.00010774,-63.990608215332
9000000.00010774,-63.8100547790527
9000000.00010775,-63.6432800292969
9000000.00010775,-63.4910430908203
9000000.00010776,-63.3540916442871
9000000.00010776,-63.2331848144531
9000000.00010777,-63.1290740966797
9000000.00010777,-63.0425109863281
9000000.00010778,-62.974250793457
9000000.00010778,-62.9250450134277
9000000.00010779,-62.8956527709961
9000000.00010779,-62.8868179321289
9000000.0001078,-62.896842956543
9000000.0001078,-62.9189605712891
9000000.00010781,-62.9543304443359
9000000.00010781,-63.0047378540039
9000000.00010782,-63.0719718933105
9000000.00010782,-63.1578254699707
9000000.00010783,-63.2640800476074
9000000.00010783,-63.3925285339355
9000000.00010784,-63.5449600219727
9000000.00010784,-63.7231636047363
9000000.00010785,-63.9289245605469
9000000.00010785,-64.1640396118164
9000000.00010786,-64.4302825927734
9000000.00010786,-64.7304840087891
9000000.00010787,-65.0773773193359
9000000.00010787,-65.4695205688477
9000000.00010788,-65.9007720947266
9000000.00010788,-66.3650131225586
9000000.00010789,-66.8561019897461
9000000.00010789,-67.3679046630859
9000000.0001079,-67.8943023681641
9000000.0001079,-68.4291381835938
9000000.00010791,-68.9663009643555
9000000.00010791,-69.4996566772461
9000000.00010792,-70.0230560302734
9000000.00010792,-70.530387878418
9000000.00010793,-71.0155029296875
9000000.00010793,-71.5143585205078
9000000.00010794,-72.0580902099609
9000000.00010794,-72.6333541870117
9000000.00010795,-73.2268142700195
9000000.00010795,-73.8251113891602
9000000.00010796,-74.414909362793
9000000.00010796,-74.9828643798828
9000000.00010797,-75.515625
9000000.00010797,-75.9998474121094
9000000.00010798,-76.4221954345703
9000000.00010798,-76.7693099975586
9000000.00010799,-77.0278625488281
9000000.00010799,-77.1844940185547
9000000.000108,-77.2256317138672
9000000.000108,-77.1502685546875
9000000.00010801,-76.9728240966797
9000000.00010801,-76.7083129882813
9000000.00010802,-76.3717346191406
9000000.00010802,-75.9780883789063
9000000.00010803,-75.5423889160156
9000000.00010803,-75.0796279907227
9000000.00010804,-74.6048202514648
9000000.00010804,-74.1329650878906
9000000.00010805,-73.679069519043
9000000.00010805,-73.2581329345703
9000000.00010806,-72.8851699829102
9000000.00010806,-72.5711517333984
9000000.00010807,-72.2746810913086
9000000.00010807,-71.9816360473633
9000000.00010808,-71.6929473876953
9000000.00010808,-71.4095230102539
9000000.00010809,-71.1322860717773
9000000.00010809,-70.8621520996094
9000000.0001081,-70.6000442504883
9000000.0001081,-70.3468704223633
9000000.00010811,-70.1035537719727
9000000.00010811,-69.8710174560547
9000000.00010812,-69.6501770019531
9000000.00010812,-69.4419479370117
9000000.00010813,-69.2472457885742
9000000.00010813,-69.0659942626953
9000000.00010814,-68.8971252441406
9000000.00010814,-68.7400512695313
9000000.00010815,-68.5941848754883
9000000.00010815,-68.4589462280273
9000000.00010816,-68.3337554931641
9000000.00010816,-68.2180252075195
9000000.00010817,-68.1111679077148
9000000.00010817,-68.0126037597656
9000000.00010818,-67.921760559082
9000000.00010818,-67.8380355834961
9000000.00010819,-67.760856628418
9000000.00010819,-67.6896438598633
9000000.0001082,-67.6231460571289
9000000.0001082,-67.5595321655273
9000000.00010821,-67.4999465942383
9000000.00010821,-67.4457397460938
9000000.00010822,-67.3982620239258
9000000.00010822,-67.3588562011719
9000000.00010823,-67.3288726806641
9000000.00010823,-67.3096694946289
9000000.00010824,-67.3025817871094
9000000.00010824,-67.3089752197266
9000000.00010825,-67.3301773071289
9000000.00010825,-67.3675537109375
9000000.00010826,-67.4224395751953
9000000.00010826,-67.4966888427734
9000000.00010827,-67.5966339111328
9000000.00010827,-67.7211303710938
9000000.00010828,-67.8667144775391
9000000.00010828,-68.0299301147461
9000000.00010829,-68.2072906494141
9000000.00010829,-68.3953475952148
9000000.0001083,-68.5906219482422
9000000.0001083,-68.7896499633789
9000000.00010831,-68.9889755249023
9000000.00010831,-69.1851119995117
9000000.00010832,-69.3746109008789
9000000.00010832,-69.5540008544922
9000000.00010833,-69.7198104858398
9000000.00010833,-69.8863983154297
9000000.00010834,-70.0673522949219
9000000.00010834,-70.2580184936523
9000000.00010835,-70.4537582397461
9000000.00010835,-70.6499252319336
9000000.00010836,-70.8418731689453
9000000.00010836,-71.0249633789063
9000000.00010837,-71.1945419311523
9000000.00010837,-71.3459777832031
9000000.00010838,-71.474609375
9000000.00010838,-71.575813293457
9000000.00010839,-71.6449279785156
9000000.00010839,-71.6773147583008
9000000.0001084,-71.6702346801758
9000000.0001084,-71.6288223266602
9000000.00010841,-71.5564956665039
9000000.00010841,-71.4563751220703
9000000.00010842,-71.3315658569336
9000000.00010842,-71.1851654052734
9000000.00010843,-71.0202789306641
9000000.00010843,-70.8400192260742
9000000.00010844,-70.6474761962891
9000000.00010844,-70.4457702636719
9000000.00010845,-70.2380065917969
9000000.00010845,-70.0272750854492
9000000.00010846,-69.8166885375977
9000000.00010846,-69.6075820922852
9000000.00010847,-69.3802642822266
9000000.00010847,-69.1316680908203
9000000.00010848,-68.8659133911133
9000000.00010848,-68.5871124267578
9000000.00010849,-68.2993698120117
9000000.00010849,-68.0068054199219
9000000.0001085,-67.7135314941406
9000000.0001085,-67.4236679077148
9000000.00010851,-67.1413116455078
9000000.00010851,-66.8705902099609
9000000.00010852,-66.615608215332
9000000.00010852,-66.380485534668
9000000.00010853,-66.1693267822266
9000000.00010853,-65.9728164672852
9000000.00010854,-65.7800369262695
9000000.00010854,-65.5927658081055
9000000.00010855,-65.4127502441406
9000000.00010855,-65.2417526245117
9000000.00010856,-65.0815353393555
9000000.00010856,-64.9338531494141
9000000.00010857,-64.8004760742188
9000000.00010857,-64.6831588745117
9000000.00010858,-64.5836563110352
9000000.00010858,-64.5037384033203
9000000.00010859,-64.4451522827148
9000000.00010859,-64.40966796875
9000000.0001086,-64.3964233398438
9000000.0001086,-64.3982315063477
9000000.00010861,-64.4153060913086
9000000.00010861,-64.4485015869141
9000000.00010862,-64.4986572265625
9000000.00010862,-64.5666198730469
9000000.00010863,-64.6532516479492
9000000.00010863,-64.7593841552734
9000000.00010864,-64.8858795166016
9000000.00010864,-65.0335693359375
9000000.00010865,-65.2033233642578
9000000.00010865,-65.3959732055664
9000000.00010866,-65.6123809814453
9000000.00010866,-65.8535842895508
9000000.00010867,-66.122314453125
9000000.00010867,-66.417854309082
9000000.00010868,-66.7384490966797
9000000.00010868,-67.0823669433594
9000000.00010869,-67.4478759765625
9000000.00010869,-67.8332290649414
9000000.0001087,-68.2366943359375
9000000.0001087,-68.6565399169922
9000000.00010871,-69.0910110473633
9000000.00010871,-69.5383911132813
9000000.00010872,-69.9969253540039
9000000.00010872,-70.4648895263672
9000000.00010873,-70.9405364990234
9000000.00010873,-71.4678497314453
9000000.00010874,-72.0784912109375
9000000.00010874,-72.7522277832031
9000000.00010875,-73.4688491821289
9000000.00010875,-74.208122253418
9000000.00010876,-74.9498443603516
9000000.00010876,-75.6737747192383
9000000.00010877,-76.3596954345703
9000000.00010877,-76.9873886108398
9000000.00010878,-77.5366363525391
9000000.00010878,-77.9872131347656
9000000.00010879,-78.3189010620117
9000000.00010879,-78.5114669799805
9000000.0001088,-78.5472793579102
9000000.0001088,-78.4329223632813
9000000.00010881,-78.1878967285156
9000000.00010881,-77.8318252563477
9000000.00010882,-77.3843002319336
9000000.00010882,-76.8649215698242
9000000.00010883,-76.2933120727539
9000000.00010883,-75.6890640258789
9000000.00010884,-75.07177734375
9000000.00010884,-74.4610748291016
9000000.00010885,-73.8765411376953
9000000.00010885,-73.3377990722656
9000000.00010886,-72.8644409179688
9000000.00010886,-72.4709243774414
9000000.00010887,-72.1042709350586
9000000.00010887,-71.7460632324219
9000000.00010888,-71.3970947265625
9000000.00010888,-71.0581665039063
9000000.00010889,-70.7300796508789
9000000.00010889,-70.4136352539063
9000000.0001089,-70.1096343994141
9000000.0001089,-69.8188705444336
9000000.00010891,-69.5421524047852
9000000.00010891,-69.2802734375
9000000.00010892,-69.0340347290039
9000000.00010892,-68.8042373657227
9000000.00010893,-68.591682434082
9000000.00010893,-68.3970718383789
9000000.00010894,-68.2200012207031
9000000.00010894,-68.0595855712891
9000000.00010895,-67.914924621582
9000000.00010895,-67.7851486206055
9000000.00010896,-67.6693649291992
9000000.00010896,-67.5666961669922
9000000.00010897,-67.4762420654297
9000000.00010897,-67.3971252441406
9000000.00010898,-67.3284606933594
9000000.00010898,-67.2693634033203
9000000.00010899,-67.2189483642578
9000000.00010899,-67.1763305664063
9000000.000109,-67.1402206420898
9000000.000109,-67.1095199584961
9000000.00010901,-67.0854873657227
9000000.00010901,-67.0695114135742
9000000.00010902,-67.0630035400391
9000000.00010902,-67.0673522949219
9000000.00010903,-67.0839614868164
9000000.00010903,-67.1142272949219
9000000.00010904,-67.159553527832
9000000.00010904,-67.2213363647461
9000000.00010905,-67.3009719848633
9000000.00010905,-67.3998641967773
9000000.00010906,-67.5194091796875
9000000.00010906,-67.661979675293
9000000.00010907,-67.839485168457
9000000.00010907,-68.0508270263672
9000000.00010908,-68.2905120849609
9000000.00010908,-68.5530624389648
9000000.00010909,-68.8329849243164
9000000.00010909,-69.1248016357422
9000000.0001091,-69.4230270385742
9000000.0001091,-69.7221755981445
9000000.00010911,-70.0167617797852
9000000.00010911,-70.3012924194336
9000000.00010912,-70.5702972412109
9000000.00010912,-70.8182754516602
9000000.00010913,-71.0397567749023
9000000.00010913,-71.2523345947266
9000000.00010914,-71.4740524291992
9000000.00010914,-71.7000274658203
9000000.00010915,-71.925422668457
9000000.00010915,-72.1453628540039
9000000.00010916,-72.3549880981445
9000000.00010916,-72.549446105957
9000000.00010917,-72.723876953125
9000000.00010917,-72.8734130859375
9000000.00010918,-72.9932022094727
9000000.00010918,-73.0783767700195
9000000.00010919,-73.1240768432617
9000000.00010919,-73.1254501342773
9000000.0001092,-73.0775299072266
9000000.0001092,-72.9799270629883
9000000.00010921,-72.8379058837891
9000000.00010921,-72.6569290161133
9000000.00010922,-72.4424819946289
9000000.00010922,-72.2000427246094
9000000.00010923,-71.9350891113281
9000000.00010923,-71.6530914306641
9000000.00010924,-71.3595352172852
9000000.00010924,-71.0598907470703
9000000.00010925,-70.7596282958984
9000000.00010925,-70.464241027832
9000000.00010926,-70.1791915893555
9000000.00010926,-69.9077301025391
9000000.00010927,-69.6256866455078
9000000.00010927,-69.3277893066406
9000000.00010928,-69.0175704956055
9000000.00010928,-68.6985626220703
9000000.00010929,-68.3742904663086
9000000.00010929,-68.0482788085938
9000000.0001093,-67.7240753173828
9000000.0001093,-67.4051971435547
9000000.00010931,-67.0951690673828
9000000.00010931,-66.7975387573242
9000000.00010932,-66.5158233642578
9000000.00010932,-66.253547668457
9000000.00010933,-66.0142593383789
9000000.00010933,-65.7905502319336
9000000.00010934,-65.573486328125
9000000.00010934,-65.3642730712891
9000000.00010935,-65.1641387939453
9000000.00010935,-64.9742736816406
9000000.00010936,-64.7959060668945
9000000.00010936,-64.630241394043
9000000.00010937,-64.4784927368164
9000000.00010937,-64.3418731689453
9000000.00010938,-64.2215957641602
9000000.00010938,-64.1188659667969
9000000.00010939,-64.0349044799805
9000000.00010939,-63.9709129333496
9000000.0001094,-63.9272804260254
9000000.0001094,-63.9017448425293
9000000.00010941,-63.8936767578125
9000000.00010941,-63.9026222229004
9000000.00010942,-63.9281272888184
9000000.00010942,-63.9697341918945
9000000.00010943,-64.0269927978516
9000000.00010943,-64.0994415283203
9000000.00010944,-64.186637878418
9000000.00010944,-64.2881240844727
9000000.00010945,-64.403450012207
9000000.00010945,-64.5321502685547
9000000.00010946,-64.6737823486328
9000000.00010946,-64.8289108276367
9000000.00010947,-65.0094451904297
9000000.00010947,-65.2159576416016
9000000.00010948,-65.4446563720703
9000000.00010948,-65.6917495727539
9000000.00010949,-65.9534530639648
9000000.00010949,-66.2259750366211
9000000.0001095,-66.5055313110352
9000000.0001095,-66.788330078125
9000000.00010951,-67.0705871582031
9000000.00010951,-67.3485107421875
9000000.00010952,-67.6183090209961
9000000.00010952,-67.8761901855469
9000000.00010953,-68.1183853149414
9000000.00010953,-68.3591537475586
9000000.00010954,-68.6123962402344
9000000.00010954,-68.8737182617188
9000000.00010955,-69.1387329101563
9000000.00010955,-69.4030456542969
9000000.00010956,-69.6622695922852
9000000.00010956,-69.9120178222656
9000000.00010957,-70.1479034423828
9000000.00010957,-70.3655242919922
9000000.00010958,-70.5605010986328
9000000.00010958,-70.7284469604492
9000000.00010959,-70.8649597167969
9000000.00010959,-70.9656600952148
9000000.0001096,-71.028564453125
9000000.0001096,-71.060188293457
9000000.00010961,-71.0633010864258
9000000.00010961,-71.0401840209961
9000000.00010962,-70.9931335449219
9000000.00010962,-70.9244232177734
9000000.00010963,-70.8363571166992
9000000.00010963,-70.7312240600586
9000000.00010964,-70.6112976074219
9000000.00010964,-70.478874206543
9000000.00010965,-70.3362426757813
9000000.00010965,-70.1856918334961
9000000.00010966,-70.0295104980469
9000000.00010966,-69.8683624267578
9000000.00010967,-69.6840972900391
9000000.00010967,-69.4744110107422
9000000.00010968,-69.2436294555664
9000000.00010968,-68.9960556030273
9000000.00010969,-68.7360076904297
9000000.00010969,-68.4678192138672
9000000.0001097,-68.1957931518555
9000000.0001097,-67.9242477416992
9000000.00010971,-67.6575088500977
9000000.00010971,-67.3998947143555
9000000.00010972,-67.1557159423828
9000000.00010972,-66.9292907714844
9000000.00010973,-66.7249450683594
9000000.00010973,-66.5329895019531
9000000.00010974,-66.3420715332031
9000000.00010974,-66.1539764404297
9000000.00010975,-65.9704971313477
9000000.00010975,-65.7934188842773
9000000.00010976,-65.6245422363281
9000000.00010976,-65.4656524658203
9000000.00010977,-65.3185348510742
9000000.00010977,-65.1849899291992
9000000.00010978,-65.0668029785156
9000000.00010978,-64.9657669067383
9000000.00010979,-64.8836669921875
9000000.00010979,-64.8222961425781
9000000.0001098,-64.7815628051758
9000000.0001098,-64.7563171386719
9000000.00010981,-64.7461471557617
9000000.00010981,-64.7510833740234
9000000.00010982,-64.7711563110352
9000000.00010982,-64.8063888549805
9000000.00010983,-64.8568267822266
9000000.00010983,-64.9224853515625
9000000.00010984,-65.0034027099609
9000000.00010984,-65.0996017456055
9000000.00010985,-65.2111129760742
9000000.00010985,-65.3379745483398
9000000.00010986,-65.4802093505859
9000000.00010986,-65.6375274658203
9000000.00010987,-65.8061828613281
9000000.00010987,-65.9860992431641
9000000.00010988,-66.1785659790039
9000000.00010988,-66.384895324707
9000000.00010989,-66.6063613891602
9000000.00010989,-66.8442764282227
9000000.0001099,-67.0999374389648
9000000.0001099,-67.374626159668
9000000.00010991,-67.6696472167969
9000000.00010991,-67.9862899780273
9000000.00010992,-68.3258590698242
9000000.00010992,-68.6896438598633
9000000.00010993,-69.0789413452148
9000000.00010993,-69.5316390991211
9000000.00010994,-70.0718841552734
9000000.00010994,-70.6803665161133
9000000.00010995,-71.3377914428711
9000000.00010995,-72.0248413085938
9000000.00010996,-72.7222137451172
9000000.00010996,-73.4106140136719
9000000.00010997,-74.0707244873047
9000000.00010997,-74.6832427978516
9000000.00010998,-75.2288665771484
9000000.00010998,-75.6882858276367
9000000.00010999,-76.0421981811523
9000000.00010999,-76.2713012695313
9000000.00011,-76.3645401000977
9000000.00011,-76.3441772460938
9000000.00011001,-76.2242279052734
9000000.00011001,-76.0172271728516
9000000.00011002,-75.735725402832
9000000.00011002,-75.3922576904297
9000000.00011003,-74.9993591308594
9000000.00011003,-74.5695877075195
9000000.00011004,-74.115478515625
9000000.00011004,-73.6495666503906
9000000.00011005,-73.1843948364258
9000000.00011005,-72.7325057983398
9000000.00011006,-72.3064422607422
9000000.00011006,-71.9141387939453
9000000.00011007,-71.5062484741211
9000000.00011007,-71.0707778930664
9000000.00011008,-70.6137084960938
9000000.00011008,-70.140998840332
9000000.00011009,-69.6586074829102
9000000.00011009,-69.1725082397461
9000000.0001101,-68.6886749267578
9000000.0001101,-68.2130584716797
9000000.00011011,-67.7516250610352
9000000.00011011,-67.3103561401367
9000000.00011012,-66.8952026367188
9000000.00011012,-66.5121383666992
9000000.00011013,-66.167121887207
9000000.00011013,-65.8498153686523
9000000.00011014,-65.5465469360352
9000000.00011014,-65.2583312988281
9000000.00011015,-64.9861602783203
9000000.00011015,-64.7310562133789
9000000.00011016,-64.4940032958984
9000000.00011016,-64.2760238647461
9000000.00011017,-64.0781097412109
9000000.00011017,-63.9012756347656
9000000.00011018,-63.7465209960938
9000000.00011018,-63.6148490905762
9000000.00011019,-63.507266998291
9000000.00011019,-63.4247741699219
9000000.0001102,-63.3664093017578
9000000.0001102,-63.3267555236816
9000000.00011021,-63.3063049316406
9000000.00011021,-63.3060607910156
9000000.00011022,-63.3270111083984
9000000.00011022,-63.3701477050781
9000000.00011023,-63.4364700317383
9000000.00011023,-63.5269660949707
9000000.00011024,-63.6426315307617
9000000.00011024,-63.7844581604004
9000000.00011025,-63.9534454345703
9000000.00011025,-64.1505737304688
9000000.00011026,-64.3768539428711
9000000.00011026,-64.6320266723633
9000000.00011027,-64.9019393920898
9000000.00011027,-65.1855010986328
9000000.00011028,-65.4868011474609
9000000.00011028,-65.809944152832
9000000.00011029,-66.1590118408203
9000000.00011029,-66.5381011962891
9000000.0001103,-66.951301574707
9000000.0001103,-67.402717590332
9000000.00011031,-67.8964233398438
9000000.00011031,-68.4365234375
9000000.00011032,-69.0271072387695
9000000.00011032,-69.6722717285156
9000000.00011033,-70.376106262207
9000000.00011033,-71.2072143554688
9000000.00011034,-72.2073822021484
9000000.00011034,-73.3404693603516
9000000.00011035,-74.5703353881836
9000000.00011035,-75.8608322143555
9000000.00011036,-77.1758270263672
9000000.00011036,-78.4791717529297
9000000.00011037,-79.7347259521484
9000000.00011037,-80.9063568115234
9000000.00011038,-81.9579162597656
9000000.00011038,-82.853271484375
9000000.00011039,-83.556266784668
9000000.00011039,-84.0307693481445
9000000.0001104,-84.2499694824219
9000000.0001104,-84.2386856079102
9000000.00011041,-84.0280075073242
9000000.00011041,-83.6479568481445
9000000.00011042,-83.1285095214844
9000000.00011042,-82.4996795654297
9000000.00011043,-81.7914657592773
9000000.00011043,-81.0338516235352
9000000.00011044,-80.2568435668945
9000000.00011044,-79.4904479980469
9000000.00011045,-78.7646560668945
9000000.00011045,-78.1094589233398
9000000.00011046,-77.5548706054688
9000000.00011046,-77.1235885620117
9000000.00011047,-76.7415237426758
9000000.00011047,-76.3805847167969
9000000.00011048,-76.0395355224609
9000000.00011048,-75.7171249389648
9000000.00011049,-75.4121322631836
9000000.00011049,-75.1233062744141
9000000.0001105,-74.8494186401367
9000000.0001105,-74.589225769043
9000000.00011051,-74.3414840698242
9000000.00011051,-74.1049652099609
9000000.00011052,-73.8784255981445
9000000.00011052,-73.6606369018555
9000000.00011053,-73.4503479003906
9000000.00011053,-73.2554626464844
9000000.00011054,-73.0827026367188
9000000.00011054,-72.9290618896484
9000000.00011055,-72.7915267944336
9000000.00011055,-72.667106628418
9000000.00011056,-72.5527801513672
9000000.00011056,-72.4455490112305
9000000.00011057,-72.342399597168
9000000.00011057,-72.2403411865234
9000000.00011058,-72.136344909668
9000000.00011058,-72.0274276733398
9000000.00011059,-71.9105682373047
9000000.00011059,-71.7827606201172
9000000.0001106,-71.6415557861328
9000000.0001106,-71.4883880615234
9000000.00011061,-71.3260192871094
9000000.00011061,-71.1571960449219
9000000.00011062,-70.9846496582031
9000000.00011062,-70.8111267089844
9000000.00011063,-70.6393508911133
9000000.00011063,-70.4720687866211
9000000.00011064,-70.3120193481445
9000000.00011064,-70.1619338989258
9000000.00011065,-70.0245513916016
9000000.00011065,-69.9026107788086
9000000.00011066,-69.7988433837891
9000000.00011066,-69.7154312133789
9000000.00011067,-69.6467590332031
9000000.00011067,-69.5902709960938
9000000.00011068,-69.5454559326172
9000000.00011068,-69.5117950439453
9000000.00011069,-69.4887619018555
9000000.00011069,-69.4758453369141
9000000.0001107,-69.4725189208984
9000000.0001107,-69.478271484375
9000000.00011071,-69.4925842285156
9000000.00011071,-69.5149307250977
9000000.00011072,-69.544792175293
9000000.00011072,-69.581657409668
9000000.00011073,-69.625
9000000.00011073,-69.6842803955078
9000000.00011074,-69.766471862793
9000000.00011074,-69.867317199707
9000000.00011075,-69.9825668334961
9000000.00011075,-70.1079711914063
9000000.00011076,-70.2392883300781
9000000.00011076,-70.3722610473633
9000000.00011077,-70.5026397705078
9000000.00011077,-70.6261749267578
9000000.00011078,-70.7386169433594
9000000.00011078,-70.8357238769531
9000000.00011079,-70.9132308959961
9000000.00011079,-70.9668960571289
9000000.0001108,-70.9961547851563
9000000.0001108,-71.0110397338867
9000000.00011081,-71.0131530761719
9000000.00011081,-71.0032730102539
9000000.00011082,-70.9821701049805
9000000.00011082,-70.9506225585938
9000000.00011083,-70.9093933105469
9000000.00011083,-70.8592681884766
9000000.00011084,-70.8010177612305
9000000.00011084,-70.7354125976563
9000000.00011085,-70.6632232666016
9000000.00011085,-70.5852355957031
9000000.00011086,-70.5022125244141
9000000.00011086,-70.4141616821289
9000000.00011087,-70.3122863769531
9000000.00011087,-70.1957626342773
9000000.00011088,-70.0669937133789
9000000.00011088,-69.9283752441406
9000000.00011089,-69.7823104858398
9000000.00011089,-69.6312026977539
9000000.0001109,-69.4774398803711
9000000.0001109,-69.3234329223633
9000000.00011091,-69.1715698242188
9000000.00011091,-69.0242538452148
9000000.00011092,-68.8838806152344
9000000.00011092,-68.7528533935547
9000000.00011093,-68.6335754394531
9000000.00011093,-68.5225067138672
9000000.00011094,-68.4145889282227
9000000.00011094,-68.3099212646484
9000000.00011095,-68.2085952758789
9000000.00011095,-68.1107025146484
9000000.00011096,-68.0163497924805
9000000.00011096,-67.9256210327148
9000000.00011097,-67.838623046875
9000000.00011097,-67.7554473876953
9000000.00011098,-67.6761856079102
9000000.00011098,-67.6009368896484
9000000.00011099,-67.5298004150391
9000000.00011099,-67.4628677368164
9000000.000111,-67.3993148803711
9000000.000111,-67.3366394042969
9000000.00011101,-67.2754592895508
9000000.00011101,-67.2166442871094
9000000.00011102,-67.1610641479492
9000000.00011102,-67.1095733642578
9000000.00011103,-67.0630569458008
9000000.00011103,-67.0223770141602
9000000.00011104,-66.988395690918
9000000.00011104,-66.9619903564453
9000000.00011105,-66.9440155029297
9000000.00011105,-66.9353561401367
9000000.00011106,-66.9368667602539
9000000.00011106,-66.9493637084961
9000000.00011107,-66.9725570678711
9000000.00011107,-67.0056610107422
9000000.00011108,-67.0479888916016
9000000.00011108,-67.0988388061523
9000000.00011109,-67.1575317382813
9000000.00011109,-67.2233734130859
9000000.0001111,-67.2956771850586
9000000.0001111,-67.3737564086914
9000000.00011111,-67.456916809082
9000000.00011111,-67.5444717407227
9000000.00011112,-67.6357345581055
9000000.00011112,-67.7300109863281
9000000.00011113,-67.8266143798828
9000000.00011113,-67.9349822998047
9000000.00011114,-68.062255859375
9000000.00011114,-68.2043228149414
9000000.00011115,-68.357048034668
9000000.00011115,-68.5163116455078
9000000.00011116,-68.677978515625
9000000.00011116,-68.8379287719727
9000000.00011117,-68.9920425415039
9000000.00011117,-69.1361770629883
9000000.00011118,-69.2662124633789
9000000.00011118,-69.3780288696289
9000000.00011119,-69.4674987792969
9000000.00011119,-69.5304946899414
9000000.0001112,-69.5665893554688
9000000.0001112,-69.5858993530273
9000000.00011121,-69.5898666381836
9000000.00011121,-69.5791091918945
9000000.00011122,-69.5542373657227
9000000.00011122,-69.5158615112305
9000000.00011123,-69.464599609375
9000000.00011123,-69.4010620117188
9000000.00011124,-69.3258514404297
9000000.00011124,-69.2395935058594
9000000.00011125,-69.1428909301758
9000000.00011125,-69.0363540649414
9000000.00011126,-68.9206085205078
9000000.00011126,-68.7951202392578
9000000.00011127,-68.6468734741211
9000000.00011127,-68.4751358032227
9000000.00011128,-68.2839508056641
9000000.00011128,-68.0773544311523
9000000.00011129,-67.8593978881836
9000000.00011129,-67.6341094970703
9000000.0001113,-67.4055404663086
9000000.0001113,-67.1777191162109
9000000.00011131,-66.9546966552734
9000000.00011131,-66.7405166625977
9000000.00011132,-66.5392074584961
9000000.00011132,-66.3548126220703
9000000.00011133,-66.1913757324219
9000000.00011133,-66.0382232666016
9000000.00011134,-65.8836212158203
9000000.00011134,-65.7300262451172
9000000.00011135,-65.5799179077148
9000000.00011135,-65.4357528686523
9000000.00011136,-65.2999954223633
9000000.00011136,-65.1751174926758
9000000.00011137,-65.0635757446289
9000000.00011137,-64.9678344726563
9000000.00011138,-64.8903656005859
9000000.00011138,-64.8336334228516
9000000.00011139,-64.8001022338867
9000000.00011139,-64.7922286987305
9000000.0001114,-64.8091430664063
9000000.0001114,-64.841667175293
9000000.00011141,-64.8898544311523
9000000.00011141,-64.9545364379883
9000000.00011142,-65.0365524291992
9000000.00011142,-65.1367568969727
9000000.00011143,-65.255989074707
9000000.00011143,-65.3950881958008
9000000.00011144,-65.5548934936523
9000000.00011144,-65.7362518310547
9000000.00011145,-65.9400100708008
9000000.00011145,-66.1670074462891
9000000.00011146,-66.4180908203125
9000000.00011146,-66.6955261230469
9000000.00011147,-67.0165863037109
9000000.00011147,-67.380729675293
9000000.00011148,-67.7810974121094
9000000.00011148,-68.210823059082
9000000.00011149,-68.6630554199219
9000000.00011149,-69.1309356689453
9000000.0001115,-69.6075897216797
9000000.0001115,-70.0861740112305
9000000.00011151,-70.559814453125
9000000.00011151,-71.0216674804688
9000000.00011152,-71.4648590087891
9000000.00011152,-71.8825302124023
9000000.00011153,-72.2678298950195
9000000.00011153,-72.6435699462891
9000000.00011154,-73.032829284668
9000000.00011154,-73.4291458129883
9000000.00011155,-73.8260498046875
9000000.00011155,-74.2170791625977
9000000.00011156,-74.5957717895508
9000000.00011156,-74.9556579589844
9000000.00011157,-75.2902755737305
9000000.00011157,-75.5931625366211
9000000.00011158,-75.8578491210938
9000000.00011158,-76.0778732299805
9000000.00011159,-76.2467727661133
9000000.00011159,-76.3580856323242
9000000.0001116,-76.4081420898438
9000000.0001116,-76.4045257568359
9000000.00011161,-76.3518829345703
9000000.00011161,-76.2543716430664
9000000.00011162,-76.1161575317383
9000000.00011162,-75.9413833618164
9000000.00011163,-75.7342071533203
9000000.00011163,-75.4987869262695
9000000.00011164,-75.2392730712891
9000000.00011164,-74.959831237793
9000000.00011165,-74.6646041870117
9000000.00011165,-74.3577499389648
9000000.00011166,-74.0434265136719
9000000.00011166,-73.7229537963867
9000000.00011167,-73.3646621704102
9000000.00011167,-72.9643783569336
9000000.00011168,-72.5294799804688
9000000.00011168,-72.0673675537109
9000000.00011169,-71.5854187011719
9000000.00011169,-71.0910263061523
9000000.0001117,-70.5915679931641
9000000.0001117,-70.0944442749023
9000000.00011171,-69.6070404052734
9000000.00011171,-69.1367340087891
9000000.00011172,-68.69091796875
9000000.00011172,-68.276985168457
9000000.00011173,-67.9023132324219
9000000.00011173,-67.5534210205078
9000000.00011174,-67.2129592895508
9000000.00011174,-66.8824920654297
9000000.00011175,-66.5635757446289
9000000.00011175,-66.2577896118164
9000000.00011176,-65.9666900634766
9000000.00011176,-65.6918487548828
9000000.00011177,-65.4348297119141
9000000.00011177,-65.1971969604492
9000000.00011178,-64.9805221557617
9000000.00011178,-64.7863693237305
9000000.00011179,-64.6163101196289
9000000.00011179,-64.4719009399414
9000000.0001118,-64.3520965576172
9000000.0001118,-64.2497482299805
9000000.00011181,-64.1652526855469
9000000.00011181,-64.0996704101563
9000000.00011182,-64.0540466308594
9000000.00011182,-64.0294342041016
9000000.00011183,-64.0269012451172
9000000.00011183,-64.047477722168
9000000.00011184,-64.0922393798828
9000000.00011184,-64.162223815918
9000000.00011185,-64.2584915161133
9000000.00011185,-64.3820877075195
9000000.00011186,-64.5340728759766
9000000.00011186,-64.7146759033203
9000000.00011187,-64.9145965576172
9000000.00011187,-65.1327819824219
9000000.00011188,-65.3715286254883
9000000.00011188,-65.6331634521484
9000000.00011189,-65.9200057983398
9000000.00011189,-66.2343673706055
9000000.0001119,-66.5785675048828
9000000.0001119,-66.9549179077148
9000000.00011191,-67.3657455444336
9000000.00011191,-67.813362121582
9000000.00011192,-68.3000793457031
9000000.00011192,-68.8282241821289
9000000.00011193,-69.4001083374023
9000000.00011193,-70.0737228393555
9000000.00011194,-70.8856506347656
9000000.00011194,-71.8061218261719
9000000.00011195,-72.8053665161133
9000000.00011195,-73.8535995483398
9000000.00011196,-74.9210433959961
9000000.00011196,-75.9779357910156
9000000.00011197,-76.994499206543
9000000.00011197,-77.9409484863281
9000000.00011198,-78.7875213623047
9000000.00011198,-79.5044250488281
9000000.00011199,-80.0619049072266
9000000.00011199,-80.43017578125
9000000.000112,-80.5880279541016
9000000.000112,-80.5583343505859
9000000.00011201,-80.3660202026367
9000000.00011201,-80.0348587036133
9000000.00011202,-79.5886306762695
9000000.00011202,-79.0511093139648
9000000.00011203,-78.4460754394531
9000000.00011203,-77.7973022460938
9000000.00011204,-77.1285705566406
9000000.00011204,-76.4636535644531
9000000.00011205,-75.8263320922852
9000000.00011205,-75.2403717041016
9000000.00011206,-74.7295608520508
9000000.00011206,-74.3114242553711
9000000.00011207,-73.9217529296875
9000000.00011207,-73.5382080078125
9000000.00011208,-73.1617431640625
9000000.00011208,-72.7933197021484
9000000.00011209,-72.4338836669922
9000000.00011209,-72.0843963623047
9000000.0001121,-71.7458114624023
9000000.0001121,-71.4190902709961
9000000.00011211,-71.1051940917969
9000000.00011211,-70.805061340332
9000000.00011212,-70.519660949707
9000000.00011212,-70.2499465942383
9000000.00011213,-69.9968795776367
9000000.00011213,-69.7609710693359
9000000.00011214,-69.54150390625
9000000.00011214,-69.3375854492188
9000000.00011215,-69.148307800293
9000000.00011215,-68.972785949707
9000000.00011216,-68.8101043701172
9000000.00011216,-68.6593856811523
9000000.00011217,-68.5197067260742
9000000.00011217,-68.3901901245117
9000000.00011218,-68.2699279785156
9000000.00011218,-68.1580200195313
9000000.00011219,-68.0535736083984
9000000.00011219,-67.9556884765625
9000000.0001122,-67.8634185791016
9000000.0001122,-67.7766342163086
9000000.00011221,-67.6963195800781
9000000.00011221,-67.6235198974609
9000000.00011222,-67.5592727661133
9000000.00011222,-67.5046081542969
9000000.00011223,-67.4605712890625
9000000.00011223,-67.4281845092773
9000000.00011224,-67.4085006713867
9000000.00011224,-67.4025497436523
9000000.00011225,-67.4113693237305
9000000.00011225,-67.4360046386719
9000000.00011226,-67.4774780273438
9000000.00011226,-67.537223815918
9000000.00011227,-67.6202011108398
9000000.00011227,-67.7255401611328
9000000.00011228,-67.8505401611328
9000000.00011228,-67.9925003051758
9000000.00011229,-68.1487274169922
9000000.00011229,-68.316520690918
9000000.0001123,-68.4931793212891
9000000.0001123,-68.6760101318359
9000000.00011231,-68.8623123168945
9000000.00011231,-69.0493850708008
9000000.00011232,-69.2345275878906
9000000.00011232,-69.4150543212891
9000000.00011233,-69.5882568359375
9000000.00011233,-69.7694778442383
9000000.00011234,-69.9721069335938
9000000.00011234,-70.1904907226563
9000000.00011235,-70.4189987182617
9000000.00011235,-70.651985168457
9000000.00011236,-70.8838119506836
9000000.00011236,-71.1088333129883
9000000.00011237,-71.3214111328125
9000000.00011237,-71.5158996582031
9000000.00011238,-71.6866683959961
9000000.00011238,-71.8280563354492
9000000.00011239,-71.934440612793
9000000.00011239,-72.0001754760742
9000000.0001124,-72.0209121704102
9000000.0001124,-72.000114440918
9000000.00011241,-71.942756652832
9000000.00011241,-71.8536758422852
9000000.00011242,-71.7377319335938
9000000.00011242,-71.5997619628906
9000000.00011243,-71.4446105957031
9000000.00011243,-71.2771301269531
9000000.00011244,-71.102165222168
9000000.00011244,-70.924560546875
9000000.00011245,-70.7491607666016
9000000.00011245,-70.580810546875
9000000.00011246,-70.4243621826172
9000000.00011246,-70.2829513549805
9000000.00011247,-70.1383666992188
9000000.00011247,-69.9859771728516
9000000.00011248,-69.8277893066406
9000000.00011248,-69.6658172607422
9000000.00011249,-69.5020599365234
9000000.00011249,-69.3385238647461
9000000.0001125,-69.1772079467773
9000000.0001125,-69.0201187133789
9000000.00011251,-68.8692626953125
9000000.00011251,-68.7266464233398
9000000.00011252,-68.5942687988281
9000000.00011252,-68.4741363525391
9000000.00011253,-68.3682632446289
9000000.00011253,-68.2769470214844
9000000.00011254,-68.1981811523438
9000000.00011254,-68.1304397583008
9000000.00011255,-68.0722351074219
9000000.00011255,-68.0220413208008
9000000.00011256,-67.9783554077148
9000000.00011256,-67.9396667480469
9000000.00011257,-67.9044723510742
9000000.00011257,-67.8712615966797
9000000.00011258,-67.8385238647461
9000000.00011258,-67.8047409057617
9000000.00011259,-67.768424987793
9000000.00011259,-67.7280502319336
9000000.0001126,-67.6822891235352
9000000.0001126,-67.6315841674805
9000000.00011261,-67.5774002075195
9000000.00011261,-67.5212326049805
9000000.00011262,-67.4645462036133
9000000.00011262,-67.4088287353516
9000000.00011263,-67.3555603027344
9000000.00011263,-67.3062362670898
9000000.00011264,-67.262321472168
9000000.00011264,-67.2252960205078
9000000.00011265,-67.196662902832
9000000.00011265,-67.1778793334961
9000000.00011266,-67.1704406738281
9000000.00011266,-67.1749877929688
9000000.00011267,-67.1821746826172
9000000.00011267,-67.1905364990234
9000000.00011268,-67.202018737793
9000000.00011268,-67.2185668945313
9000000.00011269,-67.2421340942383
9000000.00011269,-67.2746505737305
9000000.0001127,-67.3180618286133
9000000.0001127,-67.3743209838867
9000000.00011271,-67.4453582763672
9000000.00011271,-67.5331344604492
9000000.00011272,-67.6395797729492
9000000.00011272,-67.7666473388672
9000000.00011273,-67.9162750244141
9000000.00011273,-68.1014709472656
9000000.00011274,-68.3288421630859
9000000.00011274,-68.5907516479492
9000000.00011275,-68.8795700073242
9000000.00011275,-69.1876449584961
9000000.00011276,-69.5073471069336
9000000.00011276,-69.8310241699219
9000000.00011277,-70.1510543823242
9000000.00011277,-70.4597778320313
9000000.00011278,-70.7495727539063
9000000.00011278,-71.0127944946289
9000000.00011279,-71.2417984008789
9000000.00011279,-71.428955078125
9000000.0001128,-71.5737609863281
9000000.0001128,-71.6957244873047
9000000.00011281,-71.7973098754883
9000000.00011281,-71.8793334960938
9000000.00011282,-71.9426345825195
9000000.00011282,-71.9880294799805
9000000.00011283,-72.0163497924805
9000000.00011283,-72.0284194946289
9000000.00011284,-72.0250625610352
9000000.00011284,-72.0071182250977
9000000.00011285,-71.9754028320313
9000000.00011285,-71.9307479858398
9000000.00011286,-71.8739776611328
9000000.00011286,-71.8046112060547
9000000.00011287,-71.70751953125
9000000.00011287,-71.5817718505859
9000000.00011288,-71.4319381713867
9000000.00011288,-71.2626037597656
9000000.00011289,-71.0783538818359
9000000.00011289,-70.8837585449219
9000000.0001129,-70.6834106445313
9000000.0001129,-70.4818801879883
9000000.00011291,-70.2837600708008
9000000.00011291,-70.093620300293
9000000.00011292,-69.9160461425781
9000000.00011292,-69.755615234375
9000000.00011293,-69.6169204711914
9000000.00011293,-69.4936370849609
9000000.00011294,-69.3763885498047
9000000.00011294,-69.2651519775391
9000000.00011295,-69.1599044799805
9000000.00011295,-69.0606079101563
9000000.00011296,-68.9672546386719
9000000.00011296,-68.8798065185547
9000000.00011297,-68.7982482910156
9000000.00011297,-68.722541809082
9000000.00011298,-68.6526718139648
9000000.00011298,-68.5886154174805
9000000.00011299,-68.5303421020508
9000000.00011299,-68.4778289794922
9000000.000113,-68.4296875
9000000.000113,-68.3821868896484
9000000.00011301,-68.3364334106445
9000000.00011301,-68.2938995361328
9000000.00011302,-68.2560501098633
9000000.00011302,-68.2243728637695
9000000.00011303,-68.200325012207
9000000.00011303,-68.1853942871094
9000000.00011304,-68.1810455322266
9000000.00011304,-68.1887588500977
9000000.00011305,-68.2099990844727
9000000.00011305,-68.2462463378906
9000000.00011306,-68.2989730834961
9000000.00011306,-68.369270324707
9000000.00011307,-68.453239440918
9000000.00011307,-68.5494918823242
9000000.00011308,-68.6580657958984
9000000.00011308,-68.7789916992188
9000000.00011309,-68.9122924804688
9000000.00011309,-69.0580139160156
9000000.0001131,-69.216178894043
9000000.0001131,-69.3868179321289
9000000.00011311,-69.5699691772461
9000000.00011311,-69.7656631469727
9000000.00011312,-69.9739227294922
9000000.00011312,-70.1947860717773
9000000.00011313,-70.4282836914063
9000000.00011313,-70.6973266601563
9000000.00011314,-71.0173568725586
9000000.00011314,-71.3772048950195
9000000.00011315,-71.7657089233398
9000000.00011315,-72.1716995239258
9000000.00011316,-72.5840072631836
9000000.00011316,-72.9914779663086
9000000.00011317,-73.382942199707
9000000.00011317,-73.7472305297852
9000000.00011318,-74.0731811523438
9000000.00011318,-74.3496246337891
9000000.00011319,-74.5653991699219
9000000.00011319,-74.7093353271484
9000000.0001132,-74.7755584716797
9000000.0001132,-74.7783279418945
9000000.00011321,-74.7253494262695
9000000.00011321,-74.6233367919922
9000000.00011322,-74.4790115356445
9000000.00011322,-74.299072265625
9000000.00011323,-74.0902481079102
9000000.00011323,-73.8592376708984
9000000.00011324,-73.6127548217773
9000000.00011324,-73.3575210571289
9000000.00011325,-73.1002426147461
9000000.00011325,-72.8476409912109
9000000.00011326,-72.6064147949219
9000000.00011326,-72.3806838989258
9000000.00011327,-72.1423797607422
9000000.00011327,-71.8850708007813
9000000.00011328,-71.6125335693359
9000000.00011328,-71.3285369873047
9000000.00011329,-71.0368576049805
9000000.00011329,-70.7412643432617
9000000.0001133,-70.4455413818359
9000000.0001133,-70.1534652709961
9000000.00011331,-69.8687973022461
9000000.00011331,-69.5953216552734
9000000.00011332,-69.3368072509766
9000000.00011332,-69.097038269043
9000000.00011333,-68.8797760009766
9000000.00011333,-68.6794967651367
9000000.00011334,-68.4882278442383
9000000.00011334,-68.3061294555664
9000000.00011335,-68.1333312988281
9000000.00011335,-67.9699859619141
9000000.00011336,-67.8162307739258
9000000.00011336,-67.6722106933594
9000000.00011337,-67.5380706787109
9000000.00011337,-67.413948059082
9000000.00011338,-67.2999954223633
9000000.00011338,-67.1963500976563
9000000.00011339,-67.103157043457
9000000.00011339,-67.0205535888672
9000000.0001134,-66.9477615356445
9000000.0001134,-66.8822174072266
9000000.00011341,-66.8245086669922
9000000.00011341,-66.7754745483398
9000000.00011342,-66.7359390258789
9000000.00011342,-66.7067337036133
9000000.00011343,-66.6886978149414
9000000.00011343,-66.6826629638672
9000000.00011344,-66.6894607543945
9000000.00011344,-66.7099151611328
9000000.00011345,-66.744873046875
9000000.00011345,-66.7951583862305
9000000.00011346,-66.8616027832031
9000000.00011346,-66.9456481933594
9000000.00011347,-67.0547790527344
9000000.00011347,-67.1883316040039
9000000.00011348,-67.3429183959961
9000000.00011348,-67.5151214599609
9000000.00011349,-67.7015533447266
9000000.00011349,-67.8988189697266
9000000.0001135,-68.1035003662109
9000000.0001135,-68.3122177124023
9000000.00011351,-68.5215606689453
9000000.00011351,-68.7281341552734
9000000.00011352,-68.9285354614258
9000000.00011352,-69.1193618774414
9000000.00011353,-69.2972183227539
9000000.00011353,-69.4765930175781
9000000.00011354,-69.6710586547852
9000000.00011354,-69.8758773803711
9000000.00011355,-70.086296081543
9000000.00011355,-70.2975616455078
9000000.00011356,-70.5049285888672
9000000.00011356,-70.7036514282227
9000000.00011357,-70.8889694213867
9000000.00011357,-71.0561447143555
9000000.00011358,-71.2004165649414
9000000.00011358,-71.3170471191406
9000000.00011359,-71.4012832641602
9000000.00011359,-71.448371887207
9000000.0001136,-71.4557876586914
9000000.0001136,-71.4295196533203
9000000.00011361,-71.3728637695313
9000000.00011361,-71.2887115478516
9000000.00011362,-71.1799468994141
9000000.00011362,-71.0494537353516
9000000.00011363,-70.9001159667969
9000000.00011363,-70.7348251342773
9000000.00011364,-70.5564575195313
9000000.00011364,-70.3679046630859
9000000.00011365,-70.1720504760742
9000000.00011365,-69.9717864990234
9000000.00011366,-69.7699813842773
9000000.00011366,-69.5678558349609
9000000.00011367,-69.3466873168945
9000000.00011367,-69.103630065918
9000000.00011368,-68.8426513671875
9000000.00011368,-68.5677185058594
9000000.00011369,-68.2827987670898
9000000.00011369,-67.9918594360352
9000000.0001137,-67.6988677978516
9000000.0001137,-67.4077987670898
9000000.00011371,-67.1226119995117
9000000.00011371,-66.847282409668
9000000.00011372,-66.5857696533203
9000000.00011372,-66.3420486450195
9000000.00011373,-66.1200866699219
9000000.00011373,-65.9104309082031
9000000.00011374,-65.7022552490234
9000000.00011374,-65.4974899291992
9000000.00011375,-65.2980346679688
9000000.00011375,-65.1058197021484
9000000.00011376,-64.9227600097656
9000000.00011376,-64.7507781982422
9000000.00011377,-64.5917892456055
9000000.00011377,-64.4477005004883
9000000.00011378,-64.3204498291016
9000000.00011378,-64.2119369506836
9000000.00011379,-64.1240921020508
9000000.00011379,-64.0588302612305
9000000.0001138,-64.0157928466797
9000000.0001138,-63.9887504577637
9000000.00011381,-63.9774780273438
9000000.00011381,-63.9822807312012
9000000.00011382,-64.0034561157227
9000000.00011382,-64.0413208007813
9000000.00011383,-64.0961685180664
9000000.00011383,-64.1683044433594
9000000.00011384,-64.2580413818359
9000000.00011384,-64.3656845092773
9000000.00011385,-64.4915313720703
9000000.00011385,-64.6358947753906
9000000.00011386,-64.7990798950195
9000000.00011386,-64.9812240600586
9000000.00011387,-65.1805953979492
9000000.00011387,-65.3968963623047
9000000.00011388,-65.6304626464844
9000000.00011388,-65.8816223144531
9000000.00011389,-66.1507186889648
9000000.00011389,-66.4380874633789
9000000.0001139,-66.7440567016602
9000000.0001139,-67.068962097168
9000000.00011391,-67.4131393432617
9000000.00011391,-67.7769241333008
9000000.00011392,-68.1606597900391
9000000.00011392,-68.5646591186523
9000000.00011393,-68.9892807006836
9000000.00011393,-69.4706497192383
9000000.00011394,-70.0328140258789
9000000.00011394,-70.657958984375
9000000.00011395,-71.3282928466797
9000000.00011395,-72.025993347168
9000000.00011396,-72.7332611083984
9000000.00011396,-73.4322891235352
9000000.00011397,-74.1052703857422
9000000.00011397,-74.7343902587891
9000000.00011398,-75.3018569946289
9000000.00011398,-75.7898559570313
9000000.00011399,-76.1805725097656
9000000.00011399,-76.4562149047852
9000000.000114,-76.6077499389648
9000000.000114,-76.6589584350586
9000000.00011401,-76.6218338012695
9000000.00011401,-76.5066833496094
9000000.00011402,-76.3238296508789
9000000.00011402,-76.0835800170898
9000000.00011403,-75.7962646484375
9000000.00011403,-75.4721832275391
9000000.00011404,-75.1216583251953
9000000.00011404,-74.7550048828125
9000000.00011405,-74.3825378417969
9000000.00011405,-74.0145721435547
9000000.00011406,-73.6614303588867
9000000.00011406,-73.3292388916016
9000000.00011407,-72.9729461669922
9000000.00011407,-72.5826263427734
9000000.00011408,-72.1647644042969
9000000.00011408,-71.7258605957031
9000000.00011409,-71.2723922729492
9000000.00011409,-70.8108596801758
9000000.0001141,-70.3477554321289
9000000.0001141,-69.8895568847656
9000000.00011411,-69.442756652832
9000000.00011411,-69.0138473510742
9000000.00011412,-68.6093215942383
9000000.00011412,-68.2356643676758
9000000.00011413,-67.8993682861328
9000000.00011413,-67.5896453857422
9000000.00011414,-67.2919387817383
9000000.00011414,-67.0071334838867
9000000.00011415,-66.7360763549805
9000000.00011415,-66.4796524047852
9000000.00011416,-66.2387084960938
9000000.00011416,-66.0141143798828
9000000.00011417,-65.8067398071289
9000000.00011417,-65.6174468994141
9000000.00011418,-65.4471054077148
9000000.00011418,-65.2965698242188
9000000.00011419,-65.1667175292969
9000000.00011419,-65.0584030151367
9000000.0001142,-64.9717712402344
9000000.0001142,-64.9048233032227
9000000.00011421,-64.8572158813477
9000000.00011421,-64.8287811279297
9000000.00011422,-64.8193283081055
9000000.00011422,-64.8286895751953
9000000.00011423,-64.856689453125
9000000.00011423,-64.9031372070313
9000000.00011424,-64.9678726196289
9000000.00011424,-65.0507049560547
9000000.00011425,-65.1514587402344
9000000.00011425,-65.2699661254883
9000000.00011426,-65.4060287475586
9000000.00011426,-65.5590896606445
9000000.00011427,-65.7243041992188
9000000.00011427,-65.9017868041992
9000000.00011428,-66.0933837890625
9000000.00011428,-66.3009796142578
9000000.00011429,-66.5264205932617
9000000.00011429,-66.7715835571289
9000000.0001143,-67.0383377075195
9000000.0001143,-67.3285293579102
9000000.00011431,-67.64404296875
9000000.00011431,-67.9867324829102
9000000.00011432,-68.3584747314453
9000000.00011432,-68.761116027832
9000000.00011433,-69.196533203125
9000000.00011433,-69.7067413330078
9000000.00011434,-70.3180313110352
9000000.00011434,-71.0087203979492
9000000.00011435,-71.7570953369141
9000000.00011435,-72.5414733886719
9000000.00011436,-73.3401412963867
9000000.00011436,-74.1314010620117
9000000.00011437,-74.8935699462891
9000000.00011437,-75.6049270629883
9000000.00011438,-76.2437973022461
9000000.00011438,-76.788459777832
9000000.00011439,-77.2172317504883
9000000.00011439,-77.5084075927734
9000000.0001144,-77.6504745483398
9000000.0001144,-77.6709976196289
9000000.00011441,-77.5849838256836
9000000.00011441,-77.4055557250977
9000000.00011442,-77.1458358764648
9000000.00011442,-76.8189468383789
9000000.00011443,-76.4380035400391
9000000.00011443,-76.0161209106445
9000000.00011444,-75.5664367675781
9000000.00011444,-75.10205078125
9000000.00011445,-74.6360931396484
9000000.00011445,-74.1816787719727
9000000.00011446,-73.7519378662109
9000000.00011446,-73.3550796508789
9000000.00011447,-72.9385604858398
9000000.00011447,-72.4898300170898
9000000.00011448,-72.0154571533203
9000000.00011448,-71.5220108032227
9000000.00011449,-71.0160522460938
9000000.00011449,-70.5041580200195
9000000.0001145,-69.9928894042969
9000000.0001145,-69.4888229370117
9000000.00011451,-68.9985122680664
9000000.00011451,-68.5285339355469
9000000.00011452,-68.0854644775391
9000000.00011452,-67.6758499145508
9000000.00011453,-67.3062744140625
9000000.00011453,-66.9652633666992
9000000.00011454,-66.6377258300781
9000000.00011454,-66.3247985839844
9000000.00011455,-66.0276336669922
9000000.00011455,-65.7473678588867
9000000.00011456,-65.4851531982422
9000000.00011456,-65.2421340942383
9000000.00011457,-65.0194473266602
9000000.00011457,-64.818244934082
9000000.00011458,-64.6396636962891
9000000.00011458,-64.4848480224609
9000000.00011459,-64.3549499511719
9000000.00011459,-64.251106262207
9000000.0001146,-64.171745300293
9000000.0001146,-64.1093902587891
9000000.00011461,-64.0649948120117
9000000.00011461,-64.0401840209961
9000000.00011462,-64.0366058349609
9000000.00011462,-64.0558853149414
9000000.00011463,-64.0996551513672
9000000.00011463,-64.169563293457
9000000.00011464,-64.2672348022461
9000000.00011464,-64.3943099975586
9000000.00011465,-64.5524139404297
9000000.00011465,-64.7432022094727
9000000.00011466,-64.9682846069336
9000000.00011466,-65.2306365966797
9000000.00011467,-65.5464324951172
9000000.00011467,-65.9143981933594
9000000.00011468,-66.3273391723633
9000000.00011468,-66.7780532836914
9000000.00011469,-67.2593231201172
9000000.00011469,-67.7639617919922
9000000.0001147,-68.2847518920898
9000000.0001147,-68.8145065307617
9000000.00011471,-69.3460083007813
9000000.00011471,-69.8720626831055
9000000.00011472,-70.3854598999023
9000000.00011472,-70.8790054321289
9000000.00011473,-71.3454895019531
9000000.00011473,-71.8222274780273
9000000.00011474,-72.3424835205078
9000000.00011474,-72.8929672241211
9000000.00011475,-73.4603881835938
9000000.00011475,-74.0314712524414
9000000.00011476,-74.5929260253906
9000000.00011476,-75.1314544677734
9000000.00011477,-75.6337890625
9000000.00011477,-76.0866317749023
9000000.00011478,-76.4766998291016
9000000.00011478,-76.7907028198242
9000000.00011479,-77.0153656005859
9000000.00011479,-77.1373825073242
9000000.0001148,-77.1426391601563
9000000.0001148,-77.0284271240234
9000000.00011481,-76.8096084594727
9000000.00011481,-76.5017623901367
9000000.00011482,-76.120491027832
9000000.00011482,-75.6813888549805
9000000.00011483,-75.2000427246094
9000000.00011483,-74.6920547485352
9000000.00011484,-74.1730041503906
9000000.00011484,-73.6585006713867
9000000.00011485,-73.1641235351563
9000000.00011485,-72.7054672241211
9000000.00011486,-72.2981338500977
9000000.00011486,-71.9532775878906
9000000.00011487,-71.6248626708984
9000000.00011487,-71.2981948852539
9000000.00011488,-70.9752731323242
9000000.00011488,-70.6581115722656
9000000.00011489,-70.3487396240234
9000000.00011489,-70.0491561889648
9000000.0001149,-69.7613830566406
9000000.0001149,-69.4874267578125
9000000.00011491,-69.2293090820313
9000000.00011491,-68.9890365600586
9000000.00011492,-68.7686309814453
9000000.00011492,-68.5700912475586
9000000.00011493,-68.3954544067383
9000000.00011493,-68.2429122924805
9000000.00011494,-68.109001159668
9000000.00011494,-67.9932479858398
9000000.00011495,-67.8951568603516
9000000.00011495,-67.8142318725586
9000000.00011496,-67.7499923706055
9000000.00011496,-67.7019424438477
9000000.00011497,-67.6695938110352
9000000.00011497,-67.6524658203125
9000000.00011498,-67.6500549316406
9000000.00011498,-67.6618804931641
9000000.00011499,-67.6874542236328
9000000.00011499,-67.7262878417969
9000000.000115,-67.7802581787109
9000000.000115,-67.8558731079102
9000000.00011501,-67.9517669677734
9000000.00011501,-68.0659713745117
9000000.00011502,-68.1964950561523
9000000.00011502,-68.3413543701172
9000000.00011503,-68.4985733032227
9000000.00011503,-68.6661682128906
9000000.00011504,-68.8421478271484
9000000.00011504,-69.024543762207
9000000.00011505,-69.2113647460938
9000000.00011505,-69.400634765625
9000000.00011506,-69.5903701782227
9000000.00011506,-69.7801971435547
9000000.00011507,-69.9883880615234
9000000.00011507,-70.2169723510742
9000000.00011508,-70.461311340332
9000000.00011508,-70.7167739868164
9000000.00011509,-70.9787216186523
9000000.00011509,-71.2425155639648
9000000.0001151,-71.5035171508789
9000000.0001151,-71.7571029663086
9000000.00011511,-71.9986267089844
9000000.00011511,-72.2234573364258
9000000.00011512,-72.4269561767578
9000000.00011512,-72.6044921875
9000000.00011513,-72.7514190673828
9000000.00011513,-72.8732757568359
9000000.00011514,-72.9789505004883
9000000.00011514,-73.0689086914063
9000000.00011515,-73.1435928344727
9000000.00011515,-73.2034378051758
9000000.00011516,-73.2489013671875
9000000.00011516,-73.2804183959961
9000000.00011517,-73.2984466552734
9000000.00011517,-73.3034133911133
9000000.00011518,-73.295783996582
9000000.00011518,-73.275993347168
9000000.00011519,-73.2444915771484
9000000.00011519,-73.2017211914063
9000000.0001152,-73.1454162597656
9000000.0001152,-73.0681228637695
9000000.00011521,-72.9715194702148
9000000.00011521,-72.8580093383789
9000000.00011522,-72.72998046875
9000000.00011522,-72.5898284912109
9000000.00011523,-72.4399490356445
9000000.00011523,-72.2827377319336
9000000.00011524,-72.1205902099609
9000000.00011524,-71.9559020996094
9000000.00011525,-71.7910690307617
9000000.00011525,-71.6284790039063
9000000.00011526,-71.4705352783203
9000000.00011526,-71.3186950683594
9000000.00011527,-71.1627960205078
9000000.00011527,-71.0005416870117
9000000.00011528,-70.8333358764648
9000000.00011528,-70.6625671386719
9000000.00011529,-70.489631652832
9000000.00011529,-70.3159332275391
9000000.0001153,-70.1428604125977
9000000.0001153,-69.971809387207
9000000.00011531,-69.8041839599609
9000000.00011531,-69.6413726806641
9000000.00011532,-69.4847717285156
9000000.00011532,-69.3357849121094
9000000.00011533,-69.19580078125
9000000.00011533,-69.0611419677734
9000000.00011534,-68.9277648925781
9000000.00011534,-68.7965087890625
9000000.00011535,-68.6682281494141
9000000.00011535,-68.5437774658203
9000000.00011536,-68.4239807128906
9000000.00011536,-68.309700012207
9000000.00011537,-68.2017822265625
9000000.00011537,-68.1010665893555
9000000.00011538,-68.0084075927734
9000000.00011538,-67.9246444702148
9000000.00011539,-67.8506240844727
9000000.00011539,-67.7871932983398
9000000.0001154,-67.7319717407227
9000000.0001154,-67.6760787963867
9000000.00011541,-67.6211700439453
9000000.00011541,-67.5697631835938
9000000.00011542,-67.5243682861328
9000000.00011542,-67.4874877929688
9000000.00011543,-67.4616241455078
9000000.00011543,-67.4492950439453
9000000.00011544,-67.4530029296875
9000000.00011544,-67.4752578735352
9000000.00011545,-67.5185699462891
9000000.00011545,-67.5854415893555
9000000.00011546,-67.6783752441406
9000000.00011546,-67.7978591918945
9000000.00011547,-67.9208831787109
9000000.00011547,-68.0448837280273
9000000.00011548,-68.1756820678711
9000000.00011548,-68.3191146850586
9000000.00011549,-68.4810028076172
9000000.00011549,-68.6671752929688
9000000.0001155,-68.8834533691406
9000000.0001155,-69.1356735229492
9000000.00011551,-69.4296493530273
9000000.00011551,-69.7712173461914
9000000.00011552,-70.1661911010742
9000000.00011552,-70.6204147338867
9000000.00011553,-71.1397094726563
9000000.00011553,-71.7717208862305
9000000.00011554,-72.5421676635742
9000000.00011554,-73.4239044189453
9000000.00011555,-74.3898239135742
9000000.00011555,-75.4127960205078
9000000.00011556,-76.4656982421875
9000000.00011556,-77.5214080810547
9000000.00011557,-78.5528030395508
9000000.00011557,-79.5327606201172
9000000.00011558,-80.4341506958008
9000000.00011558,-81.229850769043
9000000.00011559,-81.8927459716797
9000000.00011559,-82.3957138061523
9000000.0001156,-82.7287979125977
9000000.0001156,-82.9386978149414
9000000.00011561,-83.040641784668
9000000.00011561,-83.0462951660156
9000000.00011562,-82.9673309326172
9000000.00011562,-82.8154067993164
9000000.00011563,-82.6021881103516
9000000.00011563,-82.3393478393555
9000000.00011564,-82.0385437011719
9000000.00011564,-81.7114410400391
9000000.00011565,-81.3697128295898
9000000.00011565,-81.0250091552734
9000000.00011566,-80.6890106201172
9000000.00011566,-80.3684921264648
9000000.00011567,-80.0106201171875
9000000.00011567,-79.6041412353516
9000000.00011568,-79.1570587158203
9000000.00011568,-78.6773834228516
9000000.00011569,-78.1731109619141
9000000.00011569,-77.6522521972656
9000000.0001157,-77.122802734375
9000000.0001157,-76.5927734375
9000000.00011571,-76.0701599121094
9000000.00011571,-75.5629653930664
9000000.00011572,-75.0791931152344
9000000.00011572,-74.6268539428711
9000000.00011573,-74.2139434814453
9000000.00011573,-73.8280334472656
9000000.00011574,-73.451789855957
9000000.00011574,-73.0858535766602
9000000.00011575,-72.7308502197266
9000000.00011575,-72.3874282836914
9000000.00011576,-72.0562286376953
9000000.00011576,-71.7378921508789
9000000.00011577,-71.4330444335938
9000000.00011577,-71.1423416137695
9000000.00011578,-70.8664093017578
9000000.00011578,-70.6058883666992
9000000.00011579,-70.3614273071289
9000000.00011579,-70.133659362793
9000000.0001158,-69.9214477539063
9000000.0001158,-69.7199249267578
9000000.00011581,-69.5298309326172
9000000.00011581,-69.3523330688477
9000000.00011582,-69.1886291503906
9000000.00011582,-69.0398864746094
9000000.00011583,-68.9072875976563
9000000.00011583,-68.7920303344727
9000000.00011584,-68.6952819824219
9000000.00011584,-68.6182327270508
9000000.00011585,-68.5620574951172
9000000.00011585,-68.527946472168
9000000.00011586,-68.5170822143555
9000000.00011586,-68.5279922485352
9000000.00011587,-68.5299987792969
9000000.00011587,-68.5216293334961
9000000.00011588,-68.5126419067383
9000000.00011588,-68.5127792358398
9000000.00011589,-68.5317840576172
9000000.00011589,-68.5794219970703
9000000.0001159,-68.6654357910156
9000000.0001159,-68.7995681762695
9000000.00011591,-68.991584777832
9000000.00011591,-69.251220703125
9000000.00011592,-69.5882339477539
9000000.00011592,-70.0123748779297
9000000.00011593,-70.5333862304688
9000000.00011593,-71.227668762207
9000000.00011594,-72.1359710693359
9000000.00011594,-73.2145156860352
9000000.00011595,-74.419563293457
9000000.00011595,-75.7073440551758
9000000.00011596,-77.0341110229492
9000000.00011596,-78.3561019897461
9000000.00011597,-79.6295623779297
9000000.00011597,-80.8107376098633
9000000.00011598,-81.8558731079102
9000000.00011598,-82.7212066650391
9000000.00011599,-83.3629837036133
9000000.00011599,-83.7374572753906
9000000.000116,-83.8149261474609
9000000.000116,-83.6330718994141
9000000.00011601,-83.2273559570313
9000000.00011601,-82.6311416625977
9000000.00011602,-81.877799987793
9000000.00011602,-81.0006866455078
9000000.00011603,-80.0331726074219
9000000.00011603,-79.0086288452148
9000000.00011604,-77.9604187011719
9000000.00011604,-76.9219055175781
9000000.00011605,-75.9264602661133
9000000.00011605,-75.0074462890625
9000000.00011606,-74.1982345581055
9000000.00011606,-73.5233917236328
9000000.00011607,-72.8924407958984
9000000.00011607,-72.2740249633789
9000000.00011608,-71.6696090698242
9000000.00011608,-71.080680847168
9000000.00011609,-70.5086975097656
9000000.00011609,-69.9551467895508
9000000.0001161,-69.4214859008789
9000000.0001161,-68.9091949462891
9000000.00011611,-68.4197387695313
9000000.00011611,-67.9546051025391
9000000.00011612,-67.515251159668
9000000.00011612,-67.103157043457
9000000.00011613,-66.7197952270508
9000000.00011613,-66.3633270263672
9000000.00011614,-66.0308609008789
9000000.00011614,-65.722297668457
9000000.00011615,-65.4375457763672
9000000.00011615,-65.1764907836914
9000000.00011616,-64.9390411376953
9000000.00011616,-64.72509765625
9000000.00011617,-64.5345458984375
9000000.00011617,-64.3673095703125
9000000.00011618,-64.2232666015625
9000000.00011618,-64.1023254394531
9000000.00011619,-64.0043792724609
9000000.00011619,-63.9293441772461
9000000.0001162,-63.8771858215332
9000000.0001162,-63.8481407165527
9000000.00011621,-63.8422508239746
9000000.00011621,-63.8595352172852
9000000.00011622,-63.9000129699707
9000000.00011622,-63.9637107849121
9000000.00011623,-64.0506439208984
9000000.00011623,-64.1608428955078
9000000.00011624,-64.294319152832
9000000.00011624,-64.4510955810547
9000000.00011625,-64.6312026977539
9000000.00011625,-64.8346481323242
9000000.00011626,-65.0614700317383
9000000.00011626,-65.3141403198242
9000000.00011627,-65.6217041015625
9000000.00011627,-65.9845123291016
9000000.00011628,-66.3923034667969
9000000.00011628,-66.8348083496094
9000000.00011629,-67.3017654418945
9000000.00011629,-67.7829055786133
9000000.0001163,-68.2679595947266
9000000.0001163,-68.7466583251953
9000000.00011631,-69.2087326049805
9000000.00011631,-69.643928527832
9000000.00011632,-70.0419692993164
9000000.00011632,-70.3925857543945
9000000.00011633,-70.6855163574219
9000000.00011633,-70.9372940063477
9000000.00011634,-71.1705551147461
9000000.00011634,-71.3842086791992
9000000.00011635,-71.5771255493164
9000000.00011635,-71.7482223510742
9000000.00011636,-71.896369934082
9000000.00011636,-72.0204772949219
9000000.00011637,-72.1194381713867
9000000.00011637,-72.1921310424805
9000000.00011638,-72.2374572753906
9000000.00011638,-72.2543182373047
9000000.00011639,-72.2415924072266
9000000.00011639,-72.1981811523438
9000000.0001164,-72.1185607910156
9000000.0001164,-71.9905471801758
9000000.00011641,-71.8188247680664
9000000.00011641,-71.6093215942383
9000000.00011642,-71.3679580688477
9000000.00011642,-71.1006774902344
9000000.00011643,-70.8133926391602
9000000.00011643,-70.5120391845703
9000000.00011644,-70.2025375366211
9000000.00011644,-69.8908233642578
9000000.00011645,-69.5828094482422
9000000.00011645,-69.2844390869141
9000000.00011646,-69.0016250610352
9000000.00011646,-68.7381744384766
9000000.00011647,-68.4713745117188
9000000.00011647,-68.1955642700195
9000000.00011648,-67.9133453369141
9000000.00011648,-67.6273345947266
9000000.00011649,-67.3401336669922
9000000.00011649,-67.0543441772461
9000000.0001165,-66.772575378418
9000000.0001165,-66.497444152832
9000000.00011651,-66.2315368652344
9000000.00011651,-65.9774780273438
9000000.00011652,-65.7378616333008
9000000.00011652,-65.5152969360352
9000000.00011653,-65.3123931884766
9000000.00011653,-65.1232681274414
9000000.00011654,-64.9410247802734
9000000.00011654,-64.7667694091797
9000000.00011655,-64.6016006469727
9000000.00011655,-64.4466323852539
9000000.00011656,-64.3029479980469
9000000.00011656,-64.1716690063477
9000000.00011657,-64.0538864135742
9000000.00011657,-63.9507064819336
9000000.00011658,-63.8632316589355
9000000.00011658,-63.7925605773926
9000000.00011659,-63.7397956848145
9000000.00011659,-63.7060432434082
9000000.0001166,-63.6913642883301
9000000.0001166,-63.6929130554199
9000000.00011661,-63.7103424072266
9000000.00011661,-63.7435493469238
9000000.00011662,-63.792423248291
9000000.00011662,-63.8568534851074
9000000.00011663,-63.9367294311523
9000000.00011663,-64.0319442749023
9000000.00011664,-64.1423950195313
9000000.00011664,-64.2679672241211
9000000.00011665,-64.4085464477539
9000000.00011665,-64.5640335083008
9000000.00011666,-64.7343139648438
9000000.00011666,-64.9193496704102
9000000.00011667,-65.1198959350586
9000000.00011667,-65.336051940918
9000000.00011668,-65.5676727294922
9000000.00011668,-65.814567565918
9000000.00011669,-66.0765838623047
9000000.00011669,-66.3535461425781
9000000.0001167,-66.6452865600586
9000000.0001167,-66.9516448974609
9000000.00011671,-67.2724456787109
9000000.00011671,-67.6075286865234
9000000.00011672,-67.9567260742188
9000000.00011672,-68.3198623657227
9000000.00011673,-68.69677734375
9000000.00011673,-69.1194381713867
9000000.00011674,-69.6096496582031
9000000.00011674,-70.1519546508789
9000000.00011675,-70.7309112548828
9000000.00011675,-71.3310928344727
9000000.00011676,-71.9370422363281
9000000.00011676,-72.533332824707
9000000.00011677,-73.1045074462891
9000000.00011677,-73.635139465332
9000000.00011678,-74.1097717285156
9000000.00011678,-74.5129776000977
9000000.00011679,-74.8293075561523
9000000.00011679,-75.0433197021484
9000000.0001168,-75.1464157104492
9000000.0001168,-75.1570434570313
9000000.00011681,-75.0862274169922
9000000.00011681,-74.9437484741211
9000000.00011682,-74.739387512207
9000000.00011682,-74.4829177856445
9000000.00011683,-74.1841354370117
9000000.00011683,-73.8528060913086
9000000.00011684,-73.4987182617188
9000000.00011684,-73.1316528320313
9000000.00011685,-72.7613906860352
9000000.00011685,-72.397705078125
9000000.00011686,-72.0503768920898
9000000.00011686,-71.7252807617188
9000000.00011687,-71.3801498413086
9000000.00011687,-71.0055923461914
9000000.00011688,-70.6075897216797
9000000.00011688,-70.1921234130859
9000000.00011689,-69.7651901245117
9000000.00011689,-69.3327713012695
9000000.0001169,-68.9008560180664
9000000.0001169,-68.4754257202148
9000000.00011691,-68.0624694824219
9000000.00011691,-67.6679763793945
9000000.00011692,-67.2979278564453
9000000.00011692,-66.9583129882813
9000000.00011693,-66.6551208496094
9000000.00011693,-66.3780746459961
9000000.00011694,-66.1135559082031
9000000.00011694,-65.8624954223633
9000000.00011695,-65.6258697509766
9000000.00011695,-65.4046173095703
9000000.00011696,-65.1996917724609
9000000.00011696,-65.0120544433594
9000000.00011697,-64.842643737793
9000000.00011697,-64.6924285888672
9000000.00011698,-64.5623474121094
9000000.00011698,-64.4533538818359
9000000.00011699,-64.3664093017578
9000000.00011699,-64.3024673461914
9000000.000117,-64.2623062133789
9000000.000117,-64.2455215454102
9000000.00011701,-64.251220703125
9000000.00011701,-64.2785263061523
9000000.00011702,-64.3265533447266
9000000.00011702,-64.3944091796875
9000000.00011703,-64.4812240600586
9000000.00011703,-64.5861129760742
9000000.00011704,-64.7081909179688
9000000.00011704,-64.8465728759766
9000000.00011705,-65.0003814697266
9000000.00011705,-65.1687316894531
9000000.00011706,-65.3507385253906
9000000.00011706,-65.5466842651367
9000000.00011707,-65.7699737548828
9000000.00011707,-66.0215759277344
9000000.00011708,-66.2975692749023
9000000.00011708,-66.5940322875977
9000000.00011709,-66.9070434570313
9000000.00011709,-67.2326736450195
9000000.0001171,-67.567008972168
9000000.0001171,-67.906120300293
9000000.00011711,-68.2460861206055
9000000.00011711,-68.5829925537109
9000000.00011712,-68.9129028320313
9000000.00011712,-69.2319030761719
9000000.00011713,-69.5360717773438
9000000.00011713,-69.8415908813477
9000000.00011714,-70.1637649536133
9000000.00011714,-70.4973831176758
9000000.00011715,-70.8372116088867
9000000.00011715,-71.1780471801758
9000000.00011716,-71.5146484375
9000000.00011716,-71.8418121337891
9000000.00011717,-72.1543121337891
9000000.00011717,-72.4469223022461
9000000.00011718,-72.7144241333008
9000000.00011718,-72.9516067504883
9000000.00011719,-73.1532287597656
9000000.00011719,-73.3140869140625
9000000.0001172,-73.4316024780273
9000000.0001172,-73.512939453125
9000000.00011721,-73.5615539550781
9000000.00011721,-73.5804061889648
9000000.00011722,-73.5724334716797
9000000.00011722,-73.5405960083008
9000000.00011723,-73.4878311157227
9000000.00011723,-73.4170837402344
9000000.00011724,-73.3313217163086
9000000.00011724,-73.2334747314453
9000000.00011725,-73.1265029907227
9000000.00011725,-73.0133514404297
9000000.00011726,-72.8969650268555
9000000.00011726,-72.7786483764648
9000000.00011727,-72.6401596069336
9000000.00011727,-72.4785919189453
9000000.00011728,-72.2976913452148
9000000.00011728,-72.101203918457
9000000.00011729,-71.8928833007813
9000000.00011729,-71.6764678955078
9000000.0001173,-71.4557037353516
9000000.0001173,-71.2343444824219
9000000.00011731,-71.0161285400391
9000000.00011731,-70.804817199707
9000000.00011732,-70.6041412353516
9000000.00011732,-70.417854309082
9000000.00011733,-70.2496948242188
9000000.00011733,-70.094108581543
9000000.00011734,-69.9431457519531
9000000.00011734,-69.7969818115234
9000000.00011735,-69.6557846069336
9000000.00011735,-69.5197448730469
9000000.00011736,-69.389030456543
9000000.00011736,-69.2638244628906
9000000.00011737,-69.1442947387695
9000000.00011737,-69.0306243896484
9000000.00011738,-68.9229888916016
9000000.00011738,-68.8215637207031
9000000.00011739,-68.7265243530273
9000000.00011739,-68.638053894043
9000000.0001174,-68.5542068481445
9000000.0001174,-68.4691390991211
9000000.00011741,-68.3843536376953
9000000.00011741,-68.3019104003906
9000000.00011742,-68.2238845825195
9000000.00011742,-68.1523284912109
9000000.00011743,-68.0893020629883
9000000.00011743,-68.0368881225586
9000000.00011744,-67.9971389770508
9000000.00011744,-67.9721145629883
9000000.00011745,-67.9638900756836
9000000.00011745,-67.9745178222656
9000000.00011746,-68.0060653686523
9000000.00011746,-68.0596694946289
9000000.00011747,-68.1251220703125
9000000.00011747,-68.2004318237305
9000000.00011748,-68.2873001098633
9000000.00011748,-68.3874588012695
9000000.00011749,-68.5026092529297
9000000.00011749,-68.6344757080078
9000000.0001175,-68.7847747802734
9000000.0001175,-68.9552154541016
9000000.00011751,-69.1475067138672
9000000.00011751,-69.3633804321289
9000000.00011752,-69.6045379638672
9000000.00011752,-69.8727035522461
9000000.00011753,-70.1695861816406
9000000.00011753,-70.5344085693359
9000000.00011754,-70.9917373657227
9000000.00011754,-71.521354675293
9000000.00011755,-72.1030044555664
9000000.00011755,-72.7164611816406
9000000.00011756,-73.3414916992188
9000000.00011756,-73.9578475952148
9000000.00011757,-74.5453109741211
9000000.00011757,-75.083625793457
9000000.00011758,-75.5525665283203
9000000.00011758,-75.9318923950195
9000000.00011759,-76.2013626098633
9000000.00011759,-76.3407592773438
9000000.0001176,-76.3354949951172
9000000.0001176,-76.2007064819336
9000000.00011761,-75.9534454345703
9000000.00011761,-75.6100387573242
9000000.00011762,-75.1868133544922
9000000.00011762,-74.700080871582
9000000.00011763,-74.1661758422852
9000000.00011763,-73.6014099121094
9000000.00011764,-73.0221099853516
9000000.00011764,-72.4446029663086
9000000.00011765,-71.8852005004883
9000000.00011765,-71.360237121582
9000000.00011766,-70.8860244750977
9000000.00011766,-70.4741058349609
9000000.00011767,-70.0745697021484
9000000.00011767,-69.672004699707
9000000.00011768,-69.2691268920898
9000000.00011768,-68.8686447143555
9000000.00011769,-68.473274230957
9000000.00011769,-68.0857315063477
9000000.0001177,-67.708740234375
9000000.0001177,-67.3450012207031
9000000.00011771,-66.9972381591797
9000000.00011771,-66.6681671142578
9000000.00011772,-66.3604965209961
9000000.00011772,-66.0769500732422
9000000.00011773,-65.8202362060547
9000000.00011773,-65.5847091674805
9000000.00011774,-65.3635101318359
9000000.00011774,-65.1575622558594
9000000.00011775,-64.9677734375
9000000.00011775,-64.7950668334961
9000000.00011776,-64.6403427124023
9000000.00011776,-64.5045318603516
9000000.00011777,-64.3885345458984
9000000.00011777,-64.2932739257813
9000000.00011778,-64.2196655273438
9000000.00011778,-64.1686172485352
9000000.00011779,-64.1410369873047
9000000.00011779,-64.1378555297852
9000000.0001178,-64.1581878662109
9000000.0001178,-64.1970977783203
9000000.00011781,-64.2550430297852
9000000.00011781,-64.3329315185547
9000000.00011782,-64.4316635131836
9000000.00011782,-64.5521469116211
9000000.00011783,-64.6952743530273
9000000.00011783,-64.8619613647461
9000000.00011784,-65.0531005859375
9000000.00011784,-65.2695999145508
9000000.00011785,-65.5123672485352
9000000.00011785,-65.7822952270508
9000000.00011786,-66.0802993774414
9000000.00011786,-66.4090423583984
9000000.00011787,-66.7897720336914
9000000.00011787,-67.2219390869141
9000000.00011788,-67.6972198486328
9000000.00011788,-68.2073135375977
9000000.00011789,-68.7438888549805
9000000.00011789,-69.2986297607422
9000000.0001179,-69.8632202148438
9000000.0001179,-70.4293441772461
9000000.00011791,-70.9886703491211
9000000.00011791,-71.5328979492188
9000000.00011792,-72.0536956787109
9000000.00011792,-72.5427551269531
9000000.00011793,-72.9917449951172
9000000.00011793,-73.4253616333008
9000000.00011794,-73.8695755004883
9000000.00011794,-74.317985534668
9000000.00011795,-74.7642211914063
9000000.00011795,-75.2018890380859
9000000.00011796,-75.6245880126953
9000000.00011796,-76.0259475708008
9000000.00011797,-76.3995666503906
9000000.00011797,-76.7390670776367
9000000.00011798,-77.0380554199219
9000000.00011798,-77.2901382446289
9000000.00011799,-77.4889373779297
9000000.00011799,-77.6280517578125
9000000.000118,-77.7042541503906
9000000.000118,-77.7260589599609
9000000.00011801,-77.6977615356445
9000000.00011801,-77.6230773925781
9000000.00011802,-77.5057067871094
9000000.00011802,-77.3493576049805
9000000.00011803,-77.1577301025391
9000000.00011803,-76.9345397949219
9000000.00011804,-76.6834945678711
9000000.00011804,-76.4082870483398
9000000.00011805,-76.1126251220703
9000000.00011805,-75.8002243041992
9000000.00011806,-75.4747848510742
9000000.00011806,-75.136962890625
9000000.00011807,-74.7523422241211
9000000.00011807,-74.3171310424805
9000000.00011808,-73.8400802612305
9000000.00011808,-73.329963684082
9000000.00011809,-72.7955322265625
9000000.00011809,-72.2455673217773
9000000.0001181,-71.6888198852539
9000000.0001181,-71.1340637207031
9000000.00011811,-70.5900497436523
9000000.00011811,-70.0655517578125
9000000.00011812,-69.5693283081055
9000000.00011812,-69.1101531982422
9000000.00011813,-68.69677734375
9000000.00011813,-68.3145141601563
9000000.00011814,-67.9436492919922
9000000.00011814,-67.5854034423828
9000000.00011815,-67.2410125732422
9000000.00011815,-66.9116897583008
9000000.00011816,-66.5986633300781
9000000.00011816,-66.3031616210938
9000000.00011817,-66.0264205932617
9000000.00011817,-65.769645690918
9000000.00011818,-65.5340805053711
9000000.00011818,-65.3209457397461
9000000.00011819,-65.131462097168
9000000.00011819,-64.9668579101563
9000000.0001182,-64.8256454467773
9000000.0001182,-64.7003631591797
9000000.00011821,-64.5918579101563
9000000.00011821,-64.5016784667969
9000000.00011822,-64.4313659667969
9000000.00011822,-64.3824691772461
9000000.00011823,-64.3565139770508
9000000.00011823,-64.3550643920898
9000000.00011824,-64.3796463012695
9000000.00011824,-64.4318008422852
9000000.00011825,-64.5130844116211
9000000.00011825,-64.6250228881836
9000000.00011826,-64.769172668457
9000000.00011826,-64.9477615356445
9000000.00011827,-65.1695175170898
9000000.00011827,-65.4331588745117
9000000.00011828,-65.7342071533203
9000000.00011828,-66.0681610107422
9000000.00011829,-66.4305419921875
9000000.00011829,-66.8168411254883
9000000.0001183,-67.2225875854492
9000000.0001183,-67.6432876586914
9000000.00011831,-68.0744400024414
9000000.00011831,-68.5115737915039
9000000.00011832,-68.9501800537109
9000000.00011832,-69.3857803344727
9000000.00011833,-69.8138809204102
9000000.00011833,-70.2752532958984
9000000.00011834,-70.8024520874023
9000000.00011834,-71.3786849975586
9000000.00011835,-71.9871520996094
9000000.00011835,-72.6110458374023
9000000.00011836,-73.2335815429688
9000000.00011836,-73.8379440307617
9000000.00011837,-74.4073486328125
9000000.00011837,-74.9249801635742
9000000.00011838,-75.3740463256836
9000000.00011838,-75.7377548217773
9000000.00011839,-75.9992904663086
9000000.00011839,-76.1418685913086
9000000.0001184,-76.1488189697266
9000000.0001184,-76.0200576782227
9000000.00011841,-75.7734146118164
9000000.00011841,-75.4273071289063
9000000.00011842,-75.0001678466797
9000000.00011842,-74.5104293823242
9000000.00011843,-73.9765167236328
9000000.00011843,-73.4168548583984
9000000.00011844,-72.8498764038086
9000000.00011844,-72.2940216064453
9000000.00011845,-71.7677001953125
9000000.00011845,-71.2893524169922
9000000.00011846,-70.8774108886719
9000000.00011846,-70.5457382202148
9000000.00011847,-70.2479705810547
9000000.00011847,-69.9668273925781
9000000.00011848,-69.7018585205078
9000000.00011848,-69.4526062011719
9000000.00011849,-69.2186126708984
9000000.00011849,-68.9994201660156
9000000.0001185,-68.7945785522461
9000000.0001185,-68.603630065918
9000000.00011851,-68.4261169433594
9000000.00011851,-68.2615814208984
9000000.00011852,-68.1095733642578
9000000.00011852,-67.9696350097656
9000000.00011853,-67.84130859375
9000000.00011853,-67.7294998168945
9000000.00011854,-67.6380081176758
9000000.00011854,-67.5647735595703
9000000.00011855,-67.5077209472656
9000000.00011855,-67.4647750854492
9000000.00011856,-67.4338607788086
9000000.00011856,-67.4128952026367
9000000.00011857,-67.3998184204102
9000000.00011857,-67.3925476074219
9000000.00011858,-67.3890151977539
9000000.00011858,-67.3871383666992
9000000.00011859,-67.3848495483398
9000000.00011859,-67.3800735473633
9000000.0001186,-67.3711929321289
9000000.0001186,-67.3594436645508
9000000.00011861,-67.3466644287109
9000000.00011861,-67.3346481323242
9000000.00011862,-67.3252029418945
9000000.00011862,-67.3201217651367
9000000.00011863,-67.3212051391602
9000000.00011863,-67.3302459716797
9000000.00011864,-67.3490447998047
9000000.00011864,-67.3794021606445
9000000.00011865,-67.4231109619141
9000000.00011865,-67.4819717407227
9000000.00011866,-67.5577774047852
9000000.00011866,-67.651237487793
9000000.00011867,-67.7501373291016
9000000.00011867,-67.8526840209961
9000000.00011868,-67.961555480957
9000000.00011868,-68.0794067382813
9000000.00011869,-68.2089233398438
9000000.00011869,-68.3527679443359
9000000.0001187,-68.5136108398438
9000000.0001187,-68.6941223144531
9000000.00011871,-68.89697265625
9000000.00011871,-69.1248245239258
9000000.00011872,-69.3803558349609
9000000.00011872,-69.6662292480469
9000000.00011873,-69.9851226806641
9000000.00011873,-70.3695983886719
9000000.00011874,-70.8386840820313
9000000.00011874,-71.3747329711914
9000000.00011875,-71.960090637207
9000000.00011875,-72.5771179199219
9000000.00011876,-73.2081604003906
9000000.00011876,-73.8355712890625
9000000.00011877,-74.4416961669922
9000000.00011877,-75.0088882446289
9000000.00011878,-75.5195007324219
9000000.00011878,-75.9558868408203
9000000.00011879,-76.3003997802734
9000000.00011879,-76.5353851318359
9000000.0001188,-76.6528091430664
9000000.0001188,-76.6787490844727
9000000.00011881,-76.6243591308594
9000000.00011881,-76.4989013671875
9000000.00011882,-76.3116226196289
9000000.00011882,-76.0717849731445
9000000.00011883,-75.7886352539063
9000000.00011883,-75.4714431762695
9000000.00011884,-75.1294479370117
9000000.00011884,-74.7719116210938
9000000.00011885,-74.408088684082
9000000.00011885,-74.047233581543
9000000.00011886,-73.698600769043
9000000.00011886,-73.367561340332
9000000.00011887,-73.012077331543
9000000.00011887,-72.6232147216797
9000000.00011888,-72.2073669433594
9000000.00011888,-71.7709350585938
9000000.00011889,-71.3203048706055
9000000.00011889,-70.8618774414063
9000000.0001189,-70.4020309448242
9000000.0001189,-69.9471740722656
9000000.00011891,-69.5036926269531
9000000.00011891,-69.0779876708984
9000000.00011892,-68.6764373779297
9000000.00011892,-68.3054428100586
9000000.00011893,-67.9713973999023
9000000.00011893,-67.6635360717773
9000000.00011894,-67.3674545288086
9000000.00011894,-67.0840606689453
9000000.00011895,-66.8142700195313
9000000.00011895,-66.5590057373047
9000000.00011896,-66.3191757202148
9000000.00011896,-66.095703125
9000000.00011897,-65.8894882202148
9000000.00011897,-65.7014617919922
9000000.00011898,-65.5325317382813
9000000.00011898,-65.3836135864258
9000000.00011899,-65.2556228637695
9000000.00011899,-65.1494750976563
9000000.000119,-65.0663528442383
9000000.000119,-65.0069885253906
9000000.00011901,-64.97021484375
9000000.00011901,-64.9547271728516
9000000.00011902,-64.9592437744141
9000000.00011902,-64.9824676513672
9000000.00011903,-65.0231018066406
9000000.00011903,-65.0798721313477
9000000.00011904,-65.1514739990234
9000000.00011904,-65.2366256713867
9000000.00011905,-65.3340225219727
9000000.00011905,-65.4423904418945
9000000.00011906,-65.5604248046875
9000000.00011906,-65.6881942749023
9000000.00011907,-65.8411178588867
9000000.00011907,-66.0205688476563
9000000.00011908,-66.222282409668
9000000.00011908,-66.4419937133789
9000000.00011909,-66.6754379272461
9000000.00011909,-66.918342590332
9000000.0001191,-67.1664581298828
9000000.0001191,-67.4155044555664
9000000.00011911,-67.6612243652344
9000000.00011911,-67.8993530273438
9000000.00011912,-68.1256256103516
9000000.00011912,-68.3357696533203
9000000.00011913,-68.5255355834961
9000000.00011913,-68.7078552246094
9000000.00011914,-68.8962478637695
9000000.00011914,-69.087287902832
9000000.00011915,-69.2775650024414
9000000.00011915,-69.4636688232422
9000000.00011916,-69.6421737670898
9000000.00011916,-69.8096694946289
9000000.00011917,-69.9627380371094
9000000.00011917,-70.0979690551758
9000000.00011918,-70.2119369506836
9000000.00011918,-70.3012390136719
9000000.00011919,-70.3624572753906
9000000.00011919,-70.3921661376953
9000000.0001192,-70.3875885009766
9000000.0001192,-70.3503646850586
9000000.00011921,-70.2836456298828
9000000.00011921,-70.1905288696289
9000000.00011922,-70.0741195678711
9000000.00011922,-69.9375228881836
9000000.00011923,-69.7838363647461
9000000.00011923,-69.6161804199219
9000000.00011924,-69.4376525878906
9000000.00011924,-69.2513580322266
9000000.00011925,-69.0604019165039
9000000.00011925,-68.8678817749023
9000000.00011926,-68.6769180297852
9000000.00011926,-68.4889221191406
9000000.00011927,-68.2853698730469
9000000.00011927,-68.0632171630859
9000000.00011928,-67.826171875
9000000.00011928,-67.5779266357422
9000000.00011929,-67.3221893310547
9000000.00011929,-67.0626754760742
9000000.0001193,-66.8030776977539
9000000.0001193,-66.5471038818359
9000000.00011931,-66.2984619140625
9000000.00011931,-66.0608596801758
9000000.00011932,-65.8379898071289
9000000.00011932,-65.6335678100586
9000000.00011933,-65.4512939453125
9000000.00011933,-65.2821884155273
9000000.00011934,-65.1160202026367
9000000.00011934,-64.9546737670898
9000000.00011935,-64.8000183105469
9000000.00011935,-64.6539154052734
9000000.00011936,-64.5182418823242
9000000.00011936,-64.3948669433594
9000000.00011937,-64.2856597900391
9000000.00011937,-64.1924819946289
9000000.00011938,-64.1172180175781
9000000.00011938,-64.0617218017578
9000000.00011939,-64.0278701782227
9000000.00011939,-64.0175399780273
9000000.0001194,-64.029655456543
9000000.0001194,-64.0561752319336
9000000.00011941,-64.0974578857422
9000000.00011941,-64.1545486450195
9000000.00011942,-64.2285079956055
9000000.00011942,-64.3204040527344
9000000.00011943,-64.4312973022461
9000000.00011943,-64.5622406005859
9000000.00011944,-64.7143020629883
9000000.00011944,-64.8885345458984
9000000.00011945,-65.0860061645508
9000000.00011945,-65.3077697753906
9000000.00011946,-65.5548934936523
9000000.00011946,-65.8298263549805
9000000.00011947,-66.1494216918945
9000000.00011947,-66.5129470825195
9000000.00011948,-66.9134826660156
9000000.00011948,-67.344108581543
9000000.00011949,-67.7979202270508
9000000.00011949,-68.2679901123047
9000000.0001195,-68.7474136352539
9000000.0001195,-69.2292633056641
9000000.00011951,-69.7066268920898
9000000.00011951,-70.1725997924805
9000000.00011952,-70.620246887207
9000000.00011952,-71.0426712036133
9000000.00011953,-71.4329452514648
9000000.00011953,-71.8136215209961
9000000.00011954,-72.2076568603516
9000000.00011954,-72.608757019043
9000000.00011955,-73.010627746582
9000000.00011955,-73.4069747924805
9000000.00011956,-73.7914886474609
9000000.00011956,-74.1578903198242
9000000.00011957,-74.499870300293
9000000.00011957,-74.8111419677734
9000000.00011958,-75.0854034423828
9000000.00011958,-75.3163604736328
9000000.00011959,-75.4977111816406
9000000.00011959,-75.6231689453125
9000000.0001196,-75.6890411376953
9000000.0001196,-75.7023468017578
9000000.00011961,-75.667724609375
9000000.00011961,-75.5893630981445
9000000.00011962,-75.471435546875
9000000.00011962,-75.3181304931641
9000000.00011963,-75.1336288452148
9000000.00011963,-74.9221038818359
9000000.00011964,-74.6877517700195
9000000.00011964,-74.4347457885742
9000000.00011965,-74.1672744750977
9000000.00011965,-73.8895111083984
9000000.00011966,-73.6056442260742
9000000.00011966,-73.3170394897461
9000000.00011967,-72.9922256469727
9000000.00011967,-72.6270141601563
9000000.00011968,-72.2286987304688
9000000.00011968,-71.804557800293
9000000.00011969,-71.3618850708008
9000000.00011969,-70.9079666137695
9000000.0001197,-70.4500961303711
9000000.0001197,-69.9955596923828
9000000.00011971,-69.551643371582
9000000.00011971,-69.1256408691406
9000000.00011972,-68.7248382568359
9000000.00011972,-68.3565216064453
9000000.00011973,-68.0279846191406
9000000.00011973,-67.7256393432617
9000000.00011974,-67.4321823120117
9000000.00011974,-67.1492767333984
9000000.00011975,-66.8786163330078
9000000.00011975,-66.6218872070313
9000000.00011976,-66.3807525634766
9000000.00011976,-66.1569137573242
9000000.00011977,-65.9520416259766
9000000.00011977,-65.767822265625
9000000.00011978,-65.6059341430664
9000000.00011978,-65.4680557250977
9000000.00011979,-65.3558807373047
9000000.00011979,-65.2710800170898
9000000.0001198,-65.2125396728516
9000000.0001198,-65.1725769042969
9000000.00011981,-65.1516265869141
9000000.00011981,-65.1508178710938
9000000.00011982,-65.1712799072266
9000000.00011982,-65.2141342163086
9000000.00011983,-65.280517578125
9000000.00011983,-65.3715515136719
9000000.00011984,-65.4883575439453
9000000.00011984,-65.6320724487305
9000000.00011985,-65.803825378418
9000000.00011985,-66.0047378540039
9000000.00011986,-66.2359313964844
9000000.00011986,-66.4983673095703
9000000.00011987,-66.7903442382813
9000000.00011987,-67.1108322143555
9000000.00011988,-67.4593811035156
9000000.00011988,-67.835578918457
9000000.00011989,-68.2389755249023
9000000.00011989,-68.6691436767578
9000000.0001199,-69.1256484985352
9000000.0001199,-69.6080627441406
9000000.00011991,-70.1159439086914
9000000.00011991,-70.6488647460938
9000000.00011992,-71.2063827514648
9000000.00011992,-71.7880783081055
9000000.00011993,-72.3935089111328
9000000.00011993,-73.0807418823242
9000000.00011994,-73.8894882202148
9000000.00011994,-74.7918014526367
9000000.00011995,-75.7597274780273
9000000.00011995,-76.7653045654297
9000000.00011996,-77.7805786132813
9000000.00011996,-78.7776031494141
9000000.00011997,-79.7284164428711
9000000.00011997,-80.6050643920898
9000000.00011998,-81.3795852661133
9000000.00011998,-82.024040222168
9000000.00011999,-82.5104598999023
9000000.00011999,-82.8108978271484
9000000.00012,-82.9028015136719
9000000.00012,-82.8003387451172
9000000.00012001,-82.5290298461914
9000000.00012001,-82.1140060424805
9000000.00012002,-81.5804214477539
9000000.00012002,-80.9534072875977
9000000.00012003,-80.2581100463867
9000000.00012003,-79.519660949707
9000000.00012004,-78.7632141113281
9000000.00012004,-78.0139083862305
9000000.00012005,-77.296875
9000000.00012005,-76.6372604370117
9000000.00012006,-76.0602111816406
9000000.00012006,-75.5843963623047
9000000.00012007,-75.1436157226563
9000000.00012007,-74.7142486572266
9000000.00012008,-74.2967300415039
9000000.00012008,-73.8914642333984
9000000.00012009,-73.4988784790039
9000000.00012009,-73.1193923950195
9000000.0001201,-72.75341796875
9000000.0001201,-72.4013824462891
9000000.00012011,-72.0636901855469
9000000.00012011,-71.7407760620117
9000000.00012012,-71.4330520629883
9000000.00012012,-71.1409301757813
9000000.00012013,-70.8648376464844
9000000.00012013,-70.6069869995117
9000000.00012014,-70.368408203125
9000000.00012014,-70.1477432250977
9000000.00012015,-69.9436264038086
9000000.00012015,-69.7546997070313
9000000.00012016,-69.5796051025391
9000000.00012016,-69.4169769287109
9000000.00012017,-69.2654495239258
9000000.00012017,-69.1236801147461
9000000.00012018,-68.9902877807617
9000000.00012018,-68.8639221191406
9000000.00012019,-68.7432174682617
9000000.00012019,-68.626823425293
9000000.0001202,-68.5133285522461
9000000.0001202,-68.4025955200195
9000000.00012021,-68.2961044311523
9000000.00012021,-68.1954116821289
9000000.00012022,-68.10205078125
9000000.00012022,-68.0175704956055
9000000.00012023,-67.9435119628906
9000000.00012023,-67.8814239501953
9000000.00012024,-67.8328552246094
9000000.00012024,-67.7993469238281
9000000.00012025,-67.7824401855469
9000000.00012025,-67.7836837768555
9000000.00012026,-67.8046188354492
9000000.00012026,-67.8446731567383
9000000.00012027,-67.8793716430664
9000000.00012027,-67.9070129394531
9000000.00012028,-67.9348068237305
9000000.00012028,-67.9699859619141
9000000.00012029,-68.0197601318359
9000000.00012029,-68.0913543701172
9000000.0001203,-68.1920013427734
9000000.0001203,-68.3289108276367
9000000.00012031,-68.5093078613281
9000000.00012031,-68.7404098510742
9000000.00012032,-69.0294494628906
9000000.00012032,-69.3836441040039
9000000.00012033,-69.8102035522461
9000000.00012033,-70.3660278320313
9000000.00012034,-71.0814743041992
9000000.00012034,-71.9239883422852
9000000.00012035,-72.8610153198242
9000000.00012035,-73.8600158691406
9000000.00012036,-74.8884353637695
9000000.00012036,-75.9137115478516
9000000.00012037,-76.9033050537109
9000000.00012037,-77.8246612548828
9000000.00012038,-78.6452255249023
9000000.00012038,-79.3324432373047
9000000.00012039,-79.8537673950195
9000000.00012039,-80.176643371582
9000000.0001204,-80.2790145874023
9000000.0001204,-80.1889495849609
9000000.00012041,-79.9328231811523
9000000.00012041,-79.5354232788086
9000000.00012042,-79.0215682983398
9000000.00012042,-78.4160461425781
9000000.00012043,-77.7436599731445
9000000.00012043,-77.0292205810547
9000000.00012044,-76.2975158691406
9000000.00012044,-75.5733642578125
9000000.00012045,-74.8815460205078
9000000.00012045,-74.2468872070313
9000000.00012046,-73.6941680908203
9000000.00012046,-73.2415390014648
9000000.00012047,-72.8202667236328
9000000.00012047,-72.4070281982422
9000000.00012048,-72.0034408569336
9000000.00012048,-71.6111068725586
9000000.00012049,-71.2316589355469
9000000.00012049,-70.8666915893555
9000000.0001205,-70.5178298950195
9000000.0001205,-70.1866912841797
9000000.00012051,-69.8748931884766
9000000.00012051,-69.5840377807617
9000000.00012052,-69.3157424926758
9000000.00012052,-69.0716323852539
9000000.00012053,-68.8533172607422
9000000.00012053,-68.6657867431641
9000000.00012054,-68.5106048583984
9000000.00012054,-68.3842544555664
9000000.00012055,-68.2832260131836
9000000.00012055,-68.203987121582
9000000.00012056,-68.1430282592773
9000000.00012056,-68.0968246459961
9000000.00012057,-68.0618591308594
9000000.00012057,-68.0346221923828
9000000.00012058,-68.0115814208984
9000000.00012058,-67.9892272949219
9000000.00012059,-67.9640350341797
9000000.00012059,-67.932487487793
9000000.0001206,-67.8936920166016
9000000.0001206,-67.8548202514648
9000000.00012061,-67.8175201416016
9000000.00012061,-67.7828826904297
9000000.00012062,-67.7519989013672
9000000.00012062,-67.725944519043
9000000.00012063,-67.705810546875
9000000.00012063,-67.6926803588867
9000000.00012064,-67.6876449584961
9000000.00012064,-67.6917953491211
9000000.00012065,-67.7062072753906
9000000.00012065,-67.7319717407227
9000000.00012066,-67.7701797485352
9000000.00012066,-67.8198699951172
9000000.00012067,-67.8575439453125
9000000.00012067,-67.8818893432617
9000000.00012068,-67.9002304077148
9000000.00012068,-67.9198760986328
9000000.00012069,-67.9481201171875
9000000.00012069,-67.9922943115234
9000000.0001207,-68.0596923828125
9000000.0001207,-68.1576232910156
9000000.00012071,-68.2934036254883
9000000.00012071,-68.4743347167969
9000000.00012072,-68.7077331542969
9000000.00012072,-69.0009078979492
9000000.00012073,-69.3611602783203
9000000.00012073,-69.8341903686523
9000000.00012074,-70.4426956176758
9000000.00012074,-71.1595230102539
9000000.00012075,-71.9574966430664
9000000.00012075,-72.8094482421875
9000000.00012076,-73.6882171630859
9000000.00012076,-74.5666275024414
9000000.00012077,-75.4175262451172
9000000.00012077,-76.2137298583984
9000000.00012078,-76.9280853271484
9000000.00012078,-77.5334167480469
9000000.00012079,-78.002555847168
9000000.00012079,-78.3083419799805
9000000.0001208,-78.4364242553711
9000000.0001208,-78.4214172363281
9000000.00012081,-78.2821044921875
9000000.00012081,-78.0348434448242
9000000.00012082,-77.6960144042969
9000000.00012082,-77.2819900512695
9000000.00012083,-76.8091430664063
9000000.00012083,-76.2938385009766
9000000.00012084,-75.7524566650391
9000000.00012084,-75.2013549804688
9000000.00012085,-74.6569213867188
9000000.00012085,-74.1355133056641
9000000.00012086,-73.6535110473633
9000000.00012086,-73.2217407226563
9000000.00012087,-72.7813262939453
9000000.00012087,-72.3167037963867
9000000.00012088,-71.8337020874023
9000000.00012088,-71.3381423950195
9000000.00012089,-70.8358612060547
9000000.00012089,-70.3326873779297
9000000.0001209,-69.8344650268555
9000000.0001209,-69.3470077514648
9000000.00012091,-68.8761520385742
9000000.00012091,-68.4277420043945
9000000.00012092,-68.0075912475586
9000000.00012092,-67.6215362548828
9000000.00012093,-67.2754058837891
9000000.00012093,-66.9599151611328
9000000.00012094,-66.662239074707
9000000.00012094,-66.3829803466797
9000000.00012095,-66.1227264404297
9000000.00012095,-65.8820495605469
9000000.00012096,-65.6615447998047
9000000.00012096,-65.4617919921875
9000000.00012097,-65.2833709716797
9000000.00012097,-65.1268844604492
9000000.00012098,-64.9928970336914
9000000.00012098,-64.8820114135742
9000000.00012099,-64.7947998046875
9000000.00012099,-64.7318496704102
9000000.000121,-64.6928176879883
9000000.000121,-64.675163269043
9000000.00012101,-64.6789855957031
9000000.00012101,-64.7046356201172
9000000.00012102,-64.7524719238281
9000000.00012102,-64.8228149414063
9000000.00012103,-64.9160308837891
9000000.00012103,-65.0324630737305
9000000.00012104,-65.1724395751953
9000000.00012104,-65.3363189697266
9000000.00012105,-65.5244522094727
9000000.00012105,-65.7371673583984
9000000.00012106,-65.9748229980469
9000000.00012106,-66.2392578125
9000000.00012107,-66.5482406616211
9000000.00012107,-66.9016876220703
9000000.00012108,-67.2930221557617
9000000.00012108,-67.7156448364258
9000000.00012109,-68.1629867553711
9000000.00012109,-68.6284408569336
9000000.0001211,-69.1054382324219
9000000.0001211,-69.5873870849609
9000000.00012111,-70.0676956176758
9000000.00012111,-70.5397796630859
9000000.00012112,-70.9970550537109
9000000.00012112,-71.4329376220703
9000000.00012113,-71.8408355712891
9000000.00012113,-72.2522354125977
9000000.00012114,-72.6957778930664
9000000.00012114,-73.1605911254883
9000000.00012115,-73.6358108520508
9000000.00012115,-74.1105575561523
9000000.00012116,-74.573974609375
9000000.00012116,-75.0151901245117
9000000.00012117,-75.4233322143555
9000000.00012117,-75.7875442504883
9000000.00012118,-76.0969467163086
9000000.00012118,-76.3406753540039
9000000.00012119,-76.5078659057617
9000000.00012119,-76.587646484375
9000000.0001212,-76.5696411132813
9000000.0001212,-76.454948425293
9000000.00012121,-76.2547607421875
9000000.00012121,-75.9805603027344
9000000.00012122,-75.6438293457031
9000000.00012122,-75.2560577392578
9000000.00012123,-74.8287200927734
9000000.00012123,-74.3733062744141
9000000.00012124,-73.9012908935547
9000000.00012124,-73.4241714477539
9000000.00012125,-72.9534225463867
9000000.00012125,-72.5005340576172
9000000.00012126,-72.0769805908203
9000000.00012126,-71.6903686523438
9000000.00012127,-71.2994842529297
9000000.00012127,-70.8934097290039
9000000.00012128,-70.476203918457
9000000.00012128,-70.0519332885742
9000000.00012129,-69.624641418457
9000000.00012129,-69.1984100341797
9000000.0001213,-68.7772827148438
9000000.0001213,-68.3653335571289
9000000.00012131,-67.9666137695313
9000000.00012131,-67.5851898193359
9000000.00012132,-67.2251205444336
9000000.00012132,-66.8904724121094
9000000.00012133,-66.5853042602539
9000000.00012133,-66.3011322021484
9000000.00012134,-66.0276947021484
9000000.00012134,-65.7663650512695
9000000.00012135,-65.5185317993164
9000000.00012135,-65.2855834960938
9000000.00012136,-65.0688858032227
9000000.00012136,-64.8698272705078
9000000.00012137,-64.6897888183594
9000000.00012137,-64.5301513671875
9000000.00012138,-64.3922958374023
9000000.00012138,-64.2776031494141
9000000.00012139,-64.1874618530273
9000000.00012139,-64.1232376098633
9000000.0001214,-64.0855178833008
9000000.0001214,-64.0720825195313
9000000.00012141,-64.0821075439453
9000000.00012141,-64.1149444580078
9000000.00012142,-64.169921875
9000000.00012142,-64.2463760375977
9000000.00012143,-64.3436584472656
9000000.00012143,-64.4610977172852
9000000.00012144,-64.5980377197266
9000000.00012144,-64.7538223266602
9000000.00012145,-64.9277877807617
9000000.00012145,-65.119270324707
9000000.00012146,-65.3276138305664
9000000.00012146,-65.5538177490234
9000000.00012147,-65.8171920776367
9000000.00012147,-66.1185836791992
9000000.00012148,-66.451789855957
9000000.00012148,-66.8105850219727
9000000.00012149,-67.1887664794922
9000000.00012149,-67.5801162719727
9000000.0001215,-67.9784317016602
9000000.0001215,-68.3774948120117
9000000.00012151,-68.7710952758789
9000000.00012151,-69.1530227661133
9000000.00012152,-69.5170669555664
9000000.00012152,-69.8570098876953
9000000.00012153,-70.1666488647461
9000000.00012153,-70.4641799926758
9000000.00012154,-70.7688369750977
9000000.00012154,-71.0759658813477
9000000.00012155,-71.3809127807617
9000000.00012155,-71.6790161132813
9000000.00012156,-71.9656143188477
9000000.00012156,-72.2360610961914
9000000.00012157,-72.4856872558594
9000000.00012157,-72.7098388671875
9000000.00012158,-72.9038696289063
9000000.00012158,-73.0631103515625
9000000.00012159,-73.1829071044922
9000000.00012159,-73.2585983276367
9000000.0001216,-73.2862319946289
9000000.0001216,-73.2676086425781
9000000.00012161,-73.2071304321289
9000000.00012161,-73.1092071533203
9000000.00012162,-72.9782485961914
9000000.00012162,-72.8186645507813
9000000.00012163,-72.6348419189453
9000000.00012163,-72.4311981201172
9000000.00012164,-72.2121429443359
9000000.00012164,-71.9820709228516
9000000.00012165,-71.7453918457031
9000000.00012165,-71.5065155029297
9000000.00012166,-71.2698364257813
9000000.00012166,-71.0374755859375
9000000.00012167,-70.7841720581055
9000000.00012167,-70.505615234375
9000000.00012168,-70.2066879272461
9000000.00012168,-69.8922882080078
9000000.00012169,-69.5673141479492
9000000.00012169,-69.2366638183594
9000000.0001217,-68.9052124023438
9000000.0001217,-68.5778732299805
9000000.00012171,-68.2595291137695
9000000.00012171,-67.9550704956055
9000000.00012172,-67.6694030761719
9000000.00012172,-67.4074096679688
9000000.00012173,-67.1739883422852
9000000.00012173,-66.9590072631836
9000000.00012174,-66.7501525878906
9000000.00012174,-66.5490493774414
9000000.00012175,-66.3573226928711
9000000.00012175,-66.1765899658203
9000000.00012176,-66.0084686279297
9000000.00012176,-65.8545913696289
9000000.00012177,-65.7165756225586
9000000.00012177,-65.5960388183594
9000000.00012178,-65.4946136474609
9000000.00012178,-65.4139099121094
9000000.00012179,-65.3555603027344
9000000.00012179,-65.3211822509766
9000000.0001218,-65.3097686767578
9000000.0001218,-65.3141021728516
9000000.00012181,-65.3345565795898
9000000.00012181,-65.3721313476563
9000000.00012182,-65.4278411865234
9000000.00012182,-65.5027084350586
9000000.00012183,-65.5977325439453
9000000.00012183,-65.7139358520508
9000000.00012184,-65.8523178100586
9000000.00012184,-66.0139083862305
9000000.00012185,-66.19970703125
9000000.00012185,-66.4107208251953
9000000.00012186,-66.6479721069336
9000000.00012186,-66.9109115600586
9000000.00012187,-67.1815338134766
9000000.00012187,-67.4586791992188
9000000.00012188,-67.7477951049805
9000000.00012188,-68.0542984008789
9000000.00012189,-68.3836212158203
9000000.00012189,-68.7411956787109
9000000.0001219,-69.1324462890625
9000000.0001219,-69.5628051757813
9000000.00012191,-70.0377044677734
9000000.00012191,-70.5625686645508
9000000.00012192,-71.1428298950195
9000000.00012192,-71.7839126586914
9000000.00012193,-72.4912567138672
9000000.00012193,-73.343994140625
9000000.00012194,-74.3895568847656
9000000.00012194,-75.5857620239258
9000000.00012195,-76.8904342651367
9000000.00012195,-78.2614059448242
9000000.00012196,-79.6565017700195
9000000.00012196,-81.0335464477539
9000000.00012197,-82.3503723144531
9000000.00012197,-83.5647964477539
9000000.00012198,-84.6346588134766
9000000.00012198,-85.5177764892578
9000000.00012199,-86.1719741821289
9000000.00012199,-86.5550918579102
9000000.000122,-86.6345520019531
9000000.000122,-86.4357757568359
9000000.00012201,-85.9960861206055
9000000.00012201,-85.3518524169922
9000000.00012202,-84.5394515991211
9000000.00012202,-83.5952453613281
9000000.00012203,-82.5556106567383
9000000.00012203,-81.4569244384766
9000000.00012204,-80.3355484008789
9000000.00012204,-79.2278594970703
9000000.00012205,-78.1702346801758
9000000.00012205,-77.1990356445313
9000000.00012206,-76.3506393432617
9000000.00012206,-75.6521072387695
9000000.00012207,-75.0081253051758
9000000.00012207,-74.3845520019531
9000000.00012208,-73.7818222045898
9000000.00012208,-73.2003707885742
9000000.00012209,-72.6406478881836
9000000.00012209,-72.1030807495117
9000000.0001221,-71.5881118774414
9000000.0001221,-71.0961761474609
9000000.00012211,-70.6277160644531
9000000.00012211,-70.1831665039063
9000000.00012212,-69.7629623413086
9000000.00012212,-69.3675537109375
9000000.00012213,-68.9973678588867
9000000.00012213,-68.6536254882813
9000000.00012214,-68.3366622924805
9000000.00012214,-68.0455932617188
9000000.00012215,-67.7795257568359
9000000.00012215,-67.5375671386719
9000000.00012216,-67.3188323974609
9000000.00012216,-67.122428894043
9000000.00012217,-66.9474716186523
9000000.00012217,-66.7930755615234
9000000.00012218,-66.6583404541016
9000000.00012218,-66.5423812866211
9000000.00012219,-66.4443054199219
9000000.00012219,-66.3632354736328
9000000.0001222,-66.2988815307617
9000000.0001222,-66.2528915405273
9000000.00012221,-66.2257308959961
9000000.00012221,-66.2177429199219
9000000.00012222,-66.2292556762695
9000000.00012222,-66.260612487793
9000000.00012223,-66.3121337890625
9000000.00012223,-66.3841781616211
9000000.00012224,-66.4770660400391
9000000.00012224,-66.5911331176758
9000000.00012225,-66.7267150878906
9000000.00012225,-66.8841552734375
9000000.00012226,-67.0637893676758
9000000.00012226,-67.2658843994141
9000000.00012227,-67.4898147583008
9000000.00012227,-67.7352828979492
9000000.00012228,-68.002197265625
9000000.00012228,-68.2904663085938
9000000.00012229,-68.5999984741211
9000000.00012229,-68.9307098388672
9000000.0001223,-69.2825164794922
9000000.0001223,-69.6553192138672
9000000.00012231,-70.0490417480469
9000000.00012231,-70.4635848999023
9000000.00012232,-70.8988647460938
9000000.00012232,-71.3547897338867
9000000.00012233,-71.8312835693359
9000000.00012233,-72.3730316162109
9000000.00012234,-73.0103378295898
9000000.00012234,-73.7215118408203
9000000.00012235,-74.4848861694336
9000000.00012235,-75.2787551879883
9000000.00012236,-76.0814437866211
9000000.00012236,-76.8712615966797
9000000.00012237,-77.6265258789063
9000000.00012237,-78.325553894043
9000000.00012238,-78.946647644043
9000000.00012238,-79.4681396484375
9000000.00012239,-79.8683242797852
9000000.00012239,-80.1255340576172
9000000.0001224,-80.2234725952148
9000000.0001224,-80.1764755249023
9000000.00012241,-80.0033721923828
9000000.00012241,-79.7223663330078
9000000.00012242,-79.351676940918
9000000.00012242,-78.9095153808594
9000000.00012243,-78.4141082763672
9000000.00012243,-77.883659362793
9000000.00012244,-77.3363800048828
9000000.00012244,-76.7904891967773
9000000.00012245,-76.2642059326172
9000000.00012245,-75.7757415771484
9000000.00012246,-75.3432998657227
9000000.00012246,-74.9804382324219
9000000.00012247,-74.639274597168
9000000.00012247,-74.3027114868164
9000000.00012248,-73.9710235595703
9000000.00012248,-73.6444778442383
9000000.00012249,-73.3233337402344
9000000.00012249,-73.0078582763672
9000000.0001225,-72.6983337402344
9000000.0001225,-72.39501953125
9000000.00012251,-72.0981750488281
9000000.00012251,-71.8080825805664
9000000.00012252,-71.5250091552734
9000000.00012252,-71.2492065429688
9000000.00012253,-70.98095703125
9000000.00012253,-70.7173004150391
9000000.00012254,-70.4559326171875
9000000.00012254,-70.1981048583984
9000000.00012255,-69.9450912475586
9000000.00012255,-69.6981430053711
9000000.00012256,-69.4585189819336
9000000.00012256,-69.2274856567383
9000000.00012257,-69.0062942504883
9000000.00012257,-68.7962112426758
9000000.00012258,-68.5984878540039
9000000.00012258,-68.4143905639648
9000000.00012259,-68.2451782226563
9000000.00012259,-68.0921096801758
9000000.0001226,-67.9525299072266
9000000.0001226,-67.8156890869141
9000000.00012261,-67.6833572387695
9000000.00012261,-67.5583190917969
9000000.00012262,-67.4433441162109
9000000.00012262,-67.3412094116211
9000000.00012263,-67.2546920776367
9000000.00012263,-67.1865692138672
9000000.00012264,-67.1396179199219
9000000.00012264,-67.1166152954102
9000000.00012265,-67.1203384399414
9000000.00012265,-67.1535568237305
9000000.00012266,-67.2190551757813
9000000.00012266,-67.3205947875977
9000000.00012267,-67.4709091186523
9000000.00012267,-67.6676483154297
9000000.00012268,-67.9037857055664
9000000.00012268,-68.1722946166992
9000000.00012269,-68.4661560058594
9000000.00012269,-68.7783279418945
9000000.0001227,-69.1017913818359
9000000.0001227,-69.4295196533203
9000000.00012271,-69.7544860839844
9000000.00012271,-70.0696563720703
9000000.00012272,-70.3680114746094
9000000.00012272,-70.6425170898438
9000000.00012273,-70.8861541748047
9000000.00012273,-71.1196212768555
9000000.00012274,-71.3647537231445
9000000.00012274,-71.6162338256836
9000000.00012275,-71.8687438964844
9000000.00012275,-72.116943359375
9000000.00012276,-72.3555221557617
9000000.00012276,-72.5791473388672
9000000.00012277,-72.7825012207031
9000000.00012277,-72.9602508544922
9000000.00012278,-73.1070861816406
9000000.00012278,-73.2176666259766
9000000.00012279,-73.2866821289063
9000000.00012279,-73.3087997436523
9000000.0001228,-73.2773895263672
9000000.0001228,-73.1887283325195
9000000.00012281,-73.0495147705078
9000000.00012281,-72.8670425415039
9000000.00012282,-72.6485824584961
9000000.00012282,-72.4014053344727
9000000.00012283,-72.1327896118164
9000000.00012283,-71.8500061035156
9000000.00012284,-71.5603408813477
9000000.00012284,-71.2710647583008
9000000.00012285,-70.9894485473633
9000000.00012285,-70.722770690918
9000000.00012286,-70.4783172607422
9000000.00012286,-70.2613677978516
9000000.00012287,-70.0514907836914
9000000.00012287,-69.8418502807617
9000000.00012288,-69.6330032348633
9000000.00012288,-69.4255294799805
9000000.00012289,-69.2200012207031
9000000.00012289,-69.016975402832
9000000.0001229,-68.8170394897461
9000000.0001229,-68.6207580566406
9000000.00012291,-68.4287033081055
9000000.00012291,-68.2414474487305
9000000.00012292,-68.0595550537109
9000000.00012292,-67.8836059570313
9000000.00012293,-67.7141647338867
9000000.00012293,-67.5479278564453
9000000.00012294,-67.3820114135742
9000000.00012294,-67.217643737793
9000000.00012295,-67.0560455322266
9000000.00012295,-66.8984527587891
9000000.00012296,-66.7460784912109
9000000.00012296,-66.6001510620117
9000000.00012297,-66.4619064331055
9000000.00012297,-66.3325576782227
9000000.00012298,-66.2133255004883
9000000.00012298,-66.1054534912109
9000000.00012299,-66.0101470947266
9000000.00012299,-65.9286422729492
9000000.000123,-65.8583908081055
9000000.000123,-65.7890014648438
9000000.00012301,-65.7221984863281
9000000.00012301,-65.6606292724609
9000000.00012302,-65.6069717407227
9000000.00012302,-65.5638961791992
9000000.00012303,-65.5340728759766
9000000.00012303,-65.5201644897461
9000000.00012304,-65.5248489379883
9000000.00012304,-65.5507965087891
9000000.00012305,-65.6006622314453
9000000.00012305,-65.6771392822266
9000000.00012306,-65.7828750610352
9000000.00012306,-65.9201126098633
9000000.00012307,-66.0847778320313
9000000.00012307,-66.2743835449219
9000000.00012308,-66.4879531860352
9000000.00012308,-66.724479675293
9000000.00012309,-66.9829711914063
9000000.00012309,-67.2624282836914
9000000.0001231,-67.5618515014648
9000000.0001231,-67.880256652832
9000000.00012311,-68.2166366577148
9000000.00012311,-68.5699996948242
9000000.00012312,-68.9393463134766
9000000.00012312,-69.3236846923828
9000000.00012313,-69.7220153808594
9000000.00012313,-70.1732330322266
9000000.00012314,-70.7047348022461
9000000.00012314,-71.2982711791992
9000000.00012315,-71.9355850219727
9000000.00012315,-72.5984420776367
9000000.00012316,-73.2685775756836
9000000.00012316,-73.9277572631836
9000000.00012317,-74.5577239990234
9000000.00012317,-75.1402359008789
9000000.00012318,-75.6570358276367
9000000.00012318,-76.0898742675781
9000000.00012319,-76.4205169677734
9000000.00012319,-76.6306991577148
9000000.0001232,-76.7093734741211
9000000.0001232,-76.675910949707
9000000.00012321,-76.5440368652344
9000000.00012321,-76.3262557983398
9000000.00012322,-76.0350723266602
9000000.00012322,-75.6829833984375
9000000.00012323,-75.2824935913086
9000000.00012323,-74.8461151123047
9000000.00012324,-74.3863296508789
9000000.00012324,-73.915657043457
9000000.00012325,-73.4465942382813
9000000.00012325,-72.9916381835938
9000000.00012326,-72.5633010864258
9000000.00012326,-72.1696090698242
9000000.00012327,-71.7628479003906
9000000.00012327,-71.3310928344727
9000000.00012328,-70.8797760009766
9000000.00012328,-70.414306640625
9000000.00012329,-69.9401245117188
9000000.00012329,-69.462646484375
9000000.0001233,-68.9873046875
9000000.0001233,-68.5195236206055
9000000.00012331,-68.0647201538086
9000000.00012331,-67.6283340454102
9000000.00012332,-67.2157821655273
9000000.00012332,-66.8324890136719
9000000.00012333,-66.48388671875
9000000.00012333,-66.1599884033203
9000000.00012334,-65.8479919433594
9000000.00012334,-65.5490875244141
9000000.00012335,-65.2644729614258
9000000.00012335,-64.9953231811523
9000000.00012336,-64.7428359985352
9000000.00012336,-64.508186340332
9000000.00012337,-64.2925872802734
9000000.00012337,-64.0972061157227
9000000.00012338,-63.9232368469238
9000000.00012338,-63.7718734741211
9000000.00012339,-63.6443023681641
9000000.00012339,-63.5417098999023
9000000.0001234,-63.464038848877
9000000.0001234,-63.4078674316406
9000000.00012341,-63.3729248046875
9000000.00012341,-63.3592338562012
9000000.00012342,-63.3668098449707
9000000.00012342,-63.3956718444824
9000000.00012343,-63.4458389282227
9000000.00012343,-63.5173301696777
9000000.00012344,-63.6101608276367
9000000.00012344,-63.7243537902832
9000000.00012345,-63.8599243164063
9000000.00012345,-64.0168914794922
9000000.00012346,-64.1952819824219
9000000.00012346,-64.3964691162109
9000000.00012347,-64.6366348266602
9000000.00012347,-64.9159545898438
9000000.00012348,-65.2287139892578
9000000.00012348,-65.5691986083984
9000000.00012349,-65.9316787719727
9000000.00012349,-66.3104476928711
9000000.0001235,-66.6997680664063
9000000.0001235,-67.0939254760742
9000000.00012351,-67.4872055053711
9000000.00012351,-67.8738861083984
9000000.00012352,-68.2482376098633
9000000.00012352,-68.6045532226563
9000000.00012353,-68.9371032714844
9000000.00012353,-69.2642669677734
9000000.00012354,-69.6048583984375
9000000.00012354,-69.9538040161133
9000000.00012355,-70.306022644043
9000000.00012355,-70.6564331054688
9000000.00012356,-70.9999694824219
9000000.00012356,-71.33154296875
9000000.00012357,-71.6460876464844
9000000.00012357,-71.9385223388672
9000000.00012358,-72.2037658691406
9000000.00012358,-72.4367523193359
9000000.00012359,-72.6323928833008
9000000.00012359,-72.7856140136719
9000000.0001236,-72.892333984375
9000000.0001236,-72.9551467895508
9000000.00012361,-72.9786758422852
9000000.00012361,-72.9674835205078
9000000.00012362,-72.9261245727539
9000000.00012362,-72.8591537475586
9000000.00012363,-72.771125793457
9000000.00012363,-72.6666030883789
9000000.00012364,-72.5501480102539
9000000.00012364,-72.4263000488281
9000000.00012365,-72.2996292114258
9000000.00012365,-72.174690246582
9000000.00012366,-72.056037902832
9000000.00012366,-71.9464263916016
9000000.00012367,-71.8263931274414
9000000.00012367,-71.6915740966797
9000000.00012368,-71.5446701049805
9000000.00012368,-71.3883819580078
9000000.00012369,-71.2254257202148
9000000.00012369,-71.0585098266602
9000000.0001237,-70.8903350830078
9000000.0001237,-70.7236022949219
9000000.00012371,-70.56103515625
9000000.00012371,-70.4053192138672
9000000.00012372,-70.2591781616211
9000000.00012372,-70.1253128051758
9000000.00012373,-70.0064315795898
9000000.00012373,-69.8987579345703
9000000.00012374,-69.7967224121094
9000000.00012374,-69.7003173828125
9000000.00012375,-69.6095733642578
9000000.00012375,-69.5244750976563
9000000.00012376,-69.4450454711914
9000000.00012376,-69.3712844848633
9000000.00012377,-69.3032073974609
9000000.00012377,-69.2408065795898
9000000.00012378,-69.1841049194336
9000000.00012378,-69.1331100463867
9000000.00012379,-69.0878143310547
9000000.00012379,-69.0482406616211
9000000.0001238,-69.0137634277344
9000000.0001238,-68.9826889038086
9000000.00012381,-68.9554901123047
9000000.00012381,-68.9328308105469
9000000.00012382,-68.9153518676758
9000000.00012382,-68.9037094116211
9000000.00012383,-68.8985595703125
9000000.00012383,-68.9005508422852
9000000.00012384,-68.9103393554688
9000000.00012384,-68.9285659790039
9000000.00012385,-68.9558944702148
9000000.00012385,-68.9929733276367
9000000.00012386,-69.0404586791992
9000000.00012386,-69.099609375
9000000.00012387,-69.1779708862305
9000000.00012387,-69.2750473022461
9000000.00012388,-69.3875961303711
9000000.00012388,-69.5123443603516
9000000.00012389,-69.6460494995117
9000000.00012389,-69.7854537963867
9000000.0001239,-69.9272918701172
9000000.0001239,-70.0683212280273
9000000.00012391,-70.2052764892578
9000000.00012391,-70.3349075317383
9000000.00012392,-70.4539642333984
9000000.00012392,-70.5591735839844
9000000.00012393,-70.6473007202148
9000000.00012393,-70.7252044677734
9000000.00012394,-70.8011703491211
9000000.00012394,-70.8740539550781
9000000.00012395,-70.9427108764648
9000000.00012395,-71.0059967041016
9000000.00012396,-71.0627746582031
9000000.00012396,-71.1118850708008
9000000.00012397,-71.1521987915039
9000000.00012397,-71.1825637817383
9000000.00012398,-71.2018432617188
9000000.00012398,-71.2088851928711
9000000.00012399,-71.2025451660156
9000000.00012399,-71.1816864013672
9000000.000124,-71.1453475952148
9000000.000124,-71.0940322875977
9000000.00012401,-71.0287933349609
9000000.00012401,-70.9507064819336
9000000.00012402,-70.8608322143555
9000000.00012402,-70.7602310180664
9000000.00012403,-70.6499633789063
9000000.00012403,-70.5310897827148
9000000.00012404,-70.4046783447266
9000000.00012404,-70.2717895507813
9000000.00012405,-70.1334838867188
9000000.00012405,-69.9908218383789
9000000.00012406,-69.8448715209961
9000000.00012406,-69.6958160400391
9000000.00012407,-69.533821105957
9000000.00012407,-69.357795715332
9000000.00012408,-69.1702346801758
9000000.00012408,-68.9736557006836
9000000.00012409,-68.7705535888672
9000000.00012409,-68.5634307861328
9000000.0001241,-68.3548049926758
9000000.0001241,-68.1471633911133
9000000.00012411,-67.9430160522461
9000000.00012411,-67.744873046875
9000000.00012412,-67.5552291870117
9000000.00012412,-67.376594543457
9000000.00012413,-67.2114715576172
9000000.00012413,-67.0532608032227
9000000.00012414,-66.8947219848633
9000000.00012414,-66.7373580932617
9000000.00012415,-66.5826950073242
9000000.00012415,-66.4322357177734
9000000.00012416,-66.2875137329102
9000000.00012416,-66.150032043457
9000000.00012417,-66.0213165283203
9000000.00012417,-65.9028701782227
9000000.00012418,-65.7962265014648
9000000.00012418,-65.702880859375
9000000.00012419,-65.6243743896484
9000000.00012419,-65.5622024536133
9000000.0001242,-65.5171508789063
9000000.0001242,-65.4872207641602
9000000.00012421,-65.4713897705078
9000000.00012421,-65.4687576293945
9000000.00012422,-65.4784469604492
9000000.00012422,-65.4995651245117
9000000.00012423,-65.5312194824219
9000000.00012423,-65.5725250244141
9000000.00012424,-65.6225891113281
9000000.00012424,-65.6805191040039
9000000.00012425,-65.7454376220703
9000000.00012425,-65.8164443969727
9000000.00012426,-65.8926544189453
9000000.00012426,-65.9738845825195
9000000.00012427,-66.0681533813477
9000000.00012427,-66.1763610839844
9000000.00012428,-66.296501159668
9000000.00012428,-66.4265518188477
9000000.00012429,-66.5644989013672
9000000.00012429,-66.7083282470703
9000000.0001243,-66.8560256958008
9000000.0001243,-67.0055694580078
9000000.00012431,-67.1549530029297
9000000.00012431,-67.3021469116211
9000000.00012432,-67.4451446533203
9000000.00012432,-67.5819320678711
9000000.00012433,-67.7104949951172
9000000.00012433,-67.835823059082
9000000.00012434,-67.9635543823242
9000000.00012434,-68.0926208496094
9000000.00012435,-68.2219390869141
9000000.00012435,-68.350456237793
9000000.00012436,-68.4770889282227
9000000.00012436,-68.6007766723633
9000000.00012437,-68.7204360961914
9000000.00012437,-68.8350067138672
9000000.00012438,-68.9434127807617
9000000.00012438,-69.0445861816406
9000000.00012439,-69.137451171875
9000000.00012439,-69.220947265625
9000000.0001244,-69.2958526611328
9000000.0001244,-69.3672485351563
9000000.00012441,-69.4348068237305
9000000.00012441,-69.4977340698242
9000000.00012442,-69.5552291870117
9000000.00012442,-69.6065063476563
9000000.00012443,-69.6507720947266
9000000.00012443,-69.6872253417969
9000000.00012444,-69.7150802612305
9000000.00012444,-69.7335433959961
9000000.00012445,-69.7418212890625
9000000.00012445,-69.7391128540039
9000000.00012446,-69.7246322631836
9000000.00012446,-69.697380065918
9000000.00012447,-69.6546020507813
9000000.00012447,-69.5969696044922
9000000.00012448,-69.5261917114258
9000000.00012448,-69.443962097168
9000000.00012449,-69.3519668579102
9000000.00012449,-69.2519149780273
9000000.0001245,-69.1454925537109
9000000.0001245,-69.0344009399414
9000000.00012451,-68.9203338623047
9000000.00012451,-68.8049850463867
9000000.00012452,-68.6900482177734
9000000.00012452,-68.5772247314453
9000000.00012453,-68.4682083129883
9000000.00012453,-68.355224609375
9000000.00012454,-68.2311248779297
9000000.00012454,-68.0985412597656
9000000.00012455,-67.9601211547852
9000000.00012455,-67.818489074707
9000000.00012456,-67.6762924194336
9000000.00012456,-67.5361557006836
9000000.00012457,-67.4007339477539
9000000.00012457,-67.2726440429688
9000000.00012458,-67.154541015625
9000000.00012458,-67.0490493774414
9000000.00012459,-66.9588165283203
9000000.00012459,-66.8864669799805
9000000.0001246,-66.8306274414063
9000000.0001246,-66.7802886962891
9000000.00012461,-66.7358245849609
9000000.00012461,-66.698616027832
9000000.00012462,-66.6700286865234
9000000.00012462,-66.6514282226563
9000000.00012463,-66.6441879272461
9000000.00012463,-66.6496810913086
9000000.00012464,-66.6692657470703
9000000.00012464,-66.7043228149414
9000000.00012465,-66.756217956543
9000000.00012465,-66.8263092041016
9000000.00012466,-66.9159851074219
9000000.00012466,-67.027717590332
9000000.00012467,-67.1752777099609
9000000.00012467,-67.3576049804688
9000000.00012468,-67.5685882568359
9000000.00012468,-67.8021240234375
9000000.00012469,-68.0521087646484
9000000.00012469,-68.3124389648438
9000000.0001247,-68.5770111083984
9000000.0001247,-68.839714050293
9000000.00012471,-69.0944519042969
9000000.00012471,-69.3351211547852
9000000.00012472,-69.5556030273438
9000000.00012472,-69.7498092651367
9000000.00012473,-69.9116287231445
9000000.00012473,-70.0528564453125
9000000.00012474,-70.1883010864258
9000000.00012474,-70.3163452148438
9000000.00012475,-70.4353561401367
9000000.00012475,-70.5437316894531
9000000.00012476,-70.6398391723633
9000000.00012476,-70.7220764160156
9000000.00012477,-70.7888259887695
9000000.00012477,-70.8384552001953
9000000.00012478,-70.8693618774414
9000000.00012478,-70.8799133300781
9000000.00012479,-70.8685073852539
9000000.00012479,-70.8335189819336
9000000.0001248,-70.77197265625
9000000.0001248,-70.6800994873047
9000000.00012481,-70.5606918334961
9000000.00012481,-70.4169921875
9000000.00012482,-70.2522277832031
9000000.00012482,-70.0696411132813
9000000.00012483,-69.872444152832
9000000.00012483,-69.6638870239258
9000000.00012484,-69.4471969604492
9000000.00012484,-69.2256011962891
9000000.00012485,-69.0023345947266
9000000.00012485,-68.780632019043
9000000.00012486,-68.5637283325195
9000000.00012486,-68.3532791137695
9000000.00012487,-68.1321334838867
9000000.00012487,-67.8971328735352
9000000.00012488,-67.6513977050781
9000000.00012488,-67.3980255126953
9000000.00012489,-67.1401214599609
9000000.00012489,-66.8807983398438
9000000.0001249,-66.623161315918
9000000.0001249,-66.3703079223633
9000000.00012491,-66.125358581543
9000000.00012491,-65.8914108276367
9000000.00012492,-65.6715774536133
9000000.00012492,-65.4689636230469
9000000.00012493,-65.2866744995117
9000000.00012493,-65.1168746948242
9000000.00012494,-64.950813293457
9000000.00012494,-64.7901992797852
9000000.00012495,-64.6367416381836
9000000.00012495,-64.4921417236328
9000000.00012496,-64.3581237792969
9000000.00012496,-64.2363815307617
9000000.00012497,-64.1286315917969
9000000.00012497,-64.0365905761719
9000000.00012498,-63.9619598388672
9000000.00012498,-63.9064521789551
9000000.00012499,-63.8717727661133
9000000.00012499,-63.8596343994141
9000000.000125,-63.8705062866211
9000000.000125,-63.9009895324707
9000000.00012501,-63.9502639770508
9000000.00012501,-64.0177612304688
9000000.00012502,-64.102912902832
9000000.00012502,-64.2051620483398
9000000.00012503,-64.3239517211914
9000000.00012503,-64.4587097167969
9000000.00012504,-64.6088790893555
9000000.00012504,-64.7738876342773
9000000.00012505,-64.9531860351563
9000000.00012505,-65.1462020874023
9000000.00012506,-65.3523788452148
9000000.00012506,-65.5728302001953
9000000.00012507,-65.8270950317383
9000000.00012507,-66.1159286499023
9000000.00012508,-66.4329605102539
9000000.00012508,-66.7718048095703
9000000.00012509,-67.1260757446289
9000000.00012509,-67.4893951416016
9000000.0001251,-67.8553848266602
9000000.0001251,-68.217658996582
9000000.00012511,-68.5698394775391
9000000.00012511,-68.9055328369141
9000000.00012512,-69.218376159668
9000000.00012512,-69.5019683837891
9000000.00012513,-69.7499389648438
9000000.00012513,-69.9776916503906
9000000.00012514,-70.202766418457
9000000.00012514,-70.4219665527344
9000000.00012515,-70.6321334838867
9000000.00012515,-70.8300628662109
9000000.00012516,-71.0125885009766
9000000.00012516,-71.176513671875
9000000.00012517,-71.3186721801758
9000000.00012517,-71.4358749389648
9000000.00012518,-71.5249328613281
9000000.00012518,-71.5826721191406
9000000.00012519,-71.6059112548828
9000000.00012519,-71.5914688110352
9000000.0001252,-71.5349807739258
9000000.0001252,-71.4331512451172
9000000.00012521,-71.2902908325195
9000000.00012521,-71.1111755371094
9000000.00012522,-70.9005661010742
9000000.00012522,-70.6632385253906
9000000.00012523,-70.4039459228516
9000000.00012523,-70.1274566650391
9000000.00012524,-69.8385467529297
9000000.00012524,-69.5419692993164
9000000.00012525,-69.2425003051758
9000000.00012525,-68.9449005126953
9000000.00012526,-68.653938293457
9000000.00012526,-68.3721313476563
9000000.00012527,-68.0748596191406
9000000.00012527,-67.7574844360352
9000000.00012528,-67.4243469238281
9000000.00012528,-67.0797958374023
9000000.00012529,-66.7281494140625
9000000.00012529,-66.3737640380859
9000000.0001253,-66.0209732055664
9000000.0001253,-65.6741104125977
9000000.00012531,-65.337516784668
9000000.00012531,-65.0155258178711
9000000.00012532,-64.7124862670898
9000000.00012532,-64.432731628418
9000000.00012533,-64.1805953979492
9000000.00012533,-63.947078704834
9000000.00012534,-63.7212562561035
9000000.00012534,-63.5045776367188
9000000.00012535,-63.2984848022461
9000000.00012535,-63.1044311523438
9000000.00012536,-62.9238586425781
9000000.00012536,-62.7582168579102
9000000.00012537,-62.6089515686035
9000000.00012537,-62.4775123596191
9000000.00012538,-62.3653450012207
9000000.00012538,-62.2738990783691
9000000.00012539,-62.2046165466309
9000000.00012539,-62.1589508056641
9000000.0001254,-62.1362228393555
9000000.0001254,-62.130615234375
9000000.00012541,-62.1422729492188
9000000.00012541,-62.1718597412109
9000000.00012542,-62.220043182373
9000000.00012542,-62.2874870300293
9000000.00012543,-62.3748512268066
9000000.00012543,-62.4828071594238
9000000.00012544,-62.6120109558105
9000000.00012544,-62.7631301879883
9000000.00012545,-62.9368324279785
9000000.00012545,-63.1337776184082
9000000.00012546,-63.3546295166016
9000000.00012546,-63.6007995605469
9000000.00012547,-63.8813247680664
9000000.00012547,-64.1957244873047
9000000.00012548,-64.5401992797852
9000000.00012548,-64.9109573364258
9000000.00012549,-65.30419921875
9000000.00012549,-65.7161254882813
9000000.0001255,-66.142951965332
9000000.0001255,-66.5808715820313
9000000.00012551,-67.0260925292969
9000000.00012551,-67.4748229980469
9000000.00012552,-67.9232635498047
9000000.00012552,-68.3676071166992
9000000.00012553,-68.8040771484375
9000000.00012553,-69.26318359375
9000000.00012554,-69.769775390625
9000000.00012554,-70.3115921020508
9000000.00012555,-70.876335144043
9000000.00012555,-71.4517364501953
9000000.00012556,-72.0254974365234
9000000.00012556,-72.5853576660156
9000000.00012557,-73.119010925293
9000000.00012557,-73.6141967773438
9000000.00012558,-74.0586242675781
9000000.00012558,-74.4400024414063
9000000.00012559,-74.7460708618164
9000000.00012559,-74.9645309448242
9000000.0001256,-75.0879821777344
9000000.0001256,-75.1295700073242
9000000.00012561,-75.0984954833984
9000000.00012561,-75.0031433105469
9000000.00012562,-74.8518829345703
9000000.00012562,-74.6530838012695
9000000.00012563,-74.4151306152344
9000000.00012563,-74.1464004516602
9000000.00012564,-73.8552627563477
9000000.00012564,-73.5500869750977
9000000.00012565,-73.2392578125
9000000.00012565,-72.93115234375
9000000.00012566,-72.6341323852539
9000000.00012566,-72.3530807495117
9000000.00012567,-72.0499877929688
9000000.00012567,-71.716796875
9000000.00012568,-71.3592529296875
9000000.00012568,-70.9831466674805
9000000.00012569,-70.5942153930664
9000000.00012569,-70.1982498168945
9000000.0001257,-69.8009948730469
9000000.0001257,-69.4082260131836
9000000.00012571,-69.0257110595703
9000000.00012571,-68.6592025756836
9000000.00012572,-68.3144836425781
9000000.00012572,-67.9972991943359
9000000.00012573,-67.7134323120117
9000000.00012573,-67.4506912231445
9000000.00012574,-67.1944198608398
9000000.00012574,-66.9466400146484
9000000.00012575,-66.7093811035156
9000000.00012575,-66.4846725463867
9000000.00012576,-66.274543762207
9000000.00012576,-66.0810241699219
9000000.00012577,-65.9061431884766
9000000.00012577,-65.7519226074219
9000000.00012578,-65.6203994750977
9000000.00012578,-65.5135955810547
9000000.00012579,-65.4335403442383
9000000.00012579,-65.3822708129883
9000000.0001258,-65.358528137207
9000000.0001258,-65.3533554077148
9000000.00012581,-65.3671798706055
9000000.00012581,-65.401252746582
9000000.00012582,-65.4568328857422
9000000.00012582,-65.5351486206055
9000000.00012583,-65.6374664306641
9000000.00012583,-65.765022277832
9000000.00012584,-65.919059753418
9000000.00012584,-66.1008377075195
9000000.00012585,-66.3115997314453
9000000.00012585,-66.5525817871094
9000000.00012586,-66.8250503540039
9000000.00012586,-67.1325454711914
9000000.00012587,-67.5026702880859
9000000.00012587,-67.9346618652344
9000000.00012588,-68.4176406860352
9000000.00012588,-68.9407272338867
9000000.00012589,-69.493034362793
9000000.00012589,-70.0636749267578
9000000.0001259,-70.6417770385742
9000000.0001259,-71.2164535522461
9000000.00012591,-71.7768173217773
9000000.00012591,-72.3120040893555
9000000.00012592,-72.8111114501953
9000000.00012592,-73.2632751464844
9000000.00012593,-73.657600402832
9000000.00012593,-74.0102767944336
9000000.00012594,-74.3443984985352
9000000.00012594,-74.6594467163086
9000000.00012595,-74.9548950195313
9000000.00012595,-75.230224609375
9000000.00012596,-75.4849166870117
9000000.00012596,-75.7184448242188
9000000.00012597,-75.9302825927734
9000000.00012597,-76.1199111938477
9000000.00012598,-76.2868194580078
9000000.00012598,-76.4304656982422
9000000.00012599,-76.5503463745117
9000000.00012599,-76.6459350585938
9000000.000126,-76.7195739746094
9000000.000126,-76.7791519165039
9000000.00012601,-76.8229370117188
9000000.00012601,-76.8484649658203
9000000.00012602,-76.8532562255859
9000000.00012602,-76.8348159790039
9000000.00012603,-76.7906799316406
9000000.00012603,-76.7183609008789
9000000.00012604,-76.6153869628906
9000000.00012604,-76.4792709350586
9000000.00012605,-76.3075408935547
9000000.00012605,-76.0977172851563
9000000.00012606,-75.8473205566406
9000000.00012606,-75.5517120361328
9000000.00012607,-75.1845169067383
9000000.00012607,-74.7476348876953
9000000.00012608,-74.2526245117188
9000000.00012608,-73.7110748291016
9000000.00012609,-73.1345520019531
9000000.00012609,-72.5346298217773
9000000.0001261,-71.9228744506836
9000000.0001261,-71.3108596801758
9000000.00012611,-70.7101593017578
9000000.00012611,-70.1323471069336
9000000.00012612,-69.5889892578125
9000000.00012612,-69.091667175293
9000000.00012613,-68.6519470214844
9000000.00012613,-68.2506256103516
9000000.00012614,-67.8617935180664
9000000.00012614,-67.4869842529297
9000000.00012615,-67.1277160644531
9000000.00012615,-66.785514831543
9000000.00012616,-66.4619064331055
9000000.00012616,-66.1584091186523
9000000.00012617,-65.8765487670898
9000000.00012617,-65.6178512573242
9000000.00012618,-65.3838348388672
9000000.00012618,-65.176025390625
9000000.00012619,-64.9959487915039
9000000.00012619,-64.8451232910156
9000000.0001262,-64.7228317260742
9000000.0001262,-64.622932434082
9000000.00012621,-64.5455780029297
9000000.00012621,-64.4914855957031
9000000.00012622,-64.4613494873047
9000000.00012622,-64.4558868408203
9000000.00012623,-64.4758071899414
9000000.00012623,-64.5218124389648
9000000.00012624,-64.594612121582
9000000.00012624,-64.6949234008789
9000000.00012625,-64.8234405517578
9000000.00012625,-64.9808731079102
9000000.00012626,-65.1679382324219
9000000.00012626,-65.3872604370117
9000000.00012627,-65.6618194580078
9000000.00012627,-65.9912567138672
9000000.00012628,-66.3668365478516
9000000.00012628,-66.7798004150391
9000000.00012629,-67.2213973999023
9000000.00012629,-67.6828765869141
9000000.0001263,-68.1554870605469
9000000.0001263,-68.6304702758789
9000000.00012631,-69.0990829467773
9000000.00012631,-69.5525741577148
9000000.00012632,-69.982177734375
9000000.00012632,-70.3791580200195
9000000.00012633,-70.7347564697266
9000000.00012633,-71.0751876831055
9000000.00012634,-71.4279479980469
9000000.00012634,-71.7861862182617
9000000.00012635,-72.1430740356445
9000000.00012635,-72.4917602539063
9000000.00012636,-72.8254165649414
9000000.00012636,-73.1371917724609
9000000.00012637,-73.4202499389648
9000000.00012637,-73.6677474975586
9000000.00012638,-73.8728561401367
9000000.00012638,-74.0287170410156
9000000.00012639,-74.1285095214844
9000000.00012639,-74.1653747558594
9000000.0001264,-74.1306838989258
9000000.0001264,-74.0193099975586
9000000.00012641,-73.839973449707
9000000.00012641,-73.6021499633789
9000000.00012642,-73.3153228759766
9000000.00012642,-72.9889602661133
9000000.00012643,-72.6325454711914
9000000.00012643,-72.2555465698242
9000000.00012644,-71.8674545288086
9000000.00012644,-71.4777221679688
9000000.00012645,-71.0958480834961
9000000.00012645,-70.7313003540039
9000000.00012646,-70.3935546875
9000000.00012646,-70.0890884399414
9000000.00012647,-69.786262512207
9000000.00012647,-69.4761047363281
9000000.00012648,-69.1611251831055
9000000.00012648,-68.8438339233398
9000000.00012649,-68.5267333984375
9000000.00012649,-68.2123565673828
9000000.0001265,-67.9031982421875
9000000.0001265,-67.6017761230469
9000000.00012651,-67.3106079101563
9000000.00012651,-67.0322036743164
9000000.00012652,-66.7690734863281
9000000.00012652,-66.5237274169922
9000000.00012653,-66.2986755371094
9000000.00012653,-66.0875244140625
9000000.00012654,-65.8831253051758
9000000.00012654,-65.6869049072266
9000000.00012655,-65.5002746582031
9000000.00012655,-65.3246688842773
9000000.00012656,-65.1614837646484
9000000.00012656,-65.0121612548828
9000000.00012657,-64.8781127929688
9000000.00012657,-64.7607498168945
9000000.00012658,-64.661506652832
9000000.00012658,-64.581787109375
9000000.00012659,-64.5230255126953
9000000.00012659,-64.4866256713867
9000000.0001266,-64.4714126586914
9000000.0001266,-64.4702453613281
9000000.00012661,-64.4836730957031
9000000.00012661,-64.5129089355469
9000000.00012662,-64.5591659545898
9000000.00012662,-64.6236343383789
9000000.00012663,-64.7075424194336
9000000.00012663,-64.8120803833008
9000000.00012664,-64.9384689331055
9000000.00012664,-65.0879058837891
9000000.00012665,-65.261604309082
9000000.00012665,-65.4607620239258
9000000.00012666,-65.6865997314453
9000000.00012666,-65.9410781860352
9000000.00012667,-66.2336120605469
9000000.00012667,-66.5632476806641
9000000.00012668,-66.925537109375
9000000.00012668,-67.3160705566406
9000000.00012669,-67.7304153442383
9000000.00012669,-68.1641464233398
9000000.0001267,-68.6128387451172
9000000.0001267,-69.0720596313477
9000000.00012671,-69.5373840332031
9000000.00012671,-70.0043869018555
9000000.00012672,-70.4686431884766
9000000.00012672,-70.9257278442383
9000000.00012673,-71.371208190918
9000000.00012673,-71.8319702148438
9000000.00012674,-72.3311157226563
9000000.00012674,-72.8585662841797
9000000.00012675,-73.4042282104492
9000000.00012675,-73.9580154418945
9000000.00012676,-74.5098495483398
9000000.00012676,-75.0496368408203
9000000.00012677,-75.5672988891602
9000000.00012677,-76.0527496337891
9000000.00012678,-76.4958953857422
9000000.00012678,-76.8866577148438
9000000.00012679,-77.2149505615234
9000000.00012679,-77.4706878662109
9000000.0001268,-77.649055480957
9000000.0001268,-77.7643432617188
9000000.00012681,-77.8230972290039
9000000.00012681,-77.8308563232422
9000000.00012682,-77.7931442260742
9000000.00012682,-77.7154769897461
9000000.00012683,-77.6033782958984
9000000.00012683,-77.4623870849609
9000000.00012684,-77.2980117797852
9000000.00012684,-77.1157913208008
9000000.00012685,-76.9212417602539
9000000.00012685,-76.7198944091797
9000000.00012686,-76.5172729492188
9000000.00012686,-76.3164520263672
9000000.00012687,-76.0907211303711
9000000.00012687,-75.8347473144531
9000000.00012688,-75.5529098510742
9000000.00012688,-75.2495803833008
9000000.00012689,-74.9291381835938
9000000.00012689,-74.5959701538086
9000000.0001269,-74.2544479370117
9000000.0001269,-73.9089584350586
9000000.00012691,-73.5638732910156
9000000.00012691,-73.2235717773438
9000000.00012692,-72.8924331665039
9000000.00012692,-72.5748443603516
9000000.00012693,-72.2751846313477
9000000.00012693,-71.9829711914063
9000000.00012694,-71.6862335205078
9000000.00012694,-71.3871154785156
9000000.00012695,-71.0877532958984
9000000.00012695,-70.790283203125
9000000.00012696,-70.4968338012695
9000000.00012696,-70.2095489501953
9000000.00012697,-69.9305725097656
9000000.00012697,-69.6620254516602
9000000.00012698,-69.4060516357422
9000000.00012698,-69.164794921875
9000000.00012699,-68.9403762817383
9000000.00012699,-68.7349472045898
9000000.000127,-68.5465240478516
9000000.000127,-68.3638458251953
9000000.00012701,-68.1879043579102
9000000.00012701,-68.0207061767578
9000000.00012702,-67.8642807006836
9000000.00012702,-67.7206420898438
9000000.00012703,-67.591796875
9000000.00012703,-67.4797744750977
9000000.00012704,-67.386589050293
9000000.00012704,-67.3142471313477
9000000.00012705,-67.2647705078125
9000000.00012705,-67.2401809692383
9000000.00012706,-67.2424926757813
9000000.00012706,-67.2742767333984
9000000.00012707,-67.3428726196289
9000000.00012707,-67.4465560913086
9000000.00012708,-67.5808868408203
9000000.00012708,-67.7414474487305
9000000.00012709,-67.9237976074219
9000000.00012709,-68.1235046386719
9000000.0001271,-68.3361358642578
9000000.0001271,-68.5572662353516
9000000.00012711,-68.7824630737305
9000000.00012711,-69.0073013305664
9000000.00012712,-69.2273330688477
9000000.00012712,-69.4381408691406
9000000.00012713,-69.6352920532227
9000000.00012713,-69.8390045166016
9000000.00012714,-70.0678863525391
9000000.00012714,-70.3151016235352
9000000.00012715,-70.5738067626953
9000000.00012715,-70.837158203125
9000000.00012716,-71.0983123779297
9000000.00012716,-71.3504257202148
9000000.00012717,-71.5866546630859
9000000.00012717,-71.8001556396484
9000000.00012718,-71.9840850830078
9000000.00012718,-72.1315994262695
9000000.00012719,-72.2358627319336
9000000.00012719,-72.2900238037109
9000000.0001272,-72.2900085449219
9000000.0001272,-72.243293762207
9000000.00012721,-72.1549530029297
9000000.00012721,-72.0296096801758
9000000.00012722,-71.8718643188477
9000000.00012722,-71.6863403320313
9000000.00012723,-71.4776382446289
9000000.00012723,-71.250373840332
9000000.00012724,-71.0091552734375
9000000.00012724,-70.7585983276367
9000000.00012725,-70.503303527832
9000000.00012725,-70.2478942871094
9000000.00012726,-69.9969711303711
9000000.00012726,-69.7529754638672
9000000.00012727,-69.4921569824219
9000000.00012727,-69.2100372314453
9000000.00012728,-68.9107818603516
9000000.00012728,-68.5985717773438
9000000.00012729,-68.2775802612305
9000000.00012729,-67.9519805908203
9000000.0001273,-67.6259536743164
9000000.0001273,-67.3036651611328
9000000.00012731,-66.9892959594727
9000000.00012731,-66.68701171875
9000000.00012732,-66.4010009765625
9000000.00012732,-66.1354217529297
9000000.00012733,-65.8944625854492
9000000.00012733,-65.6685409545898
9000000.00012734,-65.4465255737305
9000000.00012734,-65.2302551269531
9000000.00012735,-65.0215606689453
9000000.00012735,-64.8222885131836
9000000.00012736,-64.6342697143555
9000000.00012736,-64.4593505859375
9000000.00012737,-64.2993621826172
9000000.00012737,-64.1561431884766
9000000.00012738,-64.0315399169922
9000000.00012738,-63.927375793457
9000000.00012739,-63.8455009460449
9000000.00012739,-63.7877464294434
9000000.0001274,-63.7550430297852
9000000.0001274,-63.7449378967285
9000000.00012741,-63.7561874389648
9000000.00012741,-63.7877311706543
9000000.00012742,-63.838508605957
9000000.00012742,-63.9074554443359
9000000.00012743,-63.9935035705566
9000000.00012743,-64.0955963134766
9000000.00012744,-64.2126693725586
9000000.00012744,-64.3436584472656
9000000.00012745,-64.4874954223633
9000000.00012745,-64.6431274414063
9000000.00012746,-64.8094787597656
9000000.00012746,-64.9869384765625
9000000.00012747,-65.1920394897461
9000000.00012747,-65.4259643554688
9000000.00012748,-65.683837890625
9000000.00012748,-65.9608001708984
9000000.00012749,-66.2519760131836
9000000.00012749,-66.5525131225586
9000000.0001275,-66.857536315918
9000000.0001275,-67.1621780395508
9000000.00012751,-67.4615707397461
9000000.00012751,-67.7508544921875
9000000.00012752,-68.0251617431641
9000000.00012752,-68.2796249389648
9000000.00012753,-68.5093688964844
9000000.00012753,-68.7237243652344
9000000.00012754,-68.9344329833984
9000000.00012754,-69.1402359008789
9000000.00012755,-69.3398895263672
9000000.00012755,-69.5321502685547
9000000.00012756,-69.7157669067383
9000000.00012756,-69.8894958496094
9000000.00012757,-70.0520858764648
9000000.00012757,-70.2022857666016
9000000.00012758,-70.3388595581055
9000000.00012758,-70.4605560302734
9000000.00012759,-70.5661239624023
9000000.00012759,-70.6543121337891
9000000.0001276,-70.7234420776367
9000000.0001276,-70.7722549438477
9000000.00012761,-70.8024291992188
9000000.00012761,-70.8158187866211
9000000.00012762,-70.8142776489258
9000000.00012762,-70.7996520996094
9000000.00012763,-70.773796081543
9000000.00012763,-70.7385635375977
9000000.00012764,-70.69580078125
9000000.00012764,-70.6473541259766
9000000.00012765,-70.595085144043
9000000.00012765,-70.5408401489258
9000000.00012766,-70.4864730834961
9000000.00012766,-70.4332809448242
9000000.00012767,-70.3755493164063
9000000.00012767,-70.3115234375
9000000.00012768,-70.2415313720703
9000000.00012768,-70.1659164428711
9000000.00012769,-70.0849914550781
9000000.00012769,-69.9990921020508
9000000.0001277,-69.9085464477539
9000000.0001277,-69.8136901855469
9000000.00012771,-69.7148513793945
9000000.00012771,-69.6123504638672
9000000.00012772,-69.5065155029297
9000000.00012772,-69.3976898193359
9000000.00012773,-69.2861938476563
9000000.00012773,-69.1679992675781
9000000.00012774,-69.0400085449219
9000000.00012774,-68.9039611816406
9000000.00012775,-68.7615966796875
9000000.00012775,-68.6146545410156
9000000.00012776,-68.4648818969727
9000000.00012776,-68.3140029907227
9000000.00012777,-68.1637725830078
9000000.00012777,-68.0159225463867
9000000.00012778,-67.8721923828125
9000000.00012778,-67.7343215942383
9000000.00012779,-67.6040496826172
9000000.00012779,-67.4831161499023
9000000.0001278,-67.3684310913086
9000000.0001278,-67.2467041015625
9000000.00012781,-67.1199417114258
9000000.00012781,-66.9913711547852
9000000.00012782,-66.8642120361328
9000000.00012782,-66.74169921875
9000000.00012783,-66.6270599365234
9000000.00012783,-66.5235214233398
9000000.00012784,-66.4343109130859
9000000.00012784,-66.362663269043
9000000.00012785,-66.3118057250977
9000000.00012785,-66.2849578857422
9000000.00012786,-66.2853546142578
9000000.00012786,-66.3156127929688
9000000.00012787,-66.3697280883789
9000000.00012787,-66.444694519043
9000000.00012788,-66.5396957397461
9000000.00012788,-66.6538848876953
9000000.00012789,-66.7864532470703
9000000.00012789,-66.9365539550781
9000000.0001279,-67.1033706665039
9000000.0001279,-67.2860641479492
9000000.00012791,-67.4838027954102
9000000.00012791,-67.6957702636719
9000000.00012792,-67.9211196899414
9000000.00012792,-68.1590347290039
9000000.00012793,-68.4086837768555
9000000.00012793,-68.6943359375
9000000.00012794,-69.0333404541016
9000000.00012794,-69.4144287109375
9000000.00012795,-69.8263626098633
9000000.00012795,-70.2578811645508
9000000.00012796,-70.6977386474609
9000000.00012796,-71.1346817016602
9000000.00012797,-71.5574645996094
9000000.00012797,-71.954833984375
9000000.00012798,-72.3155364990234
9000000.00012798,-72.6283187866211
9000000.00012799,-72.8819351196289
9000000.00012799,-73.0651321411133
9000000.000128,-73.1738967895508
9000000.000128,-73.2279357910156
9000000.00012801,-73.2334671020508
9000000.00012801,-73.1952056884766
9000000.00012802,-73.1178665161133
9000000.00012802,-73.0061569213867
9000000.00012803,-72.8647842407227
9000000.00012803,-72.6984710693359
9000000.00012804,-72.5119247436523
9000000.00012804,-72.3098602294922
9000000.00012805,-72.0969848632813
9000000.00012805,-71.8780136108398
9000000.00012806,-71.6576614379883
9000000.00012806,-71.438117980957
9000000.00012807,-71.1915893554688
9000000.00012807,-70.9134521484375
9000000.00012808,-70.6092071533203
9000000.00012808,-70.2843704223633
9000000.00012809,-69.944450378418
9000000.00012809,-69.5949554443359
9000000.0001281,-69.2413864135742
9000000.0001281,-68.8892593383789
9000000.00012811,-68.5440826416016
9000000.00012811,-68.2113647460938
9000000.00012812,-67.8966064453125
9000000.00012812,-67.6053237915039
9000000.00012813,-67.3430252075195
9000000.00012813,-67.0978698730469
9000000.00012814,-66.855712890625
9000000.00012814,-66.6185913085938
9000000.00012815,-66.388542175293
9000000.00012815,-66.167594909668
9000000.00012816,-65.9577865600586
9000000.00012816,-65.7611465454102
9000000.00012817,-65.579719543457
9000000.00012817,-65.4155426025391
9000000.00012818,-65.270637512207
9000000.00012818,-65.1470565795898
9000000.00012819,-65.0468215942383
9000000.00012819,-64.9719696044922
9000000.0001282,-64.9216690063477
9000000.0001282,-64.8880462646484
9000000.00012821,-64.8712310791016
9000000.00012821,-64.8720245361328
9000000.00012822,-64.891242980957
9000000.00012822,-64.9296951293945
9000000.00012823,-64.9881973266602
9000000.00012823,-65.0675506591797
9000000.00012824,-65.168571472168
9000000.00012824,-65.2920684814453
9000000.00012825,-65.4388580322266
9000000.00012825,-65.6097412109375
9000000.00012826,-65.8055419921875
9000000.00012826,-66.0282974243164
9000000.00012827,-66.2928314208984
9000000.00012827,-66.5985946655273
9000000.00012828,-66.9396209716797
9000000.00012828,-67.3099365234375
9000000.00012829,-67.7035751342773
9000000.00012829,-68.1145706176758
9000000.0001283,-68.5369415283203
9000000.0001283,-68.9647216796875
9000000.00012831,-69.3919448852539
9000000.00012831,-69.8126373291016
9000000.00012832,-70.2208251953125
9000000.00012832,-70.6105422973633
9000000.00012833,-70.9758148193359
9000000.00012833,-71.3474349975586
9000000.00012834,-71.7528762817383
9000000.00012834,-72.1811981201172
9000000.00012835,-72.6214447021484
9000000.00012835,-73.0626831054688
9000000.00012836,-73.4939651489258
9000000.00012836,-73.9043426513672
9000000.00012837,-74.2828674316406
9000000.00012837,-74.6186065673828
9000000.00012838,-74.9005966186523
9000000.00012838,-75.1179122924805
9000000.00012839,-75.2595901489258
9000000.00012839,-75.3147048950195
9000000.0001284,-75.2721633911133
9000000.0001284,-75.13134765625
9000000.00012841,-74.9040298461914
9000000.00012841,-74.6024398803711
9000000.00012842,-74.2388076782227
9000000.00012842,-73.8253784179688
9000000.00012843,-73.3743743896484
9000000.00012843,-72.8980331420898
9000000.00012844,-72.4085845947266
9000000.00012844,-71.9182739257813
9000000.00012845,-71.4393157958984
9000000.00012845,-70.9839630126953
9000000.00012846,-70.5644378662109
9000000.00012846,-70.1891174316406
9000000.00012847,-69.8174057006836
9000000.00012847,-69.4377059936523
9000000.00012848,-69.0531845092773
9000000.00012848,-68.6669998168945
9000000.00012849,-68.2823104858398
9000000.00012849,-67.9022827148438
9000000.0001285,-67.5300674438477
9000000.0001285,-67.1688385009766
9000000.00012851,-66.8217391967773
9000000.00012851,-66.4919509887695
9000000.00012852,-66.1826171875
9000000.00012852,-65.8969039916992
9000000.00012853,-65.6379699707031
9000000.00012853,-65.399040222168
9000000.00012854,-65.1719818115234
9000000.00012854,-64.9579772949219
9000000.00012855,-64.758186340332
9000000.00012855,-64.5737686157227
9000000.00012856,-64.405891418457
9000000.00012856,-64.2557220458984
9000000.00012857,-64.1244277954102
9000000.00012857,-64.0131759643555
9000000.00012858,-63.9231300354004
9000000.00012858,-63.8554496765137
9000000.00012859,-63.8113059997559
9000000.00012859,-63.7918663024902
9000000.0001286,-63.7980003356934
9000000.0001286,-63.8289489746094
9000000.00012861,-63.8836936950684
9000000.00012861,-63.9612579345703
9000000.00012862,-64.060661315918
9000000.00012862,-64.1809234619141
9000000.00012863,-64.3210601806641
9000000.00012863,-64.4800872802734
9000000.00012864,-64.6570358276367
9000000.00012864,-64.8509216308594
9000000.00012865,-65.0607604980469
9000000.00012865,-65.2855758666992
9000000.00012866,-65.5243911743164
9000000.00012866,-65.7781524658203
9000000.00012867,-66.0693511962891
9000000.00012867,-66.3991622924805
9000000.00012868,-66.7605514526367
9000000.00012868,-67.1464767456055
9000000.00012869,-67.5498962402344
9000000.00012869,-67.9637832641602
9000000.0001287,-68.3810958862305
9000000.0001287,-68.794792175293
9000000.00012871,-69.1978454589844
9000000.00012871,-69.5832061767578
9000000.00012872,-69.9438400268555
9000000.00012872,-70.2727127075195
9000000.00012873,-70.5627822875977
9000000.00012873,-70.8263244628906
9000000.00012874,-71.0794830322266
9000000.00012874,-71.3210525512695
9000000.00012875,-71.5498123168945
9000000.00012875,-71.7645568847656
9000000.00012876,-71.9640655517578
9000000.00012876,-72.1471176147461
9000000.00012877,-72.3125152587891
9000000.00012877,-72.4590377807617
9000000.00012878,-72.5854721069336
9000000.00012878,-72.6905975341797
9000000.00012879,-72.7732086181641
9000000.00012879,-72.8320846557617
9000000.0001288,-72.8673553466797
9000000.0001288,-72.882682800293
9000000.00012881,-72.8782958984375
9000000.00012881,-72.8541030883789
9000000.00012882,-72.8100204467773
9000000.00012882,-72.745964050293
9000000.00012883,-72.6618499755859
9000000.00012883,-72.5575942993164
9000000.00012884,-72.4330978393555
9000000.00012884,-72.2882919311523
9000000.00012885,-72.1230850219727
9000000.00012885,-71.9373931884766
9000000.00012886,-71.7311248779297
9000000.00012886,-71.5024871826172
9000000.00012887,-71.2313842773438
9000000.00012887,-70.9176254272461
9000000.00012888,-70.5683898925781
9000000.00012888,-70.1908416748047
9000000.00012889,-69.7921676635742
9000000.00012889,-69.3795318603516
9000000.0001289,-68.9601135253906
9000000.0001289,-68.5410842895508
9000000.00012891,-68.1296157836914
9000000.00012891,-67.7328948974609
9000000.00012892,-67.3580780029297
9000000.00012892,-67.0123596191406
9000000.00012893,-66.7028961181641
9000000.00012893,-66.4161834716797
9000000.00012894,-66.1350708007813
9000000.00012894,-65.8612899780273
9000000.00012895,-65.5965728759766
9000000.00012895,-65.3426284790039
9000000.00012896,-65.101203918457
9000000.00012896,-64.8740081787109
9000000.00012897,-64.6627731323242
9000000.00012897,-64.4692306518555
9000000.00012898,-64.2951049804688
9000000.00012898,-64.1421203613281
9000000.00012899,-64.0120010375977
9000000.00012899,-63.9064750671387
9000000.000129,-63.826000213623
9000000.000129,-63.7671241760254
9000000.00012901,-63.7290115356445
9000000.00012901,-63.711109161377
9000000.00012902,-63.7128639221191
9000000.00012902,-63.7337188720703
9000000.00012903,-63.7731170654297
9000000.00012903,-63.8305015563965
9000000.00012904,-63.9053230285645
9000000.00012904,-63.9970245361328
9000000.00012905,-64.1050491333008
9000000.00012905,-64.2288360595703
9000000.00012906,-64.3678436279297
9000000.00012906,-64.5226669311523
9000000.00012907,-64.7067642211914
9000000.00012907,-64.9208145141602
9000000.00012908,-65.1605758666992
9000000.00012908,-65.4218139648438
9000000.00012909,-65.7002716064453
9000000.00012909,-65.9917144775391
9000000.0001291,-66.2919006347656
9000000.0001291,-66.5965805053711
9000000.00012911,-66.9015274047852
9000000.00012911,-67.2024765014648
9000000.00012912,-67.4952087402344
9000000.00012912,-67.7754669189453
9000000.00012913,-68.0390090942383
9000000.00012913,-68.2989044189453
9000000.00012914,-68.568717956543
9000000.00012914,-68.8449554443359
9000000.00012915,-69.124137878418
9000000.00012915,-69.4027709960938
9000000.00012916,-69.6773681640625
9000000.00012916,-69.9444274902344
9000000.00012917,-70.2004776000977
9000000.00012917,-70.442024230957
9000000.00012918,-70.6655731201172
9000000.00012918,-70.8676376342773
9000000.00012919,-71.0447311401367
9000000.00012919,-71.1933670043945
9000000.0001292,-71.3120346069336
9000000.0001292,-71.406135559082
9000000.00012921,-71.4777984619141
9000000.00012921,-71.5287704467773
9000000.00012922,-71.5607833862305
9000000.00012922,-71.575569152832
9000000.00012923,-71.5748825073242
9000000.00012923,-71.5604400634766
9000000.00012924,-71.5339965820313
9000000.00012924,-71.4972763061523
9000000.00012925,-71.452033996582
9000000.00012925,-71.3999862670898
9000000.00012926,-71.3428802490234
9000000.00012926,-71.2816543579102
9000000.00012927,-71.2074966430664
9000000.00012927,-71.1187286376953
9000000.00012928,-71.0168685913086
9000000.00012928,-70.903434753418
9000000.00012929,-70.7799453735352
9000000.00012929,-70.6479263305664
9000000.0001293,-70.5088882446289
9000000.0001293,-70.3643569946289
9000000.00012931,-70.2158584594727
9000000.00012931,-70.0649032592773
9000000.00012932,-69.9130096435547
9000000.00012932,-69.7617034912109
9000000.00012933,-69.6125106811523
9000000.00012933,-69.4581909179688
9000000.00012934,-69.2921829223633
9000000.00012934,-69.1169662475586
9000000.00012935,-68.9350357055664
9000000.00012935,-68.7488632202148
9000000.00012936,-68.5609436035156
9000000.00012936,-68.3737640380859
9000000.00012937,-68.1898040771484
9000000.00012937,-68.0115585327148
9000000.00012938,-67.8415145874023
9000000.00012938,-67.6821441650391
9000000.00012939,-67.5359497070313
9000000.00012939,-67.4054107666016
9000000.0001294,-67.2871017456055
9000000.0001294,-67.1647720336914
9000000.00012941,-67.0404891967773
9000000.00012941,-66.9178009033203
9000000.00012942,-66.8002777099609
9000000.00012942,-66.6914596557617
9000000.00012943,-66.5949020385742
9000000.00012943,-66.5141754150391
9000000.00012944,-66.4528274536133
9000000.00012944,-66.4144134521484
9000000.00012945,-66.4024887084961
9000000.00012945,-66.4206085205078
9000000.00012946,-66.4723358154297
9000000.00012946,-66.5578842163086
9000000.00012947,-66.6393737792969
9000000.00012947,-66.7130966186523
9000000.00012948,-66.789176940918
9000000.00012948,-66.8777313232422
9000000.00012949,-66.988883972168
9000000.00012949,-67.1327590942383
9000000.0001295,-67.3194885253906
9000000.0001295,-67.5591812133789
9000000.00012951,-67.8619689941406
9000000.00012951,-68.2379684448242
9000000.00012952,-68.6973037719727
9000000.00012952,-69.2500991821289
9000000.00012953,-69.9064788818359
9000000.00012953,-70.7522583007813
9000000.00012954,-71.8341064453125
9000000.00012954,-73.1034393310547
9000000.00012955,-74.5116653442383
9000000.00012955,-76.0102005004883
9000000.00012956,-77.5504608154297
9000000.00012956,-79.083854675293
9000000.00012957,-80.5617980957031
9000000.00012957,-81.9357070922852
9000000.00012958,-83.1569900512695
9000000.00012958,-84.1770706176758
9000000.00012959,-84.9473419189453
9000000.00012959,-85.4192428588867
9000000.0001296,-85.5590667724609
9000000.0001296,-85.4066390991211
9000000.00012961,-85.0019226074219
9000000.00012961,-84.3827285766602
9000000.00012962,-83.5868911743164
9000000.00012962,-82.6522369384766
9000000.00012963,-81.6165924072266
9000000.00012963,-80.5177764892578
9000000.00012964,-79.3936233520508
9000000.00012964,-78.2819442749023
9000000.00012965,-77.2205810546875
9000000.00012965,-76.2473526000977
9000000.00012966,-75.4000854492188
9000000.00012966,-74.7070007324219
9000000.00012967,-74.0700149536133
9000000.00012967,-73.4536209106445
9000000.00012968,-72.8579254150391
9000000.00012968,-72.2830123901367
9000000.00012969,-71.7289733886719
9000000.00012969,-71.1959075927734
9000000.0001297,-70.6839141845703
9000000.0001297,-70.1930770874023
9000000.00012971,-69.7234878540039
9000000.00012971,-69.275260925293
9000000.00012972,-68.8484649658203
9000000.00012972,-68.4432144165039
9000000.00012973,-68.0595855712891
9000000.00012973,-67.6968231201172
9000000.00012974,-67.3542861938477
9000000.00012974,-67.0322875976563
9000000.00012975,-66.7311477661133
9000000.00012975,-66.4511795043945
9000000.00012976,-66.1926879882813
9000000.00012976,-65.9559860229492
9000000.00012977,-65.7413940429688
9000000.00012977,-65.5492248535156
9000000.00012978,-65.3797760009766
9000000.00012978,-65.2333755493164
9000000.00012979,-65.1103286743164
9000000.00012979,-65.0109558105469
9000000.0001298,-64.9336547851563
9000000.0001298,-64.8731918334961
9000000.00012981,-64.8307495117188
9000000.00012981,-64.8080062866211
9000000.00012982,-64.8066482543945
9000000.00012982,-64.8283615112305
9000000.00012983,-64.8748321533203
9000000.00012983,-64.9477386474609
9000000.00012984,-65.0487594604492
9000000.00012984,-65.1795883178711
9000000.00012985,-65.341911315918
9000000.00012985,-65.5373992919922
9000000.00012986,-65.7677383422852
9000000.00012986,-66.0361251831055
9000000.00012987,-66.3609237670898
9000000.00012987,-66.740837097168
9000000.00012988,-67.167854309082
9000000.00012988,-67.6339645385742
9000000.00012989,-68.1311416625977
9000000.00012989,-68.6513671875
9000000.0001299,-69.1866302490234
9000000.0001299,-69.7289047241211
9000000.00012991,-70.2701797485352
9000000.00012991,-70.8024368286133
9000000.00012992,-71.3176498413086
9000000.00012992,-71.8078079223633
9000000.00012993,-72.264892578125
9000000.00012993,-72.725944519043
9000000.00012994,-73.2249526977539
9000000.00012994,-73.7493057250977
9000000.00012995,-74.2864074707031
9000000.00012995,-74.8236541748047
9000000.00012996,-75.3484344482422
9000000.00012996,-75.8481597900391
9000000.00012997,-76.3102264404297
9000000.00012997,-76.7220230102539
9000000.00012998,-77.0709457397461
9000000.00012998,-77.3444061279297
9000000.00012999,-77.52978515625
9000000.00012999,-77.6144866943359
9000000.00013,-77.58544921875
9000000.00013,-77.4410781860352
9000000.00013001,-77.1951675415039
9000000.00013001,-76.8621597290039
9000000.00013002,-76.4564590454102
9000000.00013002,-75.9925003051758
9000000.00013003,-75.4846954345703
9000000.00013003,-74.9474716186523
9000000.00013004,-74.3952560424805
9000000.00013004,-73.8424530029297
9000000.00013005,-73.3035049438477
9000000.00013005,-72.7928237915039
9000000.00013006,-72.324836730957
9000000.00013006,-71.9096984863281
9000000.00013007,-71.5030136108398
9000000.00013007,-71.0911407470703
9000000.00013008,-70.6765975952148
9000000.00013008,-70.2618942260742
9000000.00013009,-69.8495483398438
9000000.00013009,-69.4420547485352
9000000.0001301,-69.0419387817383
9000000.0001301,-68.6516952514648
9000000.00013011,-68.2738494873047
9000000.00013011,-67.9109115600586
9000000.00013012,-67.5653839111328
9000000.00013012,-67.2397766113281
9000000.00013013,-66.9366073608398
9000000.00013013,-66.6513290405273
9000000.00013014,-66.3780899047852
9000000.00013014,-66.1173934936523
9000000.00013015,-65.869743347168
9000000.00013015,-65.6356506347656
9000000.00013016,-65.4156341552734
9000000.00013016,-65.2101974487305
9000000.00013017,-65.0198516845703
9000000.00013017,-64.845100402832
9000000.00013018,-64.6864547729492
9000000.00013018,-64.54443359375
9000000.00013019,-64.4195404052734
9000000.00013019,-64.3122863769531
9000000.0001302,-64.2238159179688
9000000.0001302,-64.155876159668
9000000.00013021,-64.107421875
9000000.00013021,-64.0772247314453
9000000.00013022,-64.0640411376953
9000000.00013022,-64.0666275024414
9000000.00013023,-64.0837631225586
9000000.00013023,-64.1142044067383
9000000.00013024,-64.1567001342773
9000000.00013024,-64.2100372314453
9000000.00013025,-64.2729568481445
9000000.00013025,-64.34423828125
9000000.00013026,-64.4226303100586
9000000.00013026,-64.5079498291016
9000000.00013027,-64.6119689941406
9000000.00013027,-64.735954284668
9000000.00013028,-64.8768844604492
9000000.00013028,-65.03173828125
9000000.00013029,-65.1974716186523
9000000.00013029,-65.3710784912109
9000000.0001303,-65.5495147705078
9000000.0001303,-65.7297668457031
9000000.00013031,-65.9087982177734
9000000.00013031,-66.0835876464844
9000000.00013032,-66.251106262207
9000000.00013032,-66.408332824707
9000000.00013033,-66.5522308349609
9000000.00013033,-66.6923980712891
9000000.00013034,-66.8386993408203
9000000.00013034,-66.9885101318359
9000000.00013035,-67.1392059326172
9000000.00013035,-67.2881698608398
9000000.00013036,-67.4327774047852
9000000.00013036,-67.5704116821289
9000000.00013037,-67.6984481811523
9000000.00013037,-67.8142700195313
9000000.00013038,-67.9152526855469
9000000.00013038,-67.9987716674805
9000000.00013039,-68.0622100830078
9000000.00013039,-68.1029510498047
9000000.0001304,-68.1196670532227
9000000.0001304,-68.1158752441406
9000000.00013041,-68.0933380126953
9000000.00013041,-68.0535659790039
9000000.00013042,-67.9980697631836
9000000.00013042,-67.9283599853516
9000000.00013043,-67.845947265625
9000000.00013043,-67.7523498535156
9000000.00013044,-67.6490783691406
9000000.00013044,-67.5376358032227
9000000.00013045,-67.419548034668
9000000.00013045,-67.2963104248047
9000000.00013046,-67.1694412231445
9000000.00013046,-67.0393295288086
9000000.00013047,-66.8933334350586
9000000.00013047,-66.7299270629883
9000000.00013048,-66.5521850585938
9000000.00013048,-66.3631896972656
9000000.00013049,-66.1660232543945
9000000.00013049,-65.9637680053711
9000000.0001305,-65.7594985961914
9000000.0001305,-65.5563049316406
9000000.00013051,-65.3572540283203
9000000.00013051,-65.1654357910156
9000000.00013052,-64.9839324951172
9000000.00013052,-64.8158187866211
9000000.00013053,-64.664176940918
9000000.00013053,-64.5211944580078
9000000.00013054,-64.3781356811523
9000000.00013054,-64.2367324829102
9000000.00013055,-64.0987014770508
9000000.00013055,-63.965763092041
9000000.00013056,-63.8396453857422
9000000.00013056,-63.7220726013184
9000000.00013057,-63.6147613525391
9000000.00013057,-63.5194358825684
9000000.00013058,-63.4378242492676
9000000.00013058,-63.3716430664063
9000000.00013059,-63.3226165771484
9000000.00013059,-63.2924652099609
9000000.0001306,-63.2808570861816
9000000.0001306,-63.2821464538574
9000000.00013061,-63.2961387634277
9000000.00013061,-63.3231315612793
9000000.00013062,-63.3634147644043
9000000.00013062,-63.4172782897949
9000000.00013063,-63.4850196838379
9000000.00013063,-63.5669326782227
9000000.00013064,-63.6633033752441
9000000.00013064,-63.7744331359863
9000000.00013065,-63.9006118774414
9000000.00013065,-64.0421295166016
9000000.00013066,-64.1992797851563
9000000.00013066,-64.3731384277344
9000000.00013067,-64.5729141235352
9000000.00013067,-64.798469543457
9000000.00013068,-65.0462875366211
9000000.00013068,-65.3128356933594
9000000.00013069,-65.5945892333984
9000000.00013069,-65.8880386352539
9000000.0001307,-66.1896591186523
9000000.0001307,-66.4959182739258
9000000.00013071,-66.8032989501953
9000000.00013071,-67.108283996582
9000000.00013072,-67.407341003418
9000000.00013072,-67.6969528198242
9000000.00013073,-67.9736022949219
9000000.00013073,-68.2532730102539
9000000.00013074,-68.5507202148438
9000000.00013074,-68.8605346679688
9000000.00013075,-69.1773223876953
9000000.00013075,-69.4956741333008
9000000.00013076,-69.810188293457
9000000.00013076,-70.1154708862305
9000000.00013077,-70.4061050415039
9000000.00013077,-70.6766967773438
9000000.00013078,-70.9218444824219
9000000.00013078,-71.1361389160156
9000000.00013079,-71.3141937255859
9000000.00013079,-71.4505844116211
9000000.0001308,-71.5423431396484
9000000.0001308,-71.5960006713867
9000000.00013081,-71.6153793334961
9000000.00013081,-71.6038818359375
9000000.00013082,-71.5649032592773
9000000.00013082,-71.5018310546875
9000000.00013083,-71.4180603027344
9000000.00013083,-71.3169860839844
9000000.00013084,-71.2020034790039
9000000.00013084,-71.0764999389648
9000000.00013085,-70.9438629150391
9000000.00013085,-70.807502746582
9000000.00013086,-70.6707992553711
9000000.00013086,-70.5354537963867
9000000.00013087,-70.3827743530273
9000000.00013087,-70.2094497680664
9000000.00013088,-70.0189743041992
9000000.00013088,-69.8148498535156
9000000.00013089,-69.6005706787109
9000000.00013089,-69.379638671875
9000000.0001309,-69.1555480957031
9000000.0001309,-68.9317932128906
9000000.00013091,-68.7118835449219
9000000.00013091,-68.4992980957031
9000000.00013092,-68.2975463867188
9000000.00013092,-68.1101226806641
9000000.00013093,-67.9405288696289
9000000.00013093,-67.7810897827148
9000000.00013094,-67.6227111816406
9000000.00013094,-67.4667739868164
9000000.00013095,-67.3146362304688
9000000.00013095,-67.1676712036133
9000000.00013096,-67.0272445678711
9000000.00013096,-66.8947296142578
9000000.00013097,-66.771484375
9000000.00013097,-66.6588897705078
9000000.00013098,-66.5583038330078
9000000.00013098,-66.4710998535156
9000000.00013099,-66.3986434936523
9000000.00013099,-66.3423004150391
9000000.000131,-66.2997207641602
9000000.000131,-66.2606658935547
9000000.00013101,-66.2266387939453
9000000.00013101,-66.2000961303711
9000000.00013102,-66.1835021972656
9000000.00013102,-66.1793212890625
9000000.00013103,-66.1900024414063
9000000.00013103,-66.2180099487305
9000000.00013104,-66.2658004760742
9000000.00013104,-66.3358306884766
9000000.00013105,-66.4305725097656
9000000.00013105,-66.5524749755859
9000000.00013106,-66.7040023803711
9000000.00013106,-66.8879165649414
9000000.00013107,-67.108772277832
9000000.00013107,-67.3644180297852
9000000.00013108,-67.6509857177734
9000000.00013108,-67.9646301269531
9000000.00013109,-68.3014907836914
9000000.00013109,-68.6577224731445
9000000.0001311,-69.0294570922852
9000000.0001311,-69.4128494262695
9000000.00013111,-69.8040466308594
9000000.00013111,-70.1991882324219
9000000.00013112,-70.5944213867188
9000000.00013112,-70.9858856201172
9000000.00013113,-71.369743347168
9000000.00013113,-71.7800674438477
9000000.00013114,-72.2442092895508
9000000.00013114,-72.7481918334961
9000000.00013115,-73.2780303955078
9000000.00013115,-73.8197326660156
9000000.00013116,-74.3593368530273
9000000.00013116,-74.8828430175781
9000000.00013117,-75.3762817382813
9000000.00013117,-75.8256759643555
9000000.00013118,-76.2170333862305
9000000.00013118,-76.536376953125
9000000.00013119,-76.7697219848633
9000000.00013119,-76.9030990600586
9000000.0001312,-76.9239730834961
9000000.0001312,-76.8360366821289
9000000.00013121,-76.6530303955078
9000000.00013121,-76.3888397216797
9000000.00013122,-76.0573654174805
9000000.00013122,-75.6725006103516
9000000.00013123,-75.2481384277344
9000000.00013123,-74.7981719970703
9000000.00013124,-74.3364944458008
9000000.00013124,-73.8769989013672
9000000.00013125,-73.4335861206055
9000000.00013125,-73.020133972168
9000000.00013126,-72.6505584716797
9000000.00013126,-72.3347244262695
9000000.00013127,-72.0309371948242
9000000.00013127,-71.7260818481445
9000000.00013128,-71.4221878051758
9000000.00013128,-71.1213073730469
9000000.00013129,-70.8254699707031
9000000.00013129,-70.5367126464844
9000000.0001313,-70.257080078125
9000000.0001313,-69.9886016845703
9000000.00013131,-69.7333221435547
9000000.00013131,-69.493278503418
9000000.00013132,-69.2705001831055
9000000.00013132,-69.0670394897461
9000000.00013133,-68.8849182128906
9000000.00013133,-68.7232360839844
9000000.00013134,-68.5790863037109
9000000.00013134,-68.451545715332
9000000.00013135,-68.3396759033203
9000000.00013135,-68.242546081543
9000000.00013136,-68.1592254638672
9000000.00013136,-68.0887908935547
9000000.00013137,-68.0303039550781
9000000.00013137,-67.9828338623047
9000000.00013138,-67.9454498291016
9000000.00013138,-67.9172210693359
9000000.00013139,-67.897216796875
9000000.00013139,-67.8845062255859
9000000.0001314,-67.8787536621094
9000000.0001314,-67.8815689086914
9000000.00013141,-67.8934707641602
9000000.00013141,-67.9148483276367
9000000.00013142,-67.9461135864258
9000000.00013142,-67.987663269043
9000000.00013143,-68.0398788452148
9000000.00013143,-68.1031723022461
9000000.00013144,-68.1779403686523
9000000.00013144,-68.2645645141602
9000000.00013145,-68.3634643554688
9000000.00013145,-68.4750213623047
9000000.00013146,-68.5996322631836
9000000.00013146,-68.7381820678711
9000000.00013147,-68.8963928222656
9000000.00013147,-69.0739898681641
9000000.00013148,-69.2685852050781
9000000.00013148,-69.4777908325195
9000000.00013149,-69.6992111206055
9000000.00013149,-69.9304656982422
9000000.0001315,-70.1691741943359
9000000.0001315,-70.4129333496094
9000000.00013151,-70.6593627929688
9000000.00013151,-70.9060745239258
9000000.00013152,-71.1506805419922
9000000.00013152,-71.3907928466797
9000000.00013153,-71.6240310668945
9000000.00013153,-71.8691711425781
9000000.00013154,-72.1415939331055
9000000.00013154,-72.4337615966797
9000000.00013155,-72.7381439208984
9000000.00013155,-73.0472183227539
9000000.00013156,-73.3534545898438
9000000.00013156,-73.6493225097656
9000000.00013157,-73.9272994995117
9000000.00013157,-74.1798400878906
9000000.00013158,-74.3994369506836
9000000.00013158,-74.5785446166992
9000000.00013159,-74.7096481323242
9000000.00013159,-74.7852096557617
9000000.0001316,-74.8012924194336
9000000.0001316,-74.7676010131836
9000000.00013161,-74.689323425293
9000000.00013161,-74.570930480957
9000000.00013162,-74.4169235229492
9000000.00013162,-74.231803894043
9000000.00013163,-74.0200576782227
9000000.00013163,-73.7861785888672
9000000.00013164,-73.53466796875
9000000.00013164,-73.2700042724609
9000000.00013165,-72.996696472168
9000000.00013165,-72.7192306518555
9000000.00013166,-72.4421005249023
9000000.00013166,-72.167350769043
9000000.00013167,-71.8679275512695
9000000.00013167,-71.5394134521484
9000000.00013168,-71.1872634887695
9000000.00013168,-70.8169174194336
9000000.00013169,-70.4338150024414
9000000.00013169,-70.0434112548828
9000000.0001317,-69.6511459350586
9000000.0001317,-69.2624664306641
9000000.00013171,-68.8828277587891
9000000.00013171,-68.5176620483398
9000000.00013172,-68.1724243164063
9000000.00013172,-67.8525543212891
9000000.00013173,-67.5635070800781
9000000.00013173,-67.2940444946289
9000000.00013174,-67.0305099487305
9000000.00013174,-66.7746734619141
9000000.00013175,-66.5283203125
9000000.00013175,-66.2932357788086
9000000.00013176,-66.0711975097656
9000000.00013176,-65.8639907836914
9000000.00013177,-65.6734008789063
9000000.00013177,-65.5012054443359
9000000.00013178,-65.3491897583008
9000000.00013178,-65.2191314697266
9000000.00013179,-65.1128158569336
9000000.00013179,-65.0320205688477
9000000.0001318,-64.9767532348633
9000000.0001318,-64.9421615600586
9000000.00013181,-64.9277572631836
9000000.00013181,-64.933464050293
9000000.00013182,-64.9592056274414
9000000.00013182,-65.0049133300781
9000000.00013183,-65.0705108642578
9000000.00013183,-65.1559143066406
9000000.00013184,-65.2610702514648
9000000.00013184,-65.3858795166016
9000000.00013185,-65.5302886962891
9000000.00013185,-65.6942138671875
9000000.00013186,-65.8775787353516
9000000.00013186,-66.0821838378906
9000000.00013187,-66.3300399780273
9000000.00013187,-66.6215057373047
9000000.00013188,-66.9488754272461
9000000.00013188,-67.3044509887695
9000000.00013189,-67.6805267333984
9000000.00013189,-68.0694122314453
9000000.0001319,-68.4634017944336
9000000.0001319,-68.8547897338867
9000000.00013191,-69.2358856201172
9000000.00013191,-69.5989761352539
9000000.00013192,-69.9363708496094
9000000.00013192,-70.2403564453125
9000000.00013193,-70.5032501220703
9000000.00013193,-70.7384338378906
9000000.00013194,-70.9635696411133
9000000.00013194,-71.1773300170898
9000000.00013195,-71.37841796875
9000000.00013195,-71.5655136108398
9000000.00013196,-71.7372970581055
9000000.00013196,-71.892463684082
9000000.00013197,-72.0297012329102
9000000.00013197,-72.1476898193359
9000000.00013198,-72.2451171875
9000000.00013198,-72.320671081543
9000000.00013199,-72.373046875
9000000.00013199,-72.4009094238281
9000000.000132,-72.4009246826172
9000000.000132,-72.3674163818359
9000000.00013201,-72.3034133911133
9000000.00013201,-72.2125396728516
9000000.00013202,-72.0984268188477
9000000.00013202,-71.964714050293
9000000.00013203,-71.8150177001953
9000000.00013203,-71.6529769897461
9000000.00013204,-71.4822158813477
9000000.00013204,-71.3063659667969
9000000.00013205,-71.1290588378906
9000000.00013205,-70.9539184570313
9000000.00013206,-70.7845764160156
9000000.00013206,-70.6232376098633
9000000.00013207,-70.4545516967773
9000000.00013207,-70.275032043457
9000000.00013208,-70.0867919921875
9000000.00013208,-69.8919219970703
9000000.00013209,-69.6925430297852
9000000.00013209,-69.4907455444336
9000000.0001321,-69.2886428833008
9000000.0001321,-69.0883407592773
9000000.00013211,-68.8919372558594
9000000.00013211,-68.701545715332
9000000.00013212,-68.5192642211914
9000000.00013212,-68.3472061157227
9000000.00013213,-68.1874694824219
9000000.00013213,-68.0353317260742
9000000.00013214,-67.88525390625
9000000.00013214,-67.7381134033203
9000000.00013215,-67.5947799682617
9000000.00013215,-67.4561309814453
9000000.00013216,-67.3230438232422
9000000.00013216,-67.1963882446289
9000000.00013217,-67.077033996582
9000000.00013217,-66.9658660888672
9000000.00013218,-66.8637542724609
9000000.00013218,-66.7715682983398
9000000.00013219,-66.6901931762695
9000000.00013219,-66.620491027832
9000000.0001322,-66.5605163574219
9000000.0001322,-66.5025177001953
9000000.00013221,-66.4477996826172
9000000.00013221,-66.3984069824219
9000000.00013222,-66.3563919067383
9000000.00013222,-66.3237838745117
9000000.00013223,-66.3026275634766
9000000.00013223,-66.2949752807617
9000000.00013224,-66.3028564453125
9000000.00013224,-66.3283233642578
9000000.00013225,-66.373420715332
9000000.00013225,-66.4401779174805
9000000.00013226,-66.5306549072266
9000000.00013226,-66.6434326171875
9000000.00013227,-66.7388381958008
9000000.00013227,-66.8144836425781
9000000.00013228,-66.8825302124023
9000000.00013228,-66.9551162719727
9000000.00013229,-67.0443878173828
9000000.00013229,-67.1624908447266
9000000.0001323,-67.3215789794922
9000000.0001323,-67.5337905883789
9000000.00013231,-67.8112716674805
9000000.00013231,-68.1661682128906
9000000.00013232,-68.6106262207031
9000000.00013232,-69.1567993164063
9000000.00013233,-69.8168182373047
9000000.00013233,-70.6744766235352
9000000.00013234,-71.7727966308594
9000000.00013234,-73.0628204345703
9000000.00013235,-74.4955902099609
9000000.00013235,-76.0221405029297
9000000.00013236,-77.593505859375
9000000.00013236,-79.1607208251953
9000000.00013237,-80.6748352050781
9000000.00013237,-82.0868835449219
9000000.00013238,-83.3478927612305
9000000.00013238,-84.4089050292969
9000000.00013239,-85.2209701538086
9000000.00013239,-85.735107421875
9000000.0001324,-85.9193572998047
9000000.0001324,-85.8192901611328
9000000.00013241,-85.4736022949219
9000000.00013241,-84.9182968139648
9000000.00013242,-84.1893997192383
9000000.00013242,-83.3229064941406
9000000.00013243,-82.3548355102539
9000000.00013243,-81.3212051391602
9000000.00013244,-80.2580108642578
9000000.00013244,-79.201286315918
9000000.00013245,-78.1870269775391
9000000.00013245,-77.2512435913086
9000000.00013246,-76.4299621582031
9000000.00013246,-75.7496490478516
9000000.00013247,-75.1122283935547
9000000.00013247,-74.4838485717773
9000000.00013248,-73.8662567138672
9000000.00013248,-73.2611846923828
9000000.00013249,-72.6703872680664
9000000.00013249,-72.095588684082
9000000.0001325,-71.5385513305664
9000000.0001325,-71.0009994506836
9000000.00013251,-70.4846878051758
9000000.00013251,-69.9913558959961
9000000.00013252,-69.5227432250977
9000000.00013252,-69.0805892944336
9000000.00013253,-68.6666412353516
9000000.00013253,-68.2787399291992
9000000.00013254,-67.9134674072266
9000000.00013254,-67.5707015991211
9000000.00013255,-67.2503204345703
9000000.00013255,-66.9522018432617
9000000.00013256,-66.6762161254883
9000000.00013256,-66.4222412109375
9000000.00013257,-66.1901473999023
9000000.00013257,-65.9798202514648
9000000.00013258,-65.7911224365234
9000000.00013258,-65.6239395141602
9000000.00013259,-65.4781494140625
9000000.00013259,-65.3536148071289
9000000.0001326,-65.2500839233398
9000000.0001326,-65.1671981811523
9000000.00013261,-65.1051940917969
9000000.00013261,-65.0643463134766
9000000.00013262,-65.0449371337891
9000000.00013262,-65.047233581543
9000000.00013263,-65.0715179443359
9000000.00013263,-65.1180725097656
9000000.00013264,-65.1871643066406
9000000.00013264,-65.2790832519531
9000000.00013265,-65.3940963745117
9000000.00013265,-65.5324859619141
9000000.00013266,-65.6945190429688
9000000.00013266,-65.8805618286133
9000000.00013267,-66.0915756225586
9000000.00013267,-66.3273239135742
9000000.00013268,-66.5872116088867
9000000.00013268,-66.8706359863281
9000000.00013269,-67.1770172119141
9000000.00013269,-67.505744934082
9000000.0001327,-67.8562316894531
9000000.0001327,-68.2278823852539
9000000.00013271,-68.6200942993164
9000000.00013271,-69.0322875976563
9000000.00013272,-69.4638442993164
9000000.00013272,-69.914192199707
9000000.00013273,-70.3827209472656
9000000.00013273,-70.9047546386719
9000000.00013274,-71.5048065185547
9000000.00013274,-72.1661148071289
9000000.00013275,-72.8718948364258
9000000.00013275,-73.6053619384766
9000000.00013276,-74.3497467041016
9000000.00013276,-75.0882720947266
9000000.00013277,-75.8041534423828
9000000.00013277,-76.4806137084961
9000000.00013278,-77.1008758544922
9000000.00013278,-77.6481704711914
9000000.00013279,-78.1057052612305
9000000.00013279,-78.4567031860352
9000000.0001328,-78.6930389404297
9000000.0001328,-78.8381195068359
9000000.00013281,-78.902946472168
9000000.00013281,-78.8968505859375
9000000.00013282,-78.8291702270508
9000000.00013282,-78.7092208862305
9000000.00013283,-78.5463485717773
9000000.00013283,-78.3498764038086
9000000.00013284,-78.1291351318359
9000000.00013284,-77.8934555053711
9000000.00013285,-77.6521682739258
9000000.00013285,-77.4145965576172
9000000.00013286,-77.1900863647461
9000000.00013286,-76.9847946166992
9000000.00013287,-76.7651443481445
9000000.00013287,-76.5222702026367
9000000.00013288,-76.2594909667969
9000000.00013288,-75.9801483154297
9000000.00013289,-75.6875686645508
9000000.00013289,-75.3850860595703
9000000.0001329,-75.0760345458984
9000000.0001329,-74.7637405395508
9000000.00013291,-74.4515380859375
9000000.00013291,-74.1427612304688
9000000.00013292,-73.8407363891602
9000000.00013292,-73.5488052368164
9000000.00013293,-73.2702865600586
9000000.00013293,-72.9961547851563
9000000.00013294,-72.7165679931641
9000000.00013294,-72.4336853027344
9000000.00013295,-72.1496429443359
9000000.00013295,-71.866584777832
9000000.00013296,-71.586669921875
9000000.00013296,-71.3120346069336
9000000.00013297,-71.0448226928711
9000000.00013297,-70.7871856689453
9000000.00013298,-70.5412673950195
9000000.00013298,-70.309211730957
9000000.00013299,-70.0931701660156
9000000.00013299,-69.8952789306641
9000000.000133,-69.714111328125
9000000.000133,-69.5398559570313
9000000.00013301,-69.3730621337891
9000000.00013301,-69.2151794433594
9000000.00013302,-69.0676498413086
9000000.00013302,-68.9319305419922
9000000.00013303,-68.8094482421875
9000000.00013303,-68.7016677856445
9000000.00013304,-68.6100082397461
9000000.00013304,-68.5359344482422
9000000.00013305,-68.4808883666992
9000000.00013305,-68.4463043212891
9000000.00013306,-68.4336395263672
9000000.00013306,-68.4449005126953
9000000.00013307,-68.4874114990234
9000000.00013307,-68.5599670410156
9000000.00013308,-68.6586608886719
9000000.00013308,-68.7795867919922
9000000.00013309,-68.9188461303711
9000000.00013309,-69.0725402832031
9000000.0001331,-69.2367630004883
9000000.0001331,-69.4076080322266
9000000.00013311,-69.581184387207
9000000.00013311,-69.7535858154297
9000000.00013312,-69.9209060668945
9000000.00013312,-70.0792465209961
9000000.00013313,-70.2247085571289
9000000.00013313,-70.3709335327148
9000000.00013314,-70.531494140625
9000000.00013314,-70.7024002075195
9000000.00013315,-70.879638671875
9000000.00013315,-71.0592193603516
9000000.00013316,-71.2371292114258
9000000.00013316,-71.4093780517578
9000000.00013317,-71.5719528198242
9000000.00013317,-71.7208633422852
9000000.00013318,-71.8521041870117
9000000.00013318,-71.9616622924805
9000000.00013319,-72.0455551147461
9000000.00013319,-72.0997695922852
9000000.0001332,-72.121826171875
9000000.0001332,-72.1157760620117
9000000.00013321,-72.0847015380859
9000000.00013321,-72.0314102172852
9000000.00013322,-71.9587020874023
9000000.00013322,-71.869384765625
9000000.00013323,-71.7662887573242
9000000.00013323,-71.6521987915039
9000000.00013324,-71.5299453735352
9000000.00013324,-71.4023208618164
9000000.00013325,-71.2721557617188
9000000.00013325,-71.1422424316406
9000000.00013326,-71.0153961181641
9000000.00013326,-70.8932647705078
9000000.00013327,-70.7632904052734
9000000.00013327,-70.6227569580078
9000000.00013328,-70.4735412597656
9000000.00013328,-70.317512512207
9000000.00013329,-70.1565399169922
9000000.00013329,-69.9924850463867
9000000.0001333,-69.8272247314453
9000000.0001333,-69.6626358032227
9000000.00013331,-69.5005722045898
9000000.00013331,-69.3429183959961
9000000.00013332,-69.1915283203125
9000000.00013332,-69.0482864379883
9000000.00013333,-68.9150543212891
9000000.00013333,-68.7873229980469
9000000.00013334,-68.6599578857422
9000000.00013334,-68.5338821411133
9000000.00013335,-68.410041809082
9000000.00013335,-68.2893524169922
9000000.00013336,-68.1727600097656
9000000.00013336,-68.0611801147461
9000000.00013337,-67.9555587768555
9000000.00013337,-67.8568115234375
9000000.00013338,-67.7658843994141
9000000.00013338,-67.6837005615234
9000000.00013339,-67.6111907958984
9000000.00013339,-67.5492858886719
9000000.0001334,-67.4970550537109
9000000.0001334,-67.4493713378906
9000000.00013341,-67.4067306518555
9000000.00013341,-67.3701019287109
9000000.00013342,-67.3404312133789
9000000.00013342,-67.3186798095703
9000000.00013343,-67.3058166503906
9000000.00013343,-67.3027954101563
9000000.00013344,-67.3105773925781
9000000.00013344,-67.3301239013672
9000000.00013345,-67.3623886108398
9000000.00013345,-67.4083404541016
9000000.00013346,-67.4689331054688
9000000.00013346,-67.5456085205078
9000000.00013347,-67.6444091796875
9000000.00013347,-67.7645416259766
9000000.00013348,-67.9029922485352
9000000.00013348,-68.0567626953125
9000000.00013349,-68.2228469848633
9000000.00013349,-68.3982315063477
9000000.0001335,-68.5799179077148
9000000.0001335,-68.7648849487305
9000000.00013351,-68.9501419067383
9000000.00013351,-69.1326675415039
9000000.00013352,-69.3094635009766
9000000.00013352,-69.4775161743164
9000000.00013353,-69.6338195800781
9000000.00013353,-69.7889785766602
9000000.00013354,-69.9535217285156
9000000.00013354,-70.1243057250977
9000000.00013355,-70.2982177734375
9000000.00013355,-70.4721298217773
9000000.00013356,-70.6429214477539
9000000.00013356,-70.8074569702148
9000000.00013357,-70.9626159667969
9000000.00013357,-71.1052780151367
9000000.00013358,-71.232307434082
9000000.00013358,-71.3405914306641
9000000.00013359,-71.4269943237305
9000000.00013359,-71.488395690918
9000000.0001336,-71.5223922729492
9000000.0001336,-71.530891418457
9000000.00013361,-71.5166549682617
9000000.00013361,-71.4823684692383
9000000.00013362,-71.4307174682617
9000000.00013362,-71.364387512207
9000000.00013363,-71.2860488891602
9000000.00013363,-71.1984024047852
9000000.00013364,-71.1041259765625
9000000.00013364,-71.0059051513672
9000000.00013365,-70.9064178466797
9000000.00013365,-70.8083572387695
9000000.00013366,-70.7144088745117
9000000.00013366,-70.6261825561523
9000000.00013367,-70.5322036743164
9000000.00013367,-70.4298934936523
9000000.00013368,-70.3208465576172
9000000.00013368,-70.2066650390625
9000000.00013369,-70.0889663696289
9000000.00013369,-69.9693374633789
9000000.0001337,-69.8493881225586
9000000.0001337,-69.7307205200195
9000000.00013371,-69.6149368286133
9000000.00013371,-69.5036468505859
9000000.00013372,-69.3984375
9000000.00013372,-69.3009262084961
9000000.00013373,-69.2126998901367
9000000.00013373,-69.1306381225586
9000000.00013374,-69.0508193969727
9000000.00013374,-68.9736938476563
9000000.00013375,-68.8996963500977
9000000.00013375,-68.8292846679688
9000000.00013376,-68.7628860473633
9000000.00013376,-68.7009582519531
9000000.00013377,-68.643928527832
9000000.00013377,-68.5922622680664
9000000.00013378,-68.54638671875
9000000.00013378,-68.5067443847656
9000000.00013379,-68.4737930297852
9000000.00013379,-68.4479675292969
9000000.0001338,-68.4266586303711
9000000.0001338,-68.4014892578125
9000000.00013381,-68.3743896484375
9000000.00013381,-68.34814453125
9000000.00013382,-68.3254928588867
9000000.00013382,-68.309196472168
9000000.00013383,-68.3020248413086
9000000.00013383,-68.3067245483398
9000000.00013384,-68.3260650634766
9000000.00013384,-68.3628005981445
9000000.00013385,-68.4196853637695
9000000.00013385,-68.4994888305664
9000000.00013386,-68.6049575805664
9000000.00013386,-68.7364349365234
9000000.00013387,-68.8664627075195
9000000.00013387,-68.9921875
9000000.00013388,-69.1207809448242
9000000.00013388,-69.259407043457
9000000.00013389,-69.4152526855469
9000000.00013389,-69.5954742431641
9000000.0001339,-69.8072509765625
9000000.0001339,-70.0577545166016
9000000.00013391,-70.3541564941406
9000000.00013391,-70.7036285400391
9000000.00013392,-71.1133346557617
9000000.00013392,-71.5904541015625
9000000.00013393,-72.1421585083008
9000000.00013393,-72.8350677490234
9000000.00013394,-73.7061920166016
9000000.00013394,-74.7182693481445
9000000.00013395,-75.8340377807617
9000000.00013395,-77.0162582397461
9000000.00013396,-78.227653503418
9000000.00013396,-79.4309692382813
9000000.00013397,-80.5889587402344
9000000.00013397,-81.6643600463867
9000000.00013398,-82.6199111938477
9000000.00013398,-83.4183654785156
9000000.00013399,-84.0224533081055
9000000.00013399,-84.3949203491211
9000000.000134,-84.5096817016602
9000000.000134,-84.3965835571289
9000000.00013401,-84.0864562988281
9000000.00013401,-83.6085815429688
9000000.00013402,-82.9922332763672
9000000.00013402,-82.2666778564453
9000000.00013403,-81.4611968994141
9000000.00013403,-80.6050720214844
9000000.00013404,-79.7275619506836
9000000.00013404,-78.8579483032227
9000000.00013405,-78.025505065918
9000000.00013405,-77.2595138549805
9000000.00013406,-76.589241027832
9000000.00013406,-76.0365676879883
9000000.00013407,-75.5258712768555
9000000.00013407,-75.0296936035156
9000000.00013408,-74.5479888916016
9000000.00013408,-74.0807189941406
9000000.00013409,-73.6278686523438
9000000.00013409,-73.1893844604492
9000000.0001341,-72.7652282714844
9000000.0001341,-72.3553848266602
9000000.00013411,-71.9598007202148
9000000.00013411,-71.5784454345703
9000000.00013412,-71.2112884521484
9000000.00013412,-70.8582916259766
9000000.00013413,-70.519416809082
9000000.00013413,-70.195915222168
9000000.00013414,-69.8886566162109
9000000.00013414,-69.5970611572266
9000000.00013415,-69.320556640625
9000000.00013415,-69.0585556030273
9000000.00013416,-68.8104782104492
9000000.00013416,-68.5757446289063
9000000.00013417,-68.3537673950195
9000000.00013417,-68.1439666748047
9000000.00013418,-67.9457702636719
9000000.00013418,-67.7585830688477
9000000.00013419,-67.5818328857422
9000000.00013419,-67.4149398803711
9000000.0001342,-67.256103515625
9000000.0001342,-67.1019668579102
9000000.00013421,-66.9541168212891
9000000.00013421,-66.8144836425781
9000000.00013422,-66.6850051879883
9000000.00013422,-66.567626953125
9000000.00013423,-66.4642715454102
9000000.00013423,-66.3768768310547
9000000.00013424,-66.3073883056641
9000000.00013424,-66.2577285766602
9000000.00013425,-66.2298431396484
9000000.00013425,-66.2256622314453
9000000.00013426,-66.2471237182617
9000000.00013426,-66.2944412231445
9000000.00013427,-66.3480987548828
9000000.00013427,-66.4060974121094
9000000.00013428,-66.4735488891602
9000000.00013428,-66.5555801391602
9000000.00013429,-66.6573028564453
9000000.00013429,-66.7838439941406
9000000.0001343,-66.9403228759766
9000000.0001343,-67.1318588256836
9000000.00013431,-67.3635635375977
9000000.00013431,-67.6405639648438
9000000.00013432,-67.9679794311523
9000000.00013432,-68.3509216308594
9000000.00013433,-68.7945251464844
9000000.00013433,-69.3509140014648
9000000.00013434,-70.0496063232422
9000000.00013434,-70.8617706298828
9000000.00013435,-71.7585906982422
9000000.00013435,-72.7112350463867
9000000.00013436,-73.6908950805664
9000000.00013436,-74.6687316894531
9000000.00013437,-75.6159210205078
9000000.00013437,-76.5036468505859
9000000.00013438,-77.303092956543
9000000.00013438,-77.9854202270508
9000000.00013439,-78.5218048095703
9000000.00013439,-78.8834381103516
9000000.0001344,-79.0513763427734
9000000.0001344,-79.0521545410156
9000000.00013441,-78.9086227416992
9000000.00013441,-78.6421127319336
9000000.00013442,-78.2739410400391
9000000.00013442,-77.8254165649414
9000000.00013443,-77.3178558349609
9000000.00013443,-76.7725830078125
9000000.00013444,-76.2109146118164
9000000.00013444,-75.654167175293
9000000.00013445,-75.1236572265625
9000000.00013445,-74.6407012939453
9000000.00013446,-74.2266082763672
9000000.00013446,-73.8973083496094
9000000.00013447,-73.5975112915039
9000000.00013447,-73.3072052001953
9000000.00013448,-73.0264587402344
9000000.00013448,-72.7553100585938
9000000.00013449,-72.4938201904297
9000000.00013449,-72.2420272827148
9000000.0001345,-71.9999847412109
9000000.0001345,-71.7677383422852
9000000.00013451,-71.5453567504883
9000000.00013451,-71.3328704833984
9000000.00013452,-71.1303405761719
9000000.00013452,-70.9378128051758
9000000.00013453,-70.7553329467773
9000000.00013453,-70.5835266113281
9000000.00013454,-70.422737121582
9000000.00013454,-70.2726440429688
9000000.00013455,-70.1329116821289
9000000.00013455,-70.0032043457031
9000000.00013456,-69.8832015991211
9000000.00013456,-69.7725524902344
9000000.00013457,-69.6709365844727
9000000.00013457,-69.5780258178711
9000000.00013458,-69.4934768676758
9000000.00013458,-69.4169616699219
9000000.00013459,-69.3481597900391
9000000.00013459,-69.2867202758789
9000000.0001346,-69.230094909668
9000000.0001346,-69.1721267700195
9000000.00013461,-69.1149368286133
9000000.00013461,-69.061279296875
9000000.00013462,-69.0138931274414
9000000.00013462,-68.9755249023438
9000000.00013463,-68.9489059448242
9000000.00013463,-68.9367904663086
9000000.00013464,-68.9419174194336
9000000.00013464,-68.9670333862305
9000000.00013465,-69.0148773193359
9000000.00013465,-69.0881881713867
9000000.00013466,-69.1897201538086
9000000.00013466,-69.321159362793
9000000.00013467,-69.4712371826172
9000000.00013467,-69.637321472168
9000000.00013468,-69.8208923339844
9000000.00013468,-70.0234146118164
9000000.00013469,-70.2463760375977
9000000.00013469,-70.4912414550781
9000000.0001347,-70.7594833374023
9000000.0001347,-71.0525817871094
9000000.00013471,-71.3720169067383
9000000.00013471,-71.7192459106445
9000000.00013472,-72.0957565307617
9000000.00013472,-72.5030136108398
9000000.00013473,-72.9425048828125
9000000.00013473,-73.4673004150391
9000000.00013474,-74.1116180419922
9000000.00013474,-74.8486480712891
9000000.00013475,-75.6515579223633
9000000.00013475,-76.493537902832
9000000.00013476,-77.347770690918
9000000.00013476,-78.1874237060547
9000000.00013477,-78.9856948852539
9000000.00013477,-79.7157516479492
9000000.00013478,-80.3507843017578
9000000.00013478,-80.8639678955078
9000000.00013479,-81.2284927368164
9000000.00013479,-81.4175186157227
9000000.0001348,-81.411003112793
9000000.0001348,-81.2268753051758
9000000.00013481,-80.8883438110352
9000000.00013481,-80.4178695678711
9000000.00013482,-79.8378829956055
9000000.00013482,-79.1708450317383
9000000.00013483,-78.4391860961914
9000000.00013483,-77.6653594970703
9000000.00013484,-76.8718032836914
9000000.00013484,-76.0809631347656
9000000.00013485,-75.3152923583984
9000000.00013485,-74.5972213745117
9000000.00013486,-73.9492111206055
9000000.00013486,-73.387321472168
9000000.00013487,-72.8454437255859
9000000.00013487,-72.3024139404297
9000000.00013488,-71.7610626220703
9000000.00013488,-71.2242584228516
9000000.00013489,-70.6948471069336
9000000.00013489,-70.175666809082
9000000.0001349,-69.6695785522461
9000000.0001349,-69.1794281005859
9000000.00013491,-68.7080612182617
9000000.00013491,-68.2583236694336
9000000.00013492,-67.8330764770508
9000000.00013492,-67.4351577758789
9000000.00013493,-67.0674209594727
9000000.00013493,-66.725715637207
9000000.00013494,-66.404052734375
9000000.00013494,-66.1025238037109
9000000.00013495,-65.8212280273438
9000000.00013495,-65.5602569580078
9000000.00013496,-65.319709777832
9000000.00013496,-65.0996780395508
9000000.00013497,-64.9002532958984
9000000.00013497,-64.7215347290039
9000000.00013498,-64.5636215209961
9000000.00013498,-64.4265975952148
9000000.00013499,-64.3105697631836
9000000.00013499,-64.2156219482422
9000000.000135,-64.1419143676758
9000000.000135,-64.0895919799805
9000000.00013501,-64.0585174560547
9000000.00013501,-64.0485229492188
9000000.00013502,-64.059440612793
9000000.00013502,-64.0911178588867
9000000.00013503,-64.1433868408203
9000000.00013503,-64.2160797119141
9000000.00013504,-64.3090362548828
9000000.00013504,-64.4220886230469
9000000.00013505,-64.5550765991211
9000000.00013505,-64.7078323364258
9000000.00013506,-64.8802032470703
9000000.00013506,-65.0731201171875
9000000.00013507,-65.2995223999023
9000000.00013507,-65.5597381591797
9000000.00013508,-65.8493423461914
9000000.00013508,-66.1639251708984
9000000.00013509,-66.4990539550781
9000000.00013509,-66.8503189086914
9000000.0001351,-67.2132949829102
9000000.0001351,-67.5835800170898
9000000.00013511,-67.9567413330078
9000000.00013511,-68.3283615112305
9000000.00013512,-68.6940307617188
9000000.00013512,-69.0493240356445
9000000.00013513,-69.3898239135742
9000000.00013513,-69.7397766113281
9000000.00013514,-70.1205062866211
9000000.00013514,-70.5232086181641
9000000.00013515,-70.9390563964844
9000000.00013515,-71.359245300293
9000000.00013516,-71.7749710083008
9000000.00013516,-72.1774139404297
9000000.00013517,-72.5577621459961
9000000.00013517,-72.9072113037109
9000000.00013518,-73.2169418334961
9000000.00013518,-73.4781494140625
9000000.00013519,-73.682014465332
9000000.00013519,-73.8197326660156
9000000.0001352,-73.8858337402344
9000000.0001352,-73.8893051147461
9000000.00013521,-73.8368835449219
9000000.00013521,-73.7347412109375
9000000.00013522,-73.5890579223633
9000000.00013522,-73.4060134887695
9000000.00013523,-73.1917877197266
9000000.00013523,-72.9525451660156
9000000.00013524,-72.6944808959961
9000000.00013524,-72.4237518310547
9000000.00013525,-72.1465530395508
9000000.00013525,-71.8690490722656
9000000.00013526,-71.5974273681641
9000000.00013526,-71.3350982666016
9000000.00013527,-71.052116394043
9000000.00013527,-70.7424926757813
9000000.00013528,-70.4111709594727
9000000.00013528,-70.0630798339844
9000000.00013529,-69.7031555175781
9000000.00013529,-69.3363418579102
9000000.0001353,-68.9675674438477
9000000.0001353,-68.6017761230469
9000000.00013531,-68.243896484375
9000000.00013531,-67.8988647460938
9000000.00013532,-67.5716247558594
9000000.00013532,-67.2671127319336
9000000.00013533,-66.9902572631836
9000000.00013533,-66.7307357788086
9000000.00013534,-66.4760513305664
9000000.00013534,-66.2279052734375
9000000.00013535,-65.9879760742188
9000000.00013535,-65.7579498291016
9000000.00013536,-65.5395278930664
9000000.00013536,-65.3343811035156
9000000.00013537,-65.1442108154297
9000000.00013537,-64.970703125
9000000.00013538,-64.8155364990234
9000000.00013538,-64.6804122924805
9000000.00013539,-64.567008972168
9000000.00013539,-64.4770202636719
9000000.0001354,-64.4091186523438
9000000.0001354,-64.3550262451172
9000000.00013541,-64.3153533935547
9000000.00013541,-64.2914352416992
9000000.00013542,-64.2846374511719
9000000.00013542,-64.2962951660156
9000000.00013543,-64.327766418457
9000000.00013543,-64.3803863525391
9000000.00013544,-64.4555206298828
9000000.00013544,-64.5545120239258
9000000.00013545,-64.6787033081055
9000000.00013545,-64.8294448852539
9000000.00013546,-65.0080947875977
9000000.00013546,-65.21533203125
9000000.00013547,-65.4438934326172
9000000.00013547,-65.6924743652344
9000000.00013548,-65.9623947143555
9000000.00013548,-66.2549896240234
9000000.00013549,-66.5716018676758
9000000.00013549,-66.9135437011719
9000000.0001355,-67.2821578979492
9000000.0001355,-67.6787719726563
9000000.00013551,-68.1047134399414
9000000.00013551,-68.5613250732422
9000000.00013552,-69.0499267578125
9000000.00013552,-69.5718536376953
9000000.00013553,-70.1284332275391
9000000.00013553,-70.7719879150391
9000000.00013554,-71.5363616943359
9000000.00013554,-72.3952255249023
9000000.00013555,-73.3222198486328
9000000.00013555,-74.2909927368164
9000000.00013556,-75.2751998901367
9000000.00013556,-76.2484893798828
9000000.00013557,-77.1845092773438
9000000.00013557,-78.0569152832031
9000000.00013558,-78.8393630981445
9000000.00013558,-79.505485534668
9000000.00013559,-80.0289459228516
9000000.00013559,-80.3833999633789
9000000.0001356,-80.5489044189453
9000000.0001356,-80.5424728393555
9000000.00013561,-80.3871154785156
9000000.00013561,-80.105094909668
9000000.00013562,-79.7187042236328
9000000.00013562,-79.2502288818359
9000000.00013563,-78.7219543457031
9000000.00013563,-78.1561660766602
9000000.00013564,-77.5751419067383
9000000.00013564,-77.0011672973633
9000000.00013565,-76.4565353393555
9000000.00013565,-75.9635238647461
9000000.00013566,-75.5444259643555
9000000.00013566,-75.2165222167969
9000000.00013567,-74.929801940918
9000000.00013567,-74.6634521484375
9000000.00013568,-74.4147872924805
9000000.00013568,-74.1811218261719
9000000.00013569,-73.9597549438477
9000000.00013569,-73.7480087280273
9000000.0001357,-73.5431823730469
9000000.0001357,-73.3425903320313
9000000.00013571,-73.1435394287109
9000000.00013571,-72.9433441162109
9000000.00013572,-72.7393188476563
9000000.00013572,-72.5287628173828
9000000.00013573,-72.3089904785156
9000000.00013573,-72.0800933837891
9000000.00013574,-71.8451309204102
9000000.00013574,-71.6058883666992
9000000.00013575,-71.3641357421875
9000000.00013575,-71.1216354370117
9000000.00013576,-70.8801803588867
9000000.00013576,-70.6415252685547
9000000.00013577,-70.4074554443359
9000000.00013577,-70.1797409057617
9000000.00013578,-69.9601593017578
9000000.00013578,-69.7504806518555
9000000.00013579,-69.5524826049805
9000000.00013579,-69.3679351806641
9000000.0001358,-69.1936340332031
9000000.0001358,-69.0159149169922
9000000.00013581,-68.8368530273438
9000000.00013581,-68.6597747802734
9000000.00013582,-68.4880294799805
9000000.00013582,-68.3249664306641
9000000.00013583,-68.1739120483398
9000000.00013583,-68.0382232666016
9000000.00013584,-67.9212417602539
9000000.00013584,-67.8262939453125
9000000.00013585,-67.7567367553711
9000000.00013585,-67.7159118652344
9000000.00013586,-67.7071533203125
9000000.00013586,-67.7321472167969
9000000.00013587,-67.7726287841797
9000000.00013587,-67.8253479003906
9000000.00013588,-67.8936920166016
9000000.00013588,-67.9810562133789
9000000.00013589,-68.0908279418945
9000000.00013589,-68.2263946533203
9000000.0001359,-68.3911666870117
9000000.0001359,-68.5885162353516
9000000.00013591,-68.8218536376953
9000000.00013591,-69.0945587158203
9000000.00013592,-69.410026550293
9000000.00013592,-69.7716445922852
9000000.00013593,-70.1828155517578
9000000.00013593,-70.6927108764648
9000000.00013594,-71.3307495117188
9000000.00013594,-72.0707244873047
9000000.00013595,-72.8864364624023
9000000.00013595,-73.7516555786133
9000000.00013596,-74.6401748657227
9000000.00013596,-75.5257797241211
9000000.00013597,-76.3822631835938
9000000.00013597,-77.1834106445313
9000000.00013598,-77.9030075073242
9000000.00013598,-78.5148468017578
9000000.00013599,-78.9927062988281
9000000.00013599,-79.3103790283203
9000000.000136,-79.4534759521484
9000000.000136,-79.4539642333984
9000000.00013601,-79.3303527832031
9000000.00013601,-79.0990219116211
9000000.00013602,-78.7763290405273
9000000.00013602,-78.3786315917969
9000000.00013603,-77.9222946166992
9000000.00013603,-77.4236831665039
9000000.00013604,-76.8991622924805
9000000.00013604,-76.3650817871094
9000000.00013605,-75.8378143310547
9000000.00013605,-75.3337173461914
9000000.00013606,-74.8691635131836
9000000.00013606,-74.4551696777344
9000000.00013607,-74.0354690551758
9000000.00013607,-73.5945205688477
9000000.00013608,-73.1372528076172
9000000.00013608,-72.6685943603516
9000000.00013609,-72.1934661865234
9000000.00013609,-71.7168121337891
9000000.0001361,-71.2435455322266
9000000.0001361,-70.7786026000977
9000000.00013611,-70.326904296875
9000000.00013611,-69.8933868408203
9000000.00013612,-69.4829711914063
9000000.00013612,-69.1005859375
9000000.00013613,-68.7511596679688
9000000.00013613,-68.4261169433594
9000000.00013614,-68.114143371582
9000000.00013614,-67.8160934448242
9000000.00013615,-67.5328063964844
9000000.00013615,-67.2651290893555
9000000.00013616,-67.0139083862305
9000000.00013616,-66.7799911499023
9000000.00013617,-66.5642166137695
9000000.00013617,-66.3674392700195
9000000.00013618,-66.1904983520508
9000000.00013618,-66.0342407226563
9000000.00013619,-65.8995132446289
9000000.00013619,-65.7871627807617
9000000.0001362,-65.6962127685547
9000000.0001362,-65.6216812133789
9000000.00013621,-65.5641250610352
9000000.00013621,-65.524528503418
9000000.00013622,-65.50390625
9000000.00013622,-65.5032424926758
9000000.00013623,-65.523551940918
9000000.00013623,-65.5658264160156
9000000.00013624,-65.6310577392578
9000000.00013624,-65.7202682495117
9000000.00013625,-65.8344345092773
9000000.00013625,-65.9745712280273
9000000.00013626,-66.1416702270508
9000000.00013626,-66.3377075195313
9000000.00013627,-66.5745315551758
9000000.00013627,-66.8513870239258
9000000.00013628,-67.1631774902344
9000000.00013628,-67.5048141479492
9000000.00013629,-67.871208190918
9000000.00013629,-68.2572631835938
9000000.0001363,-68.6578826904297
9000000.0001363,-69.067985534668
9000000.00013631,-69.4824676513672
9000000.00013631,-69.896240234375
9000000.00013632,-70.3042144775391
9000000.00013632,-70.701286315918
9000000.00013633,-71.0823822021484
9000000.00013633,-71.4815979003906
9000000.00013634,-71.9276885986328
9000000.00013634,-72.4074935913086
9000000.00013635,-72.9078598022461
9000000.00013635,-73.4156188964844
9000000.00013636,-73.9176254272461
9000000.00013636,-74.4007263183594
9000000.00013637,-74.8517608642578
9000000.00013637,-75.257568359375
9000000.00013638,-75.6049957275391
9000000.00013638,-75.8808898925781
9000000.00013639,-76.0720977783203
9000000.00013639,-76.1654510498047
9000000.0001364,-76.1488342285156
9000000.0001364,-76.0247650146484
9000000.00013641,-75.8064498901367
9000000.00013641,-75.5073165893555
9000000.00013642,-75.1408157348633
9000000.00013642,-74.7203903198242
9000000.00013643,-74.2594680786133
9000000.00013643,-73.7714920043945
9000000.00013644,-73.2699127197266
9000000.00013644,-72.7681579589844
9000000.00013645,-72.279670715332
9000000.00013645,-71.8178939819336
9000000.00013646,-71.3962631225586
9000000.00013646,-71.0241012573242
9000000.00013647,-70.6582717895508
9000000.00013647,-70.2860412597656
9000000.00013648,-69.9103775024414
9000000.00013648,-69.5342407226563
9000000.00013649,-69.1605911254883
9000000.00013649,-68.7923889160156
9000000.0001365,-68.4325942993164
9000000.0001365,-68.0841598510742
9000000.00013651,-67.7500610351563
9000000.00013651,-67.4332580566406
9000000.00013652,-67.1366958618164
9000000.00013652,-66.8633499145508
9000000.00013653,-66.6161727905273
9000000.00013653,-66.3890151977539
9000000.00013654,-66.174430847168
9000000.00013654,-65.973388671875
9000000.00013655,-65.7868957519531
9000000.00013655,-65.6159286499023
9000000.00013656,-65.4614944458008
9000000.00013656,-65.3245697021484
9000000.00013657,-65.2061538696289
9000000.00013657,-65.1072311401367
9000000.00013658,-65.0287933349609
9000000.00013658,-64.9718399047852
9000000.00013659,-64.9373474121094
9000000.00013659,-64.9263153076172
9000000.0001366,-64.939811706543
9000000.0001366,-64.9780731201172
9000000.00013661,-65.0399932861328
9000000.00013661,-65.124382019043
9000000.00013662,-65.2300567626953
9000000.00013662,-65.3558502197266
9000000.00013663,-65.5005874633789
9000000.00013663,-65.6630706787109
9000000.00013664,-65.8421401977539
9000000.00013664,-66.0366058349609
9000000.00013665,-66.2453002929688
9000000.00013665,-66.4670333862305
9000000.00013666,-66.7006301879883
9000000.00013666,-66.9466247558594
9000000.00013667,-67.2246017456055
9000000.00013667,-67.535888671875
9000000.00013668,-67.874641418457
9000000.00013668,-68.2350234985352
9000000.00013669,-68.611198425293
9000000.00013669,-68.997314453125
9000000.0001367,-69.3875350952148
9000000.0001367,-69.7760314941406
9000000.00013671,-70.1569442749023
9000000.00013671,-70.5244522094727
9000000.00013672,-70.8726959228516
9000000.00013672,-71.1958465576172
9000000.00013673,-71.4880676269531
9000000.00013673,-71.7662506103516
9000000.00013674,-72.04833984375
9000000.00013674,-72.3300628662109
9000000.00013675,-72.6071472167969
9000000.00013675,-72.8753128051758
9000000.00013676,-73.1302795410156
9000000.00013676,-73.3677825927734
9000000.00013677,-73.5835342407227
9000000.00013677,-73.7732696533203
9000000.00013678,-73.9327011108398
9000000.00013678,-74.0575637817383
9000000.00013679,-74.1435699462891
9000000.00013679,-74.1864547729492
9000000.0001368,-74.1825790405273
9000000.0001368,-74.1336212158203
9000000.00013681,-74.0436248779297
9000000.00013681,-73.916618347168
9000000.00013682,-73.7566528320313
9000000.00013682,-73.567756652832
9000000.00013683,-73.3539810180664
9000000.00013683,-73.1193466186523
9000000.00013684,-72.8679122924805
9000000.00013684,-72.6037063598633
9000000.00013685,-72.3307647705078
9000000.00013685,-72.0531387329102
9000000.00013686,-71.7748489379883
9000000.00013686,-71.4975814819336
9000000.00013687,-71.1950073242188
9000000.00013687,-70.8631362915039
9000000.00013688,-70.5075759887695
9000000.00013688,-70.1339111328125
9000000.00013689,-69.7477569580078
9000000.00013689,-69.3547134399414
9000000.0001369,-68.9603652954102
9000000.0001369,-68.5703277587891
9000000.00013691,-68.1902008056641
9000000.00013691,-67.8255767822266
9000000.00013692,-67.4820556640625
9000000.00013692,-67.1652450561523
9000000.00013693,-66.880744934082
9000000.00013693,-66.6182174682617
9000000.00013694,-66.3644180297852
9000000.00013694,-66.1205902099609
9000000.00013695,-65.8879776000977
9000000.00013695,-65.6678314208984
9000000.00013696,-65.4614028930664
9000000.00013696,-65.2699203491211
9000000.00013697,-65.0946426391602
9000000.00013697,-64.9368057250977
9000000.00013698,-64.7976684570313
9000000.00013698,-64.678466796875
9000000.00013699,-64.5804443359375
9000000.00013699,-64.5048522949219
9000000.000137,-64.4507904052734
9000000.000137,-64.4123916625977
9000000.00013701,-64.3900299072266
9000000.00013701,-64.3846130371094
9000000.00013702,-64.3970413208008
9000000.00013702,-64.42822265625
9000000.00013703,-64.4790649414063
9000000.00013703,-64.5504760742188
9000000.00013704,-64.6433639526367
9000000.00013704,-64.7586288452148
9000000.00013705,-64.8971710205078
9000000.00013705,-65.0599136352539
9000000.00013706,-65.2477416992188
9000000.00013706,-65.4607315063477
9000000.00013707,-65.689208984375
9000000.00013707,-65.9322280883789
9000000.00013708,-66.1923751831055
9000000.00013708,-66.4722290039063
9000000.00013709,-66.7743759155273
9000000.00013709,-67.1014022827148
9000000.0001371,-67.4558868408203
9000000.0001371,-67.8404159545898
9000000.00013711,-68.2575607299805
9000000.00013711,-68.7099227905273
9000000.00013712,-69.2000732421875
9000000.00013712,-69.730598449707
9000000.00013713,-70.304084777832
9000000.00013713,-70.9811477661133
9000000.00013714,-71.7998657226563
9000000.00013714,-72.7289962768555
9000000.00013715,-73.7373199462891
9000000.00013715,-74.7935791015625
9000000.00013716,-75.8665466308594
9000000.00013716,-76.9249801635742
9000000.00013717,-77.9376449584961
9000000.00013717,-78.8733062744141
9000000.00013718,-79.7007217407227
9000000.00013718,-80.3886566162109
9000000.00013719,-80.905876159668
9000000.00013719,-81.2211380004883
9000000.0001372,-81.3113861083984
9000000.0001372,-81.1983489990234
9000000.00013721,-80.9088439941406
9000000.00013721,-80.4686660766602
9000000.00013722,-79.9036407470703
9000000.00013722,-79.2395858764648
9000000.00013723,-78.5022964477539
9000000.00013723,-77.7176055908203
9000000.00013724,-76.9113235473633
9000000.00013724,-76.1092529296875
9000000.00013725,-75.3372192382813
9000000.00013725,-74.6210250854492
9000000.00013726,-73.9864959716797
9000000.00013726,-73.4524536132813
9000000.00013727,-72.9468460083008
9000000.00013727,-72.4453811645508
9000000.00013728,-71.9499282836914
9000000.00013728,-71.4623565673828
9000000.00013729,-70.9845275878906
9000000.00013729,-70.5183181762695
9000000.0001373,-70.0655899047852
9000000.0001373,-69.6282119750977
9000000.00013731,-69.2080535888672
9000000.00013731,-68.8069763183594
9000000.00013732,-68.4268569946289
9000000.00013732,-68.0695571899414
9000000.00013733,-67.736946105957
9000000.00013733,-67.4258193969727
9000000.00013734,-67.1318969726563
9000000.00013734,-66.8554992675781
9000000.00013735,-66.596923828125
9000000.00013735,-66.3564682006836
9000000.00013736,-66.1344375610352
9000000.00013736,-65.9311370849609
9000000.00013737,-65.7468566894531
9000000.00013737,-65.581901550293
9000000.00013738,-65.4365768432617
9000000.00013738,-65.3111801147461
9000000.00013739,-65.2060165405273
9000000.00013739,-65.1213912963867
9000000.0001374,-65.0562973022461
9000000.0001374,-65.007209777832
9000000.00013741,-64.9748077392578
9000000.00013741,-64.9601593017578
9000000.00013742,-64.9642868041992
9000000.00013742,-64.9882431030273
9000000.00013743,-65.033073425293
9000000.00013743,-65.0998153686523
9000000.00013744,-65.1895065307617
9000000.00013744,-65.3031997680664
9000000.00013745,-65.4419326782227
9000000.00013745,-65.6067504882813
9000000.00013746,-65.7986907958984
9000000.00013746,-66.0181274414063
9000000.00013747,-66.2576065063477
9000000.00013747,-66.5160903930664
9000000.00013748,-66.7952423095703
9000000.00013748,-67.0967636108398
9000000.00013749,-67.4223175048828
9000000.00013749,-67.7736053466797
9000000.0001375,-68.1522979736328
9000000.0001375,-68.5600738525391
9000000.00013751,-68.9986190795898
9000000.00013751,-69.4696197509766
9000000.00013752,-69.9747543334961
9000000.00013752,-70.5156936645508
9000000.00013753,-71.0941390991211
9000000.00013753,-71.7699508666992
9000000.00013754,-72.5817184448242
9000000.00013754,-73.4991607666016
9000000.00013755,-74.4920272827148
9000000.00013755,-75.5300445556641
9000000.00013756,-76.5829544067383
9000000.00013756,-77.6204833984375
9000000.00013757,-78.6123809814453
9000000.00013757,-79.5283737182617
9000000.00013758,-80.3382034301758
9000000.00013758,-81.0115966796875
9000000.00013759,-81.5182876586914
9000000.00013759,-81.8280258178711
9000000.0001376,-81.916877746582
9000000.0001376,-81.8015441894531
9000000.00013761,-81.5092620849609
9000000.00013761,-81.0667114257813
9000000.00013762,-80.5005950927734
9000000.00013762,-79.8376083374023
9000000.00013763,-79.1044387817383
9000000.00013763,-78.3277893066406
9000000.00013764,-77.5343551635742
9000000.00013764,-76.7508163452148
9000000.00013765,-76.0038833618164
9000000.00013765,-75.3202438354492
9000000.00013766,-74.7265930175781
9000000.00013766,-74.242790222168
9000000.00013767,-73.7988052368164
9000000.00013767,-73.3695983886719
9000000.00013768,-72.9554901123047
9000000.00013768,-72.5568466186523
9000000.00013769,-72.1739959716797
9000000.00013769,-71.8072891235352
9000000.0001377,-71.4570770263672
9000000.0001377,-71.1236877441406
9000000.00013771,-70.8074798583984
9000000.00013771,-70.5087890625
9000000.00013772,-70.2279586791992
9000000.00013772,-69.9653472900391
9000000.00013773,-69.7212753295898
9000000.00013773,-69.4984741210938
9000000.00013774,-69.2983779907227
9000000.00013774,-69.1194381713867
9000000.00013775,-68.9601058959961
9000000.00013775,-68.8188323974609
9000000.00013776,-68.6940612792969
9000000.00013776,-68.5842514038086
9000000.00013777,-68.4878387451172
9000000.00013777,-68.4032821655273
9000000.00013778,-68.3290252685547
9000000.00013778,-68.2635269165039
9000000.00013779,-68.2052307128906
9000000.00013779,-68.1525802612305
9000000.0001378,-68.1062088012695
9000000.0001378,-68.0720520019531
9000000.00013781,-68.0500411987305
9000000.00013781,-68.0395812988281
9000000.00013782,-68.0400543212891
9000000.00013782,-68.0508804321289
9000000.00013783,-68.0714340209961
9000000.00013783,-68.1011352539063
9000000.00013784,-68.1393814086914
9000000.00013784,-68.1855621337891
9000000.00013785,-68.2390747070313
9000000.00013785,-68.2993316650391
9000000.00013786,-68.36572265625
9000000.00013786,-68.4383544921875
9000000.00013787,-68.5254058837891
9000000.00013787,-68.6275100708008
9000000.00013788,-68.7423477172852
9000000.00013788,-68.8675765991211
9000000.00013789,-69.0008773803711
9000000.00013789,-69.1399002075195
9000000.0001379,-69.2823333740234
9000000.0001379,-69.4258270263672
9000000.00013791,-69.5680618286133
9000000.00013791,-69.7067031860352
9000000.00013792,-69.8394088745117
9000000.00013792,-69.9638595581055
9000000.00013793,-70.0777206420898
9000000.00013793,-70.1880493164063
9000000.00013794,-70.3022232055664
9000000.00013794,-70.4183731079102
9000000.00013795,-70.5346527099609
9000000.00013795,-70.6492004394531
9000000.00013796,-70.7601623535156
9000000.00013796,-70.8656616210938
9000000.00013797,-70.9638595581055
9000000.00013797,-71.0528945922852
9000000.00013798,-71.1308975219727
9000000.00013798,-71.1960220336914
9000000.00013799,-71.2463989257813
9000000.00013799,-71.2801818847656
9000000.000138,-71.2957305908203
9000000.000138,-71.2936325073242
9000000.00013801,-71.2756881713867
9000000.00013801,-71.2437057495117
9000000.00013802,-71.1995010375977
9000000.00013802,-71.1448745727539
9000000.00013803,-71.0816421508789
9000000.00013803,-71.0116195678711
9000000.00013804,-70.9366073608398
9000000.00013804,-70.8584213256836
9000000.00013805,-70.7788619995117
9000000.00013805,-70.6997528076172
9000000.00013806,-70.6228942871094
9000000.00013806,-70.5496673583984
9000000.00013807,-70.4755935668945
9000000.00013807,-70.3990020751953
9000000.00013808,-70.3197937011719
9000000.00013808,-70.2378997802734
9000000.00013809,-70.1532363891602
9000000.00013809,-70.0657348632813
9000000.0001381,-69.9753112792969
9000000.0001381,-69.8818893432617
9000000.00013811,-69.7853851318359
9000000.00013811,-69.6857299804688
9000000.00013812,-69.5828399658203
9000000.00013812,-69.4766311645508
9000000.00013813,-69.3670425415039
9000000.00013813,-69.2516250610352
9000000.00013814,-69.1288299560547
9000000.00013814,-68.9999008178711
9000000.00013815,-68.8660659790039
9000000.00013815,-68.7285537719727
9000000.00013816,-68.5886154174805
9000000.00013816,-68.4474716186523
9000000.00013817,-68.3063659667969
9000000.00013817,-68.1665344238281
9000000.00013818,-68.0292053222656
9000000.00013818,-67.8956146240234
9000000.00013819,-67.7669982910156
9000000.00013819,-67.6445999145508
9000000.0001382,-67.5256271362305
9000000.0001382,-67.3990173339844
9000000.00013821,-67.2666549682617
9000000.00013821,-67.1314697265625
9000000.00013822,-66.9963760375977
9000000.00013822,-66.8643035888672
9000000.00013823,-66.7381744384766
9000000.00013823,-66.6209030151367
9000000.00013824,-66.5154190063477
9000000.00013824,-66.4246444702148
9000000.00013825,-66.3515014648438
9000000.00013825,-66.2989120483398
9000000.00013826,-66.2697982788086
9000000.00013826,-66.2654190063477
9000000.00013827,-66.2674179077148
9000000.00013827,-66.2729034423828
9000000.00013828,-66.2856903076172
9000000.00013828,-66.3096008300781
9000000.00013829,-66.3484344482422
9000000.00013829,-66.4060287475586
9000000.0001383,-66.4861831665039
9000000.0001383,-66.5927124023438
9000000.00013831,-66.7294464111328
9000000.00013831,-66.9001846313477
9000000.00013832,-67.108757019043
9000000.00013832,-67.3589706420898
9000000.00013833,-67.6546401977539
9000000.00013833,-68.0227890014648
9000000.00013834,-68.477424621582
9000000.00013834,-69.0028228759766
9000000.00013835,-69.5832443237305
9000000.00013835,-70.2029800415039
9000000.00013836,-70.8462829589844
9000000.00013836,-71.497444152832
9000000.00013837,-72.140739440918
9000000.00013837,-72.7604217529297
9000000.00013838,-73.3407897949219
9000000.00013838,-73.8661041259766
9000000.00013839,-74.3206329345703
9000000.00013839,-74.6886672973633
9000000.0001384,-74.9703826904297
9000000.0001384,-75.2092590332031
9000000.00013841,-75.4094009399414
9000000.00013841,-75.5712280273438
9000000.00013842,-75.6951446533203
9000000.00013842,-75.7815780639648
9000000.00013843,-75.830940246582
9000000.00013843,-75.8436584472656
9000000.00013844,-75.8201446533203
9000000.00013844,-75.7608108520508
9000000.00013845,-75.6660766601563
9000000.00013845,-75.5363693237305
9000000.00013846,-75.3721008300781
9000000.00013846,-75.1708297729492
9000000.00013847,-74.8990707397461
9000000.00013847,-74.5560150146484
9000000.00013848,-74.1530914306641
9000000.00013848,-73.7017517089844
9000000.00013849,-73.2134094238281
9000000.00013849,-72.6995086669922
9000000.0001385,-72.1714935302734
9000000.0001385,-71.6407852172852
9000000.00013851,-71.1188278198242
9000000.00013851,-70.617057800293
9000000.00013852,-70.1469039916992
9000000.00013852,-69.7198028564453
9000000.00013853,-69.3471984863281
9000000.00013853,-69.0113067626953
9000000.00013854,-68.6873626708984
9000000.00013854,-68.3762817382813
9000000.00013855,-68.078971862793
9000000.00013855,-67.7963562011719
9000000.00013856,-67.5293579101563
9000000.00013856,-67.2788772583008
9000000.00013857,-67.0458526611328
9000000.00013857,-66.831184387207
9000000.00013858,-66.6357955932617
9000000.00013858,-66.4606094360352
9000000.00013859,-66.306526184082
9000000.00013859,-66.1744842529297
9000000.0001386,-66.0651702880859
9000000.0001386,-65.97802734375
9000000.00013861,-65.912239074707
9000000.00013861,-65.8670196533203
9000000.00013862,-65.8415985107422
9000000.00013862,-65.8351745605469
9000000.00013863,-65.8469696044922
9000000.00013863,-65.8761978149414
9000000.00013864,-65.9220733642578
9000000.00013864,-65.9838104248047
9000000.00013865,-66.0606307983398
9000000.00013865,-66.151741027832
9000000.00013866,-66.2563552856445
9000000.00013866,-66.3748779296875
9000000.00013867,-66.5208129882813
9000000.00013867,-66.695068359375
9000000.00013868,-66.8935775756836
9000000.00013868,-67.1122817993164
9000000.00013869,-67.3471221923828
9000000.00013869,-67.5940475463867
9000000.0001387,-67.8489990234375
9000000.0001387,-68.10791015625
9000000.00013871,-68.3667373657227
9000000.00013871,-68.6214218139648
9000000.00013872,-68.8678970336914
9000000.00013872,-69.1021118164063
9000000.00013873,-69.3199996948242
9000000.00013873,-69.5389556884766
9000000.00013874,-69.7752380371094
9000000.00013874,-70.0231399536133
9000000.00013875,-70.2769470214844
9000000.00013875,-70.5309524536133
9000000.00013876,-70.7794342041016
9000000.00013876,-71.0166931152344
9000000.00013877,-71.2370071411133
9000000.00013877,-71.4346694946289
9000000.00013878,-71.6039581298828
9000000.00013878,-71.7391815185547
9000000.00013879,-71.8346099853516
9000000.00013879,-71.8845291137695
9000000.0001388,-71.8849029541016
9000000.0001388,-71.8401565551758
9000000.00013881,-71.7550506591797
9000000.00013881,-71.6341400146484
9000000.00013882,-71.4819641113281
9000000.00013882,-71.3030700683594
9000000.00013883,-71.1019973754883
9000000.00013883,-70.8832855224609
9000000.00013884,-70.6514892578125
9000000.00013884,-70.4111404418945
9000000.00013885,-70.1667938232422
9000000.00013885,-69.9229888916016
9000000.00013886,-69.6842727661133
9000000.00013886,-69.4530639648438
9000000.00013887,-69.2062683105469
9000000.00013887,-68.9394683837891
9000000.00013888,-68.6566772460938
9000000.00013888,-68.3618927001953
9000000.00013889,-68.0591278076172
9000000.00013889,-67.7523880004883
9000000.0001389,-67.4456787109375
9000000.0001389,-67.1430130004883
9000000.00013891,-66.8483963012695
9000000.00013891,-66.5658264160156
9000000.00013892,-66.2993240356445
9000000.00013892,-66.0528869628906
9000000.00013893,-65.8305206298828
9000000.00013893,-65.6231231689453
9000000.00013894,-65.4200439453125
9000000.00013894,-65.223014831543
9000000.00013895,-65.0337677001953
9000000.00013895,-64.8540191650391
9000000.00013896,-64.6855087280273
9000000.00013896,-64.5299530029297
9000000.00013897,-64.3890914916992
9000000.00013897,-64.2646408081055
9000000.00013898,-64.158332824707
9000000.00013898,-64.071891784668
9000000.00013899,-64.0070495605469
9000000.00013899,-63.9655303955078
9000000.000139,-63.9456558227539
9000000.000139,-63.9380798339844
9000000.00013901,-63.943675994873
9000000.00013901,-63.9641647338867
9000000.00013902,-64.0012664794922
9000000.00013902,-64.0566940307617
9000000.00013903,-64.1321792602539
9000000.00013903,-64.2294387817383
9000000.00013904,-64.3501892089844
9000000.00013904,-64.4961547851563
9000000.00013905,-64.669059753418
9000000.00013905,-64.8706207275391
9000000.00013906,-65.1025619506836
9000000.00013906,-65.36767578125
9000000.00013907,-65.6792907714844
9000000.00013907,-66.0360412597656
9000000.00013908,-66.4316329956055
9000000.00013908,-66.8598022460938
9000000.00013909,-67.3142623901367
9000000.00013909,-67.7887420654297
9000000.0001391,-68.2769622802734
9000000.0001391,-68.7726516723633
9000000.00013911,-69.2695236206055
9000000.00013911,-69.7613143920898
9000000.00013912,-70.2417373657227
9000000.00013912,-70.7045211791992
9000000.00013913,-71.1433792114258
9000000.00013913,-71.593147277832
9000000.00013914,-72.084358215332
9000000.00013914,-72.6043090820313
9000000.00013915,-73.1403121948242
9000000.00013915,-73.6796569824219
9000000.00013916,-74.2096481323242
9000000.00013916,-74.7175903320313
9000000.00013917,-75.1907730102539
9000000.00013917,-75.6165084838867
9000000.00013918,-75.9820938110352
9000000.00013918,-76.2748260498047
9000000.00013919,-76.4820098876953
9000000.00013919,-76.5909423828125
9000000.0001392,-76.5890884399414
9000000.0001392,-76.4765701293945
9000000.00013921,-76.2667999267578
9000000.00013921,-75.9736404418945
9000000.00013922,-75.6109619140625
9000000.00013922,-75.192626953125
9000000.00013923,-74.7324905395508
9000000.00013923,-74.2444229125977
9000000.00013924,-73.7422866821289
9000000.00013924,-73.2399520874023
9000000.00013925,-72.7512741088867
9000000.00013925,-72.2901229858398
9000000.00013926,-71.8703536987305
9000000.00013926,-71.5015563964844
9000000.00013927,-71.138671875
9000000.00013927,-70.7685699462891
9000000.00013928,-70.3945007324219
9000000.00013928,-70.0196990966797
9000000.00013929,-69.6474227905273
9000000.00013929,-69.2808990478516
9000000.0001393,-68.9233856201172
9000000.0001393,-68.5781173706055
9000000.00013931,-68.2483367919922
9000000.00013931,-67.9372940063477
9000000.00013932,-67.6482238769531
9000000.00013932,-67.3843841552734
9000000.00013933,-67.1490020751953
9000000.00013933,-66.9331512451172
9000000.00013934,-66.7271728515625
9000000.00013934,-66.5332260131836
9000000.00013935,-66.3534545898438
9000000.00013935,-66.1900177001953
9000000.00013936,-66.0450744628906
9000000.00013936,-65.9207763671875
9000000.00013937,-65.8192672729492
9000000.00013937,-65.7427215576172
9000000.00013938,-65.6932754516602
9000000.00013938,-65.6730880737305
9000000.00013939,-65.6843185424805
9000000.00013939,-65.729118347168
9000000.0001394,-65.8111877441406
9000000.0001394,-65.9348526000977
9000000.00013941,-66.0965805053711
9000000.00013941,-66.2923355102539
9000000.00013942,-66.5180892944336
9000000.00013942,-66.7698211669922
9000000.00013943,-67.0434875488281
9000000.00013943,-67.335075378418
9000000.00013944,-67.6405334472656
9000000.00013944,-67.9558410644531
9000000.00013945,-68.2769775390625
9000000.00013945,-68.5998916625977
9000000.00013946,-68.9205703735352
9000000.00013946,-69.2383651733398
9000000.00013947,-69.5915298461914
9000000.00013947,-69.9842071533203
9000000.00013948,-70.4065780639648
9000000.00013948,-70.8488159179688
9000000.00013949,-71.3011016845703
9000000.00013949,-71.7536087036133
9000000.0001395,-72.1965179443359
9000000.0001395,-72.620002746582
9000000.00013951,-73.0142364501953
9000000.00013951,-73.3694000244141
9000000.00013952,-73.6756744384766
9000000.00013952,-73.923225402832
9000000.00013953,-74.1022338867188
9000000.00013953,-74.2094345092773
9000000.00013954,-74.2535781860352
9000000.00013954,-74.2428970336914
9000000.00013955,-74.1856231689453
9000000.00013955,-74.0899887084961
9000000.00013956,-73.9642181396484
9000000.00013956,-73.8165512084961
9000000.00013957,-73.6552047729492
9000000.00013957,-73.4884185791016
9000000.00013958,-73.3244171142578
9000000.00013958,-73.1714401245117
9000000.00013959,-73.0377044677734
9000000.00013959,-72.9314422607422
9000000.0001396,-72.8544082641602
9000000.0001396,-72.7889251708984
9000000.00013961,-72.7313919067383
9000000.00013961,-72.6796112060547
9000000.00013962,-72.6314010620117
9000000.00013962,-72.5845794677734
9000000.00013963,-72.5369567871094
9000000.00013963,-72.4863586425781
9000000.00013964,-72.4305877685547
9000000.00013964,-72.3674621582031
9000000.00013965,-72.2947998046875
9000000.00013965,-72.2104187011719
9000000.00013966,-72.1121292114258
9000000.00013966,-71.9977493286133
9000000.00013967,-71.8664245605469
9000000.00013967,-71.7201232910156
9000000.00013968,-71.5611419677734
9000000.00013968,-71.3917694091797
9000000.00013969,-71.2143020629883
9000000.00013969,-71.0310440063477
9000000.0001397,-70.8442764282227
9000000.0001397,-70.6563034057617
9000000.00013971,-70.4694137573242
9000000.00013971,-70.2859039306641
9000000.00013972,-70.1080703735352
9000000.00013972,-69.9382019042969
9000000.00013973,-69.7786026000977
9000000.00013973,-69.6209487915039
9000000.00013974,-69.4570617675781
9000000.00013974,-69.289436340332
9000000.00013975,-69.1205673217773
9000000.00013975,-68.9529418945313
9000000.00013976,-68.7890701293945
9000000.00013976,-68.6314392089844
9000000.00013977,-68.4825439453125
9000000.00013977,-68.3448867797852
9000000.00013978,-68.2209548950195
9000000.00013978,-68.1132507324219
9000000.00013979,-68.0242691040039
9000000.00013979,-67.9564971923828
9000000.0001398,-67.9076614379883
9000000.0001398,-67.864616394043
9000000.00013981,-67.8285293579102
9000000.00013981,-67.8017272949219
9000000.00013982,-67.7865600585938
9000000.00013982,-67.7853622436523
9000000.00013983,-67.8004760742188
9000000.00013983,-67.8342437744141
9000000.00013984,-67.8890151977539
9000000.00013984,-67.9671173095703
9000000.00013985,-68.0708999633789
9000000.00013985,-68.2026977539063
9000000.00013986,-68.364860534668
9000000.00013986,-68.5619049072266
9000000.00013987,-68.8203582763672
9000000.00013987,-69.1384429931641
9000000.00013988,-69.5046768188477
9000000.00013988,-69.9075393676758
9000000.00013989,-70.3355407714844
9000000.00013989,-70.7771759033203
9000000.0001399,-71.2209396362305
9000000.0001399,-71.6553344726563
9000000.00013991,-72.0688629150391
9000000.00013991,-72.4500198364258
9000000.00013992,-72.7873077392578
9000000.00013992,-73.0692138671875
9000000.00013993,-73.2842483520508
9000000.00013993,-73.4447784423828
9000000.00013994,-73.5720138549805
9000000.00013994,-73.6677093505859
9000000.00013995,-73.7336120605469
9000000.00013995,-73.7714691162109
9000000.00013996,-73.7830429077148
9000000.00013996,-73.7700881958008
9000000.00013997,-73.7343521118164
9000000.00013997,-73.6775817871094
9000000.00013998,-73.6015396118164
9000000.00013998,-73.5079650878906
9000000.00013999,-73.3986282348633
9000000.00013999,-73.2752685546875
9000000.00014,-73.1335754394531
9000000.00014,-72.9568634033203
9000000.00014001,-72.7481002807617
9000000.00014001,-72.5118103027344
9000000.00014002,-72.2525253295898
9000000.00014002,-71.9747848510742
9000000.00014003,-71.6830978393555
9000000.00014003,-71.3820114135742
9000000.00014004,-71.0760498046875
9000000.00014004,-70.7697448730469
9000000.00014005,-70.4676208496094
9000000.00014005,-70.1742095947266
9000000.00014006,-69.8940505981445
9000000.00014006,-69.6299591064453
9000000.00014007,-69.3637466430664
9000000.00014007,-69.0910797119141
9000000.00014008,-68.8142318725586
9000000.00014008,-68.5355072021484
9000000.00014009,-68.257194519043
9000000.00014009,-67.9815673828125
9000000.0001401,-67.7109298706055
9000000.0001401,-67.4475708007813
9000000.00014011,-67.1937713623047
9000000.00014011,-66.9518203735352
9000000.00014012,-66.7240219116211
9000000.00014012,-66.5126495361328
9000000.00014013,-66.3199920654297
9000000.00014013,-66.1399917602539
9000000.00014014,-65.9659805297852
9000000.00014014,-65.7993774414063
9000000.00014015,-65.6415710449219
9000000.00014015,-65.4939804077148
9000000.00014016,-65.3580017089844
9000000.00014016,-65.2350463867188
9000000.00014017,-65.1265182495117
9000000.00014017,-65.033821105957
9000000.00014018,-64.958366394043
9000000.00014018,-64.9015502929688
9000000.00014019,-64.8647918701172
9000000.00014019,-64.849479675293
9000000.0001402,-64.8550262451172
9000000.0001402,-64.8759460449219
9000000.00014021,-64.9123382568359
9000000.00014021,-64.9647750854492
9000000.00014022,-65.0338439941406
9000000.00014022,-65.1201324462891
9000000.00014023,-65.2242050170898
9000000.00014023,-65.3466491699219
9000000.00014024,-65.4880447387695
9000000.00014024,-65.6489715576172
9000000.00014025,-65.8300094604492
9000000.00014025,-66.0317459106445
9000000.00014026,-66.254753112793
9000000.00014026,-66.5003509521484
9000000.00014027,-66.7773818969727
9000000.00014027,-67.0854415893555
9000000.00014028,-67.4208831787109
9000000.00014028,-67.7800369262695
9000000.00014029,-68.1592636108398
9000000.00014029,-68.5549011230469
9000000.0001403,-68.9632949829102
9000000.0001403,-69.3807983398438
9000000.00014031,-69.8037567138672
9000000.00014031,-70.228515625
9000000.00014032,-70.6514129638672
9000000.00014032,-71.0688095092773
9000000.00014033,-71.4770431518555
9000000.00014033,-71.9080810546875
9000000.00014034,-72.3876037597656
9000000.00014034,-72.9025421142578
9000000.00014035,-73.4397888183594
9000000.00014035,-73.9862823486328
9000000.00014036,-74.5289306640625
9000000.00014036,-75.0546417236328
9000000.00014037,-75.5503463745117
9000000.00014037,-76.0029525756836
9000000.00014038,-76.3993835449219
9000000.00014038,-76.7265472412109
9000000.00014039,-76.9713592529297
9000000.00014039,-77.1207504272461
9000000.0001404,-77.1636734008789
9000000.0001404,-77.10546875
9000000.00014041,-76.9584426879883
9000000.00014041,-76.7348785400391
9000000.00014042,-76.4470367431641
9000000.00014042,-76.1072006225586
9000000.00014043,-75.7276382446289
9000000.00014043,-75.3206176757813
9000000.00014044,-74.8984222412109
9000000.00014044,-74.4733123779297
9000000.00014045,-74.0575714111328
9000000.00014045,-73.663459777832
9000000.00014046,-73.3032608032227
9000000.00014046,-72.9856491088867
9000000.00014047,-72.6731948852539
9000000.00014047,-72.3543167114258
9000000.00014048,-72.0310134887695
9000000.00014048,-71.7052993774414
9000000.00014049,-71.3791809082031
9000000.00014049,-71.0546646118164
9000000.0001405,-70.7337646484375
9000000.0001405,-70.4184799194336
9000000.00014051,-70.1108169555664
9000000.00014051,-69.8127975463867
9000000.00014052,-69.5264205932617
9000000.00014052,-69.2536926269531
9000000.00014053,-68.9966278076172
9000000.00014053,-68.7522506713867
9000000.00014054,-68.5163116455078
9000000.00014054,-68.2888946533203
9000000.00014055,-68.0700988769531
9000000.00014055,-67.8600006103516
9000000.00014056,-67.6586990356445
9000000.00014056,-67.4662704467773
9000000.00014057,-67.2828216552734
9000000.00014057,-67.1084365844727
9000000.00014058,-66.9431915283203
9000000.00014058,-66.7871932983398
9000000.00014059,-66.6405258178711
9000000.00014059,-66.5032730102539
9000000.0001406,-66.3747406005859
9000000.0001406,-66.2527694702148
9000000.00014061,-66.1378860473633
9000000.00014061,-66.0308303833008
9000000.00014062,-65.9323425292969
9000000.00014062,-65.8431549072266
9000000.00014063,-65.7640151977539
9000000.00014063,-65.6956481933594
9000000.00014064,-65.6388092041016
9000000.00014064,-65.5942306518555
9000000.00014065,-65.5626449584961
9000000.00014065,-65.544792175293
9000000.00014066,-65.5414199829102
9000000.00014066,-65.5534820556641
9000000.00014067,-65.5839920043945
9000000.00014067,-65.6323013305664
9000000.00014068,-65.6966934204102
9000000.00014068,-65.7754287719727
9000000.00014069,-65.8667755126953
9000000.00014069,-65.9690093994141
9000000.0001407,-66.0803985595703
9000000.0001407,-66.1992111206055
9000000.00014071,-66.3237075805664
9000000.00014071,-66.4521713256836
9000000.00014072,-66.5828628540039
9000000.00014072,-66.7140502929688
9000000.00014073,-66.8440017700195
9000000.00014073,-66.9844512939453
9000000.00014074,-67.1452407836914
9000000.00014074,-67.3218536376953
9000000.00014075,-67.5097351074219
9000000.00014075,-67.7043685913086
9000000.00014076,-67.9012145996094
9000000.00014076,-68.0957336425781
9000000.00014077,-68.2833862304688
9000000.00014077,-68.4596557617188
9000000.00014078,-68.6199951171875
9000000.00014078,-68.7598724365234
9000000.00014079,-68.8747482299805
9000000.00014079,-68.960090637207
9000000.0001408,-69.0152435302734
9000000.0001408,-69.0507431030273
9000000.00014081,-69.0683517456055
9000000.00014081,-69.0689468383789
9000000.00014082,-69.0534362792969
9000000.00014082,-69.0226898193359
9000000.00014083,-68.9776153564453
9000000.00014083,-68.9190902709961
9000000.00014084,-68.8479995727539
9000000.00014084,-68.765251159668
9000000.00014085,-68.6717147827148
9000000.00014085,-68.5682830810547
9000000.00014086,-68.4558563232422
9000000.00014086,-68.3342056274414
9000000.00014087,-68.1905822753906
9000000.00014087,-68.0240173339844
9000000.00014088,-67.8382034301758
9000000.00014088,-67.6368179321289
9000000.00014089,-67.4235534667969
9000000.00014089,-67.2020950317383
9000000.0001409,-66.9761276245117
9000000.0001409,-66.7493286132813
9000000.00014091,-66.5254058837891
9000000.00014091,-66.3080215454102
9000000.00014092,-66.1008758544922
9000000.00014092,-65.9076538085938
9000000.00014093,-65.7320404052734
9000000.00014093,-65.5646667480469
9000000.00014094,-65.3950729370117
9000000.00014094,-65.2253341674805
9000000.00014095,-65.0575180053711
9000000.00014095,-64.8936996459961
9000000.00014096,-64.7359390258789
9000000.00014096,-64.5863037109375
9000000.00014097,-64.4468688964844
9000000.00014097,-64.3197021484375
9000000.00014098,-64.2068634033203
9000000.00014098,-64.1104354858398
9000000.00014099,-64.0324783325195
9000000.00014099,-63.9750633239746
9000000.000141,-63.9372673034668
9000000.000141,-63.9109001159668
9000000.00014101,-63.8961372375488
9000000.00014101,-63.8938789367676
9000000.00014102,-63.9050254821777
9000000.00014102,-63.930477142334
9000000.00014103,-63.971134185791
9000000.00014103,-64.0279006958008
9000000.00014104,-64.1016693115234
9000000.00014104,-64.1933441162109
9000000.00014105,-64.3038330078125
9000000.00014105,-64.4340209960938
9000000.00014106,-64.5848236083984
9000000.00014106,-64.7565002441406
9000000.00014107,-64.9419631958008
9000000.00014107,-65.1402893066406
9000000.00014108,-65.3531799316406
9000000.00014108,-65.5823135375977
9000000.00014109,-65.8293609619141
9000000.00014109,-66.0960083007813
9000000.0001411,-66.3839416503906
9000000.0001411,-66.6948471069336
9000000.00014111,-67.030387878418
9000000.00014111,-67.3922653198242
9000000.00014112,-67.7821502685547
9000000.00014112,-68.2017288208008
9000000.00014113,-68.6526794433594
9000000.00014113,-69.1561279296875
9000000.00014114,-69.7244491577148
9000000.00014114,-70.3462524414063
9000000.00014115,-71.0101165771484
9000000.00014115,-71.7046279907227
9000000.00014116,-72.4183883666992
9000000.00014116,-73.1399765014648
9000000.00014117,-73.8579864501953
9000000.00014117,-74.5610122680664
9000000.00014118,-75.2376403808594
9000000.00014118,-75.8764495849609
9000000.00014119,-76.4660491943359
9000000.00014119,-76.9950180053711
9000000.0001412,-77.4701080322266
9000000.0001412,-77.9410858154297
9000000.00014121,-78.4056549072266
9000000.00014121,-78.8570938110352
9000000.00014122,-79.2886352539063
9000000.00014122,-79.6935501098633
9000000.00014123,-80.0650939941406
9000000.00014123,-80.3965301513672
9000000.00014124,-80.6810989379883
9000000.00014124,-80.9120712280273
9000000.00014125,-81.0827026367188
9000000.00014125,-81.1862487792969
9000000.00014126,-81.2159652709961
9000000.00014126,-81.1637954711914
9000000.00014127,-81.0116119384766
9000000.00014127,-80.7652740478516
9000000.00014128,-80.4373397827148
9000000.00014128,-80.0403594970703
9000000.00014129,-79.5868835449219
9000000.00014129,-79.089469909668
9000000.0001413,-78.5606689453125
9000000.0001413,-78.0130310058594
9000000.00014131,-77.4591217041016
9000000.00014131,-76.9114761352539
9000000.00014132,-76.3826675415039
9000000.00014132,-75.8852310180664
9000000.00014133,-75.4317321777344
9000000.00014133,-74.9977035522461
9000000.00014134,-74.5525741577148
9000000.00014134,-74.0997772216797
9000000.00014135,-73.6427307128906
9000000.00014135,-73.1848602294922
9000000.00014136,-72.7295837402344
9000000.00014136,-72.2803268432617
9000000.00014137,-71.8405075073242
9000000.00014137,-71.4135513305664
9000000.00014138,-71.0028762817383
9000000.00014138,-70.6119079589844
9000000.00014139,-70.2440719604492
9000000.00014139,-69.9027786254883
9000000.0001414,-69.5867767333984
9000000.0001414,-69.2832336425781
9000000.00014141,-68.9922409057617
9000000.00014141,-68.7149963378906
9000000.00014142,-68.4527130126953
9000000.00014142,-68.2065963745117
9000000.00014143,-67.9778747558594
9000000.00014143,-67.7677383422852
9000000.00014144,-67.5774002075195
9000000.00014144,-67.4080810546875
9000000.00014145,-67.260986328125
9000000.00014145,-67.137321472168
9000000.00014146,-67.0383071899414
9000000.00014146,-66.9653396606445
9000000.00014147,-66.9213104248047
9000000.00014147,-66.9051513671875
9000000.00014148,-66.9147491455078
9000000.00014148,-66.9479827880859
9000000.00014149,-67.0027389526367
9000000.00014149,-67.0768890380859
9000000.0001415,-67.1683120727539
9000000.0001415,-67.27490234375
9000000.00014151,-67.3945388793945
9000000.00014151,-67.5250930786133
9000000.00014152,-67.6644515991211
9000000.00014152,-67.8104934692383
9000000.00014153,-67.9611053466797
9000000.00014153,-68.1355209350586
9000000.00014154,-68.3490982055664
9000000.00014154,-68.5939254760742
9000000.00014155,-68.862060546875
9000000.00014155,-69.1455841064453
9000000.00014156,-69.4365692138672
9000000.00014156,-69.7270889282227
9000000.00014157,-70.0092163085938
9000000.00014157,-70.2750244140625
9000000.00014158,-70.5165863037109
9000000.00014158,-70.7259674072266
9000000.00014159,-70.8952560424805
9000000.00014159,-71.0165176391602
9000000.0001416,-71.0878829956055
9000000.0001416,-71.1258392333984
9000000.00014161,-71.1340179443359
9000000.00014161,-71.1147308349609
9000000.00014162,-71.0702819824219
9000000.00014162,-71.0029830932617
9000000.00014163,-70.9151382446289
9000000.00014163,-70.8090515136719
9000000.00014164,-70.6870422363281
9000000.00014164,-70.5514068603516
9000000.00014165,-70.4044570922852
9000000.00014165,-70.2485046386719
9000000.00014166,-70.0858459472656
9000000.00014166,-69.9169845581055
9000000.00014167,-69.7213363647461
9000000.00014167,-69.4965667724609
9000000.00014168,-69.2478179931641
9000000.00014168,-68.9802398681641
9000000.00014169,-68.698974609375
9000000.00014169,-68.4091796875
9000000.0001417,-68.1160049438477
9000000.0001417,-67.8246002197266
9000000.00014171,-67.5401000976563
9000000.00014171,-67.2676773071289
9000000.00014172,-67.0124664306641
9000000.00014172,-66.7796173095703
9000000.00014173,-66.5742797851563
9000000.00014173,-66.3862380981445
9000000.00014174,-66.2028198242188
9000000.00014174,-66.025520324707
9000000.00014175,-65.855842590332
9000000.00014175,-65.6952819824219
9000000.00014176,-65.5453262329102
9000000.00014176,-65.407470703125
9000000.00014177,-65.2832107543945
9000000.00014177,-65.1740493774414
9000000.00014178,-65.0814666748047
9000000.00014178,-65.0069732666016
9000000.00014179,-64.9520492553711
9000000.00014179,-64.9181976318359
9000000.0001418,-64.90673828125
9000000.0001418,-64.9172286987305
9000000.00014181,-64.9482269287109
9000000.00014181,-64.9982452392578
9000000.00014182,-65.0658264160156
9000000.00014182,-65.1495056152344
9000000.00014183,-65.2478103637695
9000000.00014183,-65.3592758178711
9000000.00014184,-65.4824295043945
9000000.00014184,-65.6158065795898
9000000.00014185,-65.7579345703125
9000000.00014185,-65.907356262207
9000000.00014186,-66.0625915527344
9000000.00014186,-66.2231216430664
9000000.00014187,-66.3993988037109
9000000.00014187,-66.5928955078125
9000000.00014188,-66.8012542724609
9000000.00014188,-67.0221252441406
9000000.00014189,-67.2531509399414
9000000.00014189,-67.4919815063477
9000000.0001419,-67.7362670898438
9000000.0001419,-67.9836578369141
9000000.00014191,-68.2317886352539
9000000.00014191,-68.4783248901367
9000000.00014192,-68.7209014892578
9000000.00014192,-68.9571685791016
9000000.00014193,-69.1847763061523
9000000.00014193,-69.4175872802734
9000000.00014194,-69.667610168457
9000000.00014194,-69.9296722412109
9000000.00014195,-70.1986312866211
9000000.00014195,-70.4693145751953
9000000.00014196,-70.7365875244141
9000000.00014196,-70.9952697753906
9000000.00014197,-71.2402191162109
9000000.00014197,-71.4662780761719
9000000.00014198,-71.6682891845703
9000000.00014198,-71.8410873413086
9000000.00014199,-71.9795227050781
9000000.00014199,-72.0784378051758
9000000.000142,-72.1364212036133
9000000.000142,-72.1636734008789
9000000.00014201,-72.1626968383789
9000000.00014201,-72.1352081298828
9000000.00014202,-72.0829162597656
9000000.00014202,-72.0075225830078
9000000.00014203,-71.9107437133789
9000000.00014203,-71.7942810058594
9000000.00014204,-71.6598510742188
9000000.00014204,-71.509147644043
9000000.00014205,-71.343879699707
9000000.00014205,-71.165771484375
9000000.00014206,-70.9765167236328
9000000.00014206,-70.7759628295898
9000000.00014207,-70.5428848266602
9000000.00014207,-70.2754516601563
9000000.00014208,-69.979606628418
9000000.00014208,-69.6612854003906
9000000.00014209,-69.3264083862305
9000000.00014209,-68.9809265136719
9000000.0001421,-68.6307678222656
9000000.0001421,-68.2818603515625
9000000.00014211,-67.9401473999023
9000000.00014211,-67.6115570068359
9000000.00014212,-67.3020324707031
9000000.00014212,-67.0175018310547
9000000.00014213,-66.7638931274414
9000000.00014213,-66.5290222167969
9000000.00014214,-66.2980117797852
9000000.00014214,-66.0727844238281
9000000.00014215,-65.8552703857422
9000000.00014215,-65.6473922729492
9000000.00014216,-65.4510650634766
9000000.00014216,-65.2682189941406
9000000.00014217,-65.1007766723633
9000000.00014217,-64.9506683349609
9000000.00014218,-64.8198013305664
9000000.00014218,-64.7101135253906
9000000.00014219,-64.6235275268555
9000000.00014219,-64.5619583129883
9000000.0001422,-64.5244598388672
9000000.0001422,-64.503173828125
9000000.00014221,-64.4983291625977
9000000.00014221,-64.5108642578125
9000000.00014222,-64.5417098999023
9000000.00014222,-64.591796875
9000000.00014223,-64.6620635986328
9000000.00014223,-64.7534484863281
9000000.00014224,-64.8668746948242
9000000.00014224,-65.0032806396484
9000000.00014225,-65.1636047363281
9000000.00014225,-65.3487701416016
9000000.00014226,-65.5597229003906
9000000.00014226,-65.7989349365234
9000000.00014227,-66.0850448608398
9000000.00014227,-66.4174346923828
9000000.00014228,-66.788688659668
9000000.00014228,-67.1913757324219
9000000.00014229,-67.6180801391602
9000000.00014229,-68.0613708496094
9000000.0001423,-68.5138244628906
9000000.0001423,-68.968017578125
9000000.00014231,-69.4165267944336
9000000.00014231,-69.851921081543
9000000.00014232,-70.2667846679688
9000000.00014232,-70.653694152832
9000000.00014233,-71.0052108764648
9000000.00014233,-71.348503112793
9000000.00014234,-71.7101898193359
9000000.00014234,-72.0820922851563
9000000.00014235,-72.4560165405273
9000000.00014235,-72.8237686157227
9000000.00014236,-73.1771621704102
9000000.00014236,-73.5080108642578
9000000.00014237,-73.80810546875
9000000.00014237,-74.0692749023438
9000000.00014238,-74.283317565918
9000000.00014238,-74.4420471191406
9000000.00014239,-74.5372619628906
9000000.00014239,-74.560791015625
9000000.0001424,-74.5028610229492
9000000.0001424,-74.3589477539063
9000000.00014241,-74.1390380859375
9000000.00014241,-73.8538436889648
9000000.00014242,-73.5141067504883
9000000.00014242,-73.1305313110352
9000000.00014243,-72.7138442993164
9000000.00014243,-72.2747802734375
9000000.00014244,-71.8240509033203
9000000.00014244,-71.3723754882813
9000000.00014245,-70.9304885864258
9000000.00014245,-70.5091094970703
9000000.00014246,-70.1189498901367
9000000.00014246,-69.7674179077148
9000000.00014247,-69.4194717407227
9000000.00014247,-69.0649719238281
9000000.00014248,-68.7064819335938
9000000.00014248,-68.3465728759766
9000000.00014249,-67.9878234863281
9000000.00014249,-67.6327972412109
9000000.0001425,-67.2840805053711
9000000.0001425,-66.9442367553711
9000000.00014251,-66.6158447265625
9000000.00014251,-66.3014678955078
9000000.00014252,-66.0036926269531
9000000.00014252,-65.7250747680664
9000000.00014253,-65.4682006835938
9000000.00014253,-65.2280502319336
9000000.00014254,-64.9983673095703
9000000.00014254,-64.7798538208008
9000000.00014255,-64.5731964111328
9000000.00014255,-64.3791122436523
9000000.00014256,-64.1982955932617
9000000.00014256,-64.0314407348633
9000000.00014257,-63.8792572021484
9000000.00014257,-63.7424392700195
9000000.00014258,-63.6216888427734
9000000.00014258,-63.517707824707
9000000.00014259,-63.4311981201172
9000000.00014259,-63.3628578186035
9000000.0001426,-63.3121871948242
9000000.0001426,-63.2759017944336
9000000.00014261,-63.254207611084
9000000.00014261,-63.2476119995117
9000000.00014262,-63.2566108703613
9000000.00014262,-63.2817153930664
9000000.00014263,-63.3234252929688
9000000.00014263,-63.3822441101074
9000000.00014264,-63.4586753845215
9000000.00014264,-63.5532188415527
9000000.00014265,-63.6663818359375
9000000.00014265,-63.7986679077148
9000000.00014266,-63.9505767822266
9000000.00014266,-64.1223449707031
9000000.00014267,-64.3109436035156
9000000.00014267,-64.5158920288086
9000000.00014268,-64.7377853393555
9000000.00014268,-64.9772338867188
9000000.00014269,-65.2348403930664
9000000.00014269,-65.5112075805664
9000000.0001427,-65.8069534301758
9000000.0001427,-66.122673034668
9000000.00014271,-66.4589767456055
9000000.00014271,-66.8164596557617
9000000.00014272,-67.1957397460938
9000000.00014272,-67.5974197387695
9000000.00014273,-68.022102355957
9000000.00014273,-68.5100784301758
9000000.00014274,-69.0878982543945
9000000.00014274,-69.7355422973633
9000000.00014275,-70.4330139160156
9000000.00014275,-71.160285949707
9000000.00014276,-71.8973693847656
9000000.00014276,-72.6242446899414
9000000.00014277,-73.3208999633789
9000000.00014277,-73.9673233032227
9000000.00014278,-74.5435180664063
9000000.00014278,-75.0294647216797
9000000.00014279,-75.405158996582
9000000.00014279,-75.6505813598633
9000000.0001428,-75.7531127929688
9000000.0001428,-75.7325820922852
9000000.00014281,-75.6044540405273
9000000.00014281,-75.3829650878906
9000000.00014282,-75.082389831543
9000000.00014282,-74.7169647216797
9000000.00014283,-74.3009414672852
9000000.00014283,-73.8485794067383
9000000.00014284,-73.3741302490234
9000000.00014284,-72.8918380737305
9000000.00014285,-72.4159622192383
9000000.00014285,-71.9607467651367
9000000.00014286,-71.5404510498047
9000000.00014286,-71.1646347045898
9000000.00014287,-70.7836074829102
9000000.00014287,-70.3838500976563
9000000.00014288,-69.9698791503906
9000000.00014288,-69.5462036132813
9000000.00014289,-69.1173629760742
9000000.00014289,-68.6878662109375
9000000.0001429,-68.2622375488281
9000000.0001429,-67.8450012207031
9000000.00014291,-67.440673828125
9000000.00014291,-67.0537796020508
9000000.00014292,-66.6888427734375
9000000.00014292,-66.3503799438477
9000000.00014293,-66.0429229736328
9000000.00014293,-65.7578735351563
9000000.00014294,-65.4843826293945
9000000.00014294,-65.2235717773438
9000000.00014295,-64.9765701293945
9000000.00014295,-64.7444915771484
9000000.00014296,-64.5284576416016
9000000.00014296,-64.3295974731445
9000000.00014297,-64.1490249633789
9000000.00014297,-63.987865447998
9000000.00014298,-63.847240447998
9000000.00014298,-63.728271484375
9000000.00014299,-63.632080078125
9000000.00014299,-63.5597877502441
9000000.000143,-63.5107841491699
9000000.000143,-63.4803161621094
9000000.00014301,-63.4685668945313
9000000.00014301,-63.476146697998
9000000.00014302,-63.503662109375
9000000.00014302,-63.5517234802246
9000000.00014303,-63.6209373474121
9000000.00014303,-63.7119140625
9000000.00014304,-63.8252601623535
9000000.00014304,-63.9615821838379
9000000.00014305,-64.1214904785156
9000000.00014305,-64.3055953979492
9000000.00014306,-64.5145034790039
9000000.00014306,-64.7502517700195
9000000.00014307,-65.0299530029297
9000000.00014307,-65.353271484375
9000000.00014308,-65.7136154174805
9000000.00014308,-66.1043930053711
9000000.00014309,-66.5190200805664
9000000.00014309,-66.9508972167969
9000000.0001431,-67.393440246582
9000000.0001431,-67.8400573730469
9000000.00014311,-68.2841567993164
9000000.00014311,-68.7191467285156
9000000.00014312,-69.1384353637695
9000000.00014312,-69.5354309082031
9000000.00014313,-69.9035415649414
9000000.00014313,-70.2655029296875
9000000.00014314,-70.64404296875
9000000.00014314,-71.0325469970703
9000000.00014315,-71.4244079589844
9000000.00014315,-71.8130340576172
9000000.00014316,-72.1918029785156
9000000.00014316,-72.5541152954102
9000000.00014317,-72.8933715820313
9000000.00014317,-73.2029571533203
9000000.00014318,-73.4762649536133
9000000.00014318,-73.7066955566406
9000000.00014319,-73.8876342773438
9000000.00014319,-74.0124893188477
9000000.0001432,-74.0756072998047
9000000.0001432,-74.0794830322266
9000000.00014321,-74.030387878418
9000000.00014321,-73.9346008300781
9000000.00014322,-73.7983932495117
9000000.00014322,-73.6280364990234
9000000.00014323,-73.429817199707
9000000.00014323,-73.2099914550781
9000000.00014324,-72.9748458862305
9000000.00014324,-72.7306442260742
9000000.00014325,-72.4836730957031
9000000.00014325,-72.2401885986328
9000000.00014326,-72.0064849853516
9000000.00014326,-71.7863464355469
9000000.00014327,-71.5530776977539
9000000.00014327,-71.300651550293
9000000.00014328,-71.0327606201172
9000000.00014328,-70.7531127929688
9000000.00014329,-70.4653930664063
9000000.00014329,-70.1733016967773
9000000.0001433,-69.8805389404297
9000000.0001433,-69.5908050537109
9000000.00014331,-69.3077850341797
9000000.00014331,-69.0351791381836
9000000.00014332,-68.7766799926758
9000000.00014332,-68.5359954833984
9000000.00014333,-68.3168182373047
9000000.00014333,-68.1118316650391
9000000.00014334,-67.9119720458984
9000000.00014334,-67.7183074951172
9000000.00014335,-67.5318832397461
9000000.00014335,-67.353759765625
9000000.00014336,-67.1850051879883
9000000.00014336,-67.0266571044922
9000000.00014337,-66.8797912597656
9000000.00014337,-66.7454528808594
9000000.00014338,-66.6247100830078
9000000.00014338,-66.5186157226563
9000000.00014339,-66.42822265625
9000000.00014339,-66.3545913696289
9000000.0001434,-66.2980194091797
9000000.0001434,-66.2564086914063
9000000.00014341,-66.2292633056641
9000000.00014341,-66.2162094116211
9000000.00014342,-66.2169036865234
9000000.00014342,-66.2309875488281
9000000.00014343,-66.2581176757813
9000000.00014343,-66.2979431152344
9000000.00014344,-66.35009765625
9000000.00014344,-66.4142379760742
9000000.00014345,-66.4900131225586
9000000.00014345,-66.5770645141602
9000000.00014346,-66.6750411987305
9000000.00014346,-66.7835693359375
9000000.00014347,-66.9022369384766
9000000.00014347,-67.0313491821289
9000000.00014348,-67.17138671875
9000000.00014348,-67.3228073120117
9000000.00014349,-67.486083984375
9000000.00014349,-67.6616821289063
9000000.0001435,-67.8500671386719
9000000.0001435,-68.0517120361328
9000000.00014351,-68.2670822143555
9000000.00014351,-68.4966430664063
9000000.00014352,-68.7408676147461
9000000.00014352,-69.0002212524414
9000000.00014353,-69.2751693725586
9000000.00014353,-69.5765914916992
9000000.00014354,-69.9112930297852
9000000.00014354,-70.273681640625
9000000.00014355,-70.6581573486328
9000000.00014355,-71.0591049194336
9000000.00014356,-71.4709167480469
9000000.00014356,-71.8880081176758
9000000.00014357,-72.3047561645508
9000000.00014357,-72.7155685424805
9000000.00014358,-73.1148300170898
9000000.00014358,-73.4969482421875
9000000.00014359,-73.8563079833984
9000000.00014359,-74.1873168945313
9000000.0001436,-74.4989242553711
9000000.0001436,-74.8311538696289
9000000.00014361,-75.1783828735352
9000000.00014361,-75.5312728881836
9000000.00014362,-75.8805084228516
9000000.00014362,-76.2167434692383
9000000.00014363,-76.530647277832
9000000.00014363,-76.8128967285156
9000000.00014364,-77.0541610717773
9000000.00014364,-77.2450942993164
9000000.00014365,-77.3763809204102
9000000.00014365,-77.4386825561523
9000000.00014366,-77.4226760864258
9000000.00014366,-77.3178329467773
9000000.00014367,-77.1065979003906
9000000.00014367,-76.7971649169922
9000000.00014368,-76.4042663574219
9000000.00014368,-75.9426193237305
9000000.00014369,-75.4269409179688
9000000.00014369,-74.871955871582
9000000.0001437,-74.2923736572266
9000000.0001437,-73.7029266357422
9000000.00014371,-73.1183242797852
9000000.00014371,-72.5532913208008
9000000.00014372,-72.0225448608398
9000000.00014372,-71.5408096313477
9000000.00014373,-71.122802734375
9000000.00014373,-70.7469024658203
9000000.00014374,-70.3820571899414
9000000.00014374,-70.0288391113281
9000000.00014375,-69.6878204345703
9000000.00014375,-69.3595733642578
9000000.00014376,-69.0446701049805
9000000.00014376,-68.7436828613281
9000000.00014377,-68.4571838378906
9000000.00014377,-68.1857528686523
9000000.00014378,-67.9299468994141
9000000.00014378,-67.6903457641602
9000000.00014379,-67.4675216674805
9000000.00014379,-67.2620468139648
9000000.0001438,-67.0740509033203
9000000.0001438,-66.9023590087891
9000000.00014381,-66.746711730957
9000000.00014381,-66.6069183349609
9000000.00014382,-66.4828338623047
9000000.00014382,-66.3742828369141
9000000.00014383,-66.2810897827148
9000000.00014383,-66.2030868530273
9000000.00014384,-66.1401138305664
9000000.00014384,-66.0920028686523
9000000.00014385,-66.0585784912109
9000000.00014385,-66.0396728515625
9000000.00014386,-66.0351257324219
9000000.00014386,-66.0454788208008
9000000.00014387,-66.0791091918945
9000000.00014387,-66.1362838745117
9000000.00014388,-66.2141952514648
9000000.00014388,-66.3100433349609
9000000.00014389,-66.421028137207
9000000.00014389,-66.5443344116211
9000000.0001439,-66.6771697998047
9000000.0001439,-66.8167266845703
9000000.00014391,-66.9601974487305
9000000.00014391,-67.1047897338867
9000000.00014392,-67.247688293457
9000000.00014392,-67.3860931396484
9000000.00014393,-67.517204284668
9000000.00014393,-67.6531677246094
9000000.00014394,-67.8053283691406
9000000.00014394,-67.9696655273438
9000000.00014395,-68.1421661376953
9000000.00014395,-68.3188095092773
9000000.00014396,-68.4955825805664
9000000.00014396,-68.6684722900391
9000000.00014397,-68.8334579467773
9000000.00014397,-68.9865188598633
9000000.00014398,-69.123649597168
9000000.00014398,-69.2408218383789
9000000.00014399,-69.3340301513672
9000000.00014399,-69.3992462158203
9000000.000144,-69.435417175293
9000000.000144,-69.4505844116211
9000000.00014401,-69.4466705322266
9000000.00014401,-69.4249725341797
9000000.00014402,-69.3867797851563
9000000.00014402,-69.333381652832
9000000.00014403,-69.2660751342773
9000000.00014403,-69.186149597168
9000000.00014404,-69.0948867797852
9000000.00014404,-68.9935913085938
9000000.00014405,-68.883544921875
9000000.00014405,-68.7660446166992
9000000.00014406,-68.6423721313477
9000000.00014406,-68.5126724243164
9000000.00014407,-68.3638153076172
9000000.00014407,-68.1944732666016
9000000.00014408,-68.0080871582031
9000000.00014408,-67.8081207275391
9000000.00014409,-67.598014831543
9000000.00014409,-67.381217956543
9000000.0001441,-67.1612014770508
9000000.0001441,-66.9413909912109
9000000.00014411,-66.7252655029297
9000000.00014411,-66.5162582397461
9000000.00014412,-66.3178176879883
9000000.00014412,-66.133415222168
9000000.00014413,-65.9664840698242
9000000.00014413,-65.8078994750977
9000000.00014414,-65.6476058959961
9000000.00014414,-65.4877395629883
9000000.00014415,-65.3304061889648
9000000.00014415,-65.1777191162109
9000000.00014416,-65.0317993164063
9000000.00014416,-64.8947601318359
9000000.00014417,-64.7687149047852
9000000.00014417,-64.6557769775391
9000000.00014418,-64.5580596923828
9000000.00014418,-64.4776916503906
9000000.00014419,-64.4167709350586
9000000.00014419,-64.3774261474609
9000000.0001442,-64.3582305908203
9000000.0001442,-64.3494720458984
9000000.00014421,-64.3517227172852
9000000.00014421,-64.3664093017578
9000000.00014422,-64.3949737548828
9000000.00014422,-64.438850402832
9000000.00014423,-64.4994659423828
9000000.00014423,-64.578254699707
9000000.00014424,-64.6766586303711
9000000.00014424,-64.7961120605469
9000000.00014425,-64.9380416870117
9000000.00014425,-65.103889465332
9000000.00014426,-65.2950820922852
9000000.00014426,-65.5102081298828
9000000.00014427,-65.7163314819336
9000000.00014427,-65.9117126464844
9000000.00014428,-66.1066818237305
9000000.00014428,-66.3115463256836
9000000.00014429,-66.5366363525391
9000000.00014429,-66.7922515869141
9000000.0001443,-67.0887298583984
9000000.0001443,-67.4363784790039
9000000.00014431,-67.8455200195313
9000000.00014431,-68.3264694213867
9000000.00014432,-68.8895416259766
9000000.00014432,-69.5450668334961
9000000.00014433,-70.3033447265625
9000000.00014433,-71.2514724731445
9000000.00014434,-72.4367446899414
9000000.00014434,-73.8098297119141
9000000.00014435,-75.3213882446289
9000000.00014435,-76.9221038818359
9000000.00014436,-78.5626373291016
9000000.00014436,-80.1936492919922
9000000.00014437,-81.7658157348633
9000000.00014437,-83.2298049926758
9000000.00014438,-84.5362701416016
9000000.00014438,-85.6358947753906
9000000.00014439,-86.4793395996094
9000000.00014439,-87.0172729492188
9000000.0001444,-87.2126693725586
9000000.0001444,-87.0981903076172
9000000.00014441,-86.7166595458984
9000000.00014441,-86.1094665527344
9000000.00014442,-85.3180389404297
9000000.00014442,-84.3837814331055
9000000.00014443,-83.3481063842773
9000000.00014443,-82.2524185180664
9000000.00014444,-81.1381301879883
9000000.00014444,-80.0466537475586
9000000.00014445,-79.019401550293
9000000.00014445,-78.0977783203125
9000000.00014446,-77.3232040405273
9000000.00014446,-76.7273788452148
9000000.00014447,-76.2123565673828
9000000.00014447,-75.7394104003906
9000000.00014448,-75.305305480957
9000000.00014448,-74.9067993164063
9000000.00014449,-74.5406723022461
9000000.00014449,-74.2036895751953
9000000.0001445,-73.8926086425781
9000000.0001445,-73.6041946411133
9000000.00014451,-73.3352279663086
9000000.00014451,-73.0824661254883
9000000.00014452,-72.8426818847656
9000000.00014452,-72.6126403808594
9000000.00014453,-72.3890991210938
9000000.00014453,-72.1857070922852
9000000.00014454,-72.0153045654297
9000000.00014454,-71.873420715332
9000000.00014455,-71.7556228637695
9000000.00014455,-71.6574401855469
9000000.00014456,-71.5744323730469
9000000.00014456,-71.5021362304688
9000000.00014457,-71.4361114501953
9000000.00014457,-71.3718948364258
9000000.00014458,-71.3050384521484
9000000.00014458,-71.231086730957
9000000.00014459,-71.1455917358398
9000000.00014459,-71.0441055297852
9000000.0001446,-70.9240493774414
9000000.0001446,-70.7905426025391
9000000.00014461,-70.6468124389648
9000000.00014461,-70.4957733154297
9000000.00014462,-70.3403244018555
9000000.00014462,-70.1833801269531
9000000.00014463,-70.0278396606445
9000000.00014463,-69.8766098022461
9000000.00014464,-69.7325973510742
9000000.00014464,-69.5987167358398
9000000.00014465,-69.4778518676758
9000000.00014465,-69.372932434082
9000000.00014466,-69.2868499755859
9000000.00014466,-69.2220306396484
9000000.00014467,-69.1738815307617
9000000.00014467,-69.1397247314453
9000000.00014468,-69.1185150146484
9000000.00014468,-69.1092300415039
9000000.00014469,-69.1108245849609
9000000.00014469,-69.1222686767578
9000000.0001447,-69.1425247192383
9000000.0001447,-69.1705703735352
9000000.00014471,-69.2053604125977
9000000.00014471,-69.2458572387695
9000000.00014472,-69.2910385131836
9000000.00014472,-69.3398590087891
9000000.00014473,-69.3912887573242
9000000.00014473,-69.4566955566406
9000000.00014474,-69.5448989868164
9000000.00014474,-69.6510848999023
9000000.00014475,-69.7704086303711
9000000.00014475,-69.8980560302734
9000000.00014476,-70.0291900634766
9000000.00014476,-70.1589889526367
9000000.00014477,-70.2826156616211
9000000.00014477,-70.3952484130859
9000000.00014478,-70.492057800293
9000000.00014478,-70.5682144165039
9000000.00014479,-70.618896484375
9000000.00014479,-70.6392593383789
9000000.0001448,-70.628059387207
9000000.0001448,-70.5950012207031
9000000.00014481,-70.5424041748047
9000000.00014481,-70.4717864990234
9000000.00014482,-70.3846969604492
9000000.00014482,-70.2826538085938
9000000.00014483,-70.1671981811523
9000000.00014483,-70.0398635864258
9000000.00014484,-69.9021835327148
9000000.00014484,-69.7556838989258
9000000.00014485,-69.6018981933594
9000000.00014485,-69.4423675537109
9000000.00014486,-69.2786254882813
9000000.00014486,-69.1109085083008
9000000.00014487,-68.9247665405273
9000000.00014487,-68.718620300293
9000000.00014488,-68.4961700439453
9000000.00014488,-68.2611236572266
9000000.00014489,-68.0171966552734
9000000.00014489,-67.7680892944336
9000000.0001449,-67.5175018310547
9000000.0001449,-67.269157409668
9000000.00014491,-67.0267486572266
9000000.00014491,-66.7939834594727
9000000.00014492,-66.574577331543
9000000.00014492,-66.3722229003906
9000000.00014493,-66.1906433105469
9000000.00014493,-66.0210418701172
9000000.00014494,-65.8533401489258
9000000.00014494,-65.6893157958984
9000000.00014495,-65.5307312011719
9000000.00014495,-65.3793563842773
9000000.00014496,-65.2369689941406
9000000.00014496,-65.1053314208984
9000000.00014497,-64.9862213134766
9000000.00014497,-64.8813934326172
9000000.00014498,-64.7926406860352
9000000.00014498,-64.7217178344727
9000000.00014499,-64.6703948974609
9000000.00014499,-64.6404418945313
9000000.000145,-64.6315841674805
9000000.000145,-64.6381988525391
9000000.00014501,-64.660026550293
9000000.00014501,-64.6973037719727
9000000.00014502,-64.7502670288086
9000000.00014502,-64.8191452026367
9000000.00014503,-64.904182434082
9000000.00014503,-65.0055999755859
9000000.00014504,-65.1236419677734
9000000.00014504,-65.2585296630859
9000000.00014505,-65.4105072021484
9000000.00014505,-65.5798034667969
9000000.00014506,-65.7666473388672
9000000.00014506,-65.9722061157227
9000000.00014507,-66.2074661254883
9000000.00014507,-66.4723510742188
9000000.00014508,-66.7627792358398
9000000.00014508,-67.0746612548828
9000000.00014509,-67.4038925170898
9000000.00014509,-67.7463989257813
9000000.0001451,-68.0980758666992
9000000.0001451,-68.4548492431641
9000000.00014511,-68.8126068115234
9000000.00014511,-69.1672744750977
9000000.00014512,-69.5147552490234
9000000.00014512,-69.850959777832
9000000.00014513,-70.1717910766602
9000000.00014513,-70.492301940918
9000000.00014514,-70.8272094726563
9000000.00014514,-71.1719665527344
9000000.00014515,-71.5220260620117
9000000.00014515,-71.8728256225586
9000000.00014516,-72.2198257446289
9000000.00014516,-72.5584564208984
9000000.00014517,-72.8841857910156
9000000.00014517,-73.1924514770508
9000000.00014518,-73.4786987304688
9000000.00014518,-73.7383804321289
9000000.00014519,-73.9669418334961
9000000.00014519,-74.1598358154297
9000000.0001452,-74.3154983520508
9000000.0001452,-74.4421005249023
9000000.00014521,-74.542106628418
9000000.00014521,-74.6173477172852
9000000.00014522,-74.6696472167969
9000000.00014522,-74.7008514404297
9000000.00014523,-74.7127838134766
9000000.00014523,-74.707275390625
9000000.00014524,-74.686164855957
9000000.00014524,-74.6512832641602
9000000.00014525,-74.6044616699219
9000000.00014525,-74.5475311279297
9000000.00014526,-74.4823226928711
9000000.00014526,-74.4092254638672
9000000.00014527,-74.3119430541992
9000000.00014527,-74.1885986328125
9000000.00014528,-74.0432739257813
9000000.00014528,-73.8800506591797
9000000.00014529,-73.7030029296875
9000000.00014529,-73.516227722168
9000000.0001453,-73.3237838745117
9000000.0001453,-73.129768371582
9000000.00014531,-72.9382553100586
9000000.00014531,-72.7533264160156
9000000.00014532,-72.5790634155273
9000000.00014532,-72.419548034668
9000000.00014533,-72.2788543701172
9000000.00014533,-72.1487121582031
9000000.00014534,-72.0189514160156
9000000.00014534,-71.8908615112305
9000000.00014535,-71.7657012939453
9000000.00014535,-71.6447448730469
9000000.00014536,-71.5292739868164
9000000.00014536,-71.4205474853516
9000000.00014537,-71.3198394775391
9000000.00014537,-71.2284164428711
9000000.00014538,-71.1475677490234
9000000.00014538,-71.0785446166992
9000000.00014539,-71.0226364135742
9000000.00014539,-70.9811019897461
9000000.0001454,-70.9552612304688
9000000.0001454,-70.9452743530273
9000000.00014541,-70.9497604370117
9000000.00014541,-70.9672470092773
9000000.00014542,-70.9962844848633
9000000.00014542,-71.0354232788086
9000000.00014543,-71.0832061767578
9000000.00014543,-71.1381759643555
9000000.00014544,-71.1988830566406
9000000.00014544,-71.2638702392578
9000000.00014545,-71.3316802978516
9000000.00014545,-71.4008636474609
9000000.00014546,-71.4699630737305
9000000.00014546,-71.537239074707
9000000.00014547,-71.5989074707031
9000000.00014547,-71.6562194824219
9000000.00014548,-71.7118453979492
9000000.00014548,-71.7684707641602
9000000.00014549,-71.8287506103516
9000000.00014549,-71.8953552246094
9000000.0001455,-71.9709625244141
9000000.0001455,-72.0582427978516
9000000.00014551,-72.1598663330078
9000000.00014551,-72.2785034179688
9000000.00014552,-72.4168167114258
9000000.00014552,-72.5774917602539
9000000.00014553,-72.76318359375
9000000.00014553,-72.987434387207
9000000.00014554,-73.2564239501953
9000000.00014554,-73.5617523193359
9000000.00014555,-73.89501953125
9000000.00014555,-74.2478485107422
9000000.00014556,-74.6118392944336
9000000.00014556,-74.9785995483398
9000000.00014557,-75.3397369384766
9000000.00014557,-75.6868667602539
9000000.00014558,-76.011589050293
9000000.00014558,-76.3055114746094
9000000.00014559,-76.5602493286133
9000000.00014559,-76.7674102783203
9000000.0001456,-76.9318237304688
9000000.0001456,-77.0897369384766
9000000.00014561,-77.2395782470703
9000000.00014561,-77.3765182495117
9000000.00014562,-77.495735168457
9000000.00014562,-77.5924072265625
9000000.00014563,-77.6617126464844
9000000.00014563,-77.6988372802734
9000000.00014564,-77.6989440917969
9000000.00014564,-77.6572265625
9000000.00014565,-77.5688552856445
9000000.00014565,-77.4290084838867
9000000.00014566,-77.2328567504883
9000000.00014566,-76.9734344482422
9000000.00014567,-76.6234436035156
9000000.00014567,-76.1868896484375
9000000.00014568,-75.6778030395508
9000000.00014568,-75.1102142333984
9000000.00014569,-74.4981689453125
9000000.00014569,-73.8556976318359
9000000.0001457,-73.1968307495117
9000000.0001457,-72.5356063842773
9000000.00014571,-71.8860473632813
9000000.00014571,-71.26220703125
9000000.00014572,-70.6781005859375
9000000.00014572,-70.1477813720703
9000000.00014573,-69.6852645874023
9000000.00014573,-69.2695007324219
9000000.00014574,-68.8705749511719
9000000.00014574,-68.4892501831055
9000000.00014575,-68.1262893676758
9000000.00014575,-67.7824630737305
9000000.00014576,-67.4585266113281
9000000.00014576,-67.1552581787109
9000000.00014577,-66.8734130859375
9000000.00014577,-66.6137542724609
9000000.00014578,-66.3770523071289
9000000.00014578,-66.1640701293945
9000000.00014579,-65.9755706787109
9000000.00014579,-65.8123168945313
9000000.0001458,-65.6746215820313
9000000.0001458,-65.5612487792969
9000000.00014581,-65.4717407226563
9000000.00014581,-65.4057388305664
9000000.00014582,-65.3628845214844
9000000.00014582,-65.3428268432617
9000000.00014583,-65.3451919555664
9000000.00014583,-65.36962890625
9000000.00014584,-65.4157791137695
9000000.00014584,-65.483283996582
9000000.00014585,-65.5717849731445
9000000.00014585,-65.6809234619141
9000000.00014586,-65.8103332519531
9000000.00014586,-65.9581527709961
9000000.00014587,-66.1064834594727
9000000.00014587,-66.2554168701172
9000000.00014588,-66.4115982055664
9000000.00014588,-66.581672668457
9000000.00014589,-66.7722854614258
9000000.00014589,-66.9900741577148
9000000.0001459,-67.2416839599609
9000000.0001459,-67.5337677001953
9000000.00014591,-67.8729553222656
9000000.00014591,-68.2659072875977
9000000.00014592,-68.7192535400391
9000000.00014592,-69.2396469116211
9000000.00014593,-69.8337249755859
9000000.00014593,-70.564453125
9000000.00014594,-71.4669647216797
9000000.00014594,-72.5061264038086
9000000.00014595,-73.6468200683594
9000000.00014595,-74.8539276123047
9000000.00014596,-76.0923233032227
9000000.00014596,-77.3268890380859
9000000.00014597,-78.5225067138672
9000000.00014597,-79.6440582275391
9000000.00014598,-80.6564102172852
9000000.00014598,-81.5244522094727
9000000.00014599,-82.2130661010742
9000000.00014599,-82.6871185302734
9000000.000146,-82.925651550293
9000000.000146,-82.9667816162109
9000000.00014601,-82.8366928100586
9000000.00014601,-82.5591278076172
9000000.00014602,-82.1578063964844
9000000.00014602,-81.6564636230469
9000000.00014603,-81.0788497924805
9000000.00014603,-80.4486846923828
9000000.00014604,-79.7897109985352
9000000.00014604,-79.1256637573242
9000000.00014605,-78.4802780151367
9000000.00014605,-77.8772811889648
9000000.00014606,-77.3404083251953
9000000.00014606,-76.8866500854492
9000000.00014607,-76.4458160400391
9000000.00014607,-75.9955291748047
9000000.00014608,-75.5388793945313
9000000.00014608,-75.078987121582
9000000.00014609,-74.6189422607422
9000000.00014609,-74.1618576049805
9000000.0001461,-73.7108306884766
9000000.0001461,-73.2689743041992
9000000.00014611,-72.8393859863281
9000000.00014611,-72.4251708984375
9000000.00014612,-72.0294342041016
9000000.00014612,-71.6552734375
9000000.00014613,-71.3058013916016
9000000.00014613,-70.9770812988281
9000000.00014614,-70.6629943847656
9000000.00014614,-70.3633575439453
9000000.00014615,-70.0779724121094
9000000.00014615,-69.8066711425781
9000000.00014616,-69.5492553710938
9000000.00014616,-69.305549621582
9000000.00014617,-69.0753631591797
9000000.00014617,-68.858512878418
9000000.00014618,-68.6548080444336
9000000.00014618,-68.4640731811523
9000000.00014619,-68.2861175537109
9000000.00014619,-68.1207580566406
9000000.0001462,-67.9663467407227
9000000.0001462,-67.8188400268555
9000000.00014621,-67.6796035766602
9000000.00014621,-67.5503997802734
9000000.00014622,-67.432991027832
9000000.00014622,-67.3291549682617
9000000.00014623,-67.2406387329102
9000000.00014623,-67.1692123413086
9000000.00014624,-67.1166534423828
9000000.00014624,-67.0847091674805
9000000.00014625,-67.0751495361328
9000000.00014625,-67.0897369384766
9000000.00014626,-67.1302490234375
9000000.00014626,-67.197151184082
9000000.00014627,-67.2760467529297
9000000.00014627,-67.3651428222656
9000000.00014628,-67.4679260253906
9000000.00014628,-67.5878677368164
9000000.00014629,-67.7284317016602
9000000.00014629,-67.8930969238281
9000000.0001463,-68.085334777832
9000000.0001463,-68.3086166381836
9000000.00014631,-68.5664291381836
9000000.00014631,-68.8622207641602
9000000.00014632,-69.1994934082031
9000000.00014632,-69.5816955566406
9000000.00014633,-70.0123138427734
9000000.00014633,-70.535530090332
9000000.00014634,-71.1773223876953
9000000.00014634,-71.9138412475586
9000000.00014635,-72.7212524414063
9000000.00014635,-73.5757141113281
9000000.00014636,-74.4533767700195
9000000.00014636,-75.3303985595703
9000000.00014637,-76.1829376220703
9000000.00014637,-76.9871597290039
9000000.00014638,-77.7192077636719
9000000.00014638,-78.3552474975586
9000000.00014639,-78.8714370727539
9000000.00014639,-79.2439346313477
9000000.0001464,-79.4599304199219
9000000.0001464,-79.5492553710938
9000000.00014641,-79.5285415649414
9000000.00014641,-79.4123840332031
9000000.00014642,-79.2153549194336
9000000.00014642,-78.9520568847656
9000000.00014643,-78.6370697021484
9000000.00014643,-78.2849731445313
9000000.00014644,-77.9103698730469
9000000.00014644,-77.52783203125
9000000.00014645,-77.1519546508789
9000000.00014645,-76.7973175048828
9000000.00014646,-76.4785079956055
9000000.00014646,-76.2060394287109
9000000.00014647,-75.9376068115234
9000000.00014647,-75.6594619750977
9000000.00014648,-75.3732147216797
9000000.00014648,-75.0804901123047
9000000.00014649,-74.7828979492188
9000000.00014649,-74.4820556640625
9000000.0001465,-74.179573059082
9000000.0001465,-73.8770599365234
9000000.00014651,-73.5761489868164
9000000.00014651,-73.2784423828125
9000000.00014652,-72.9855499267578
9000000.00014652,-72.699104309082
9000000.00014653,-72.4207000732422
9000000.00014653,-72.1434555053711
9000000.00014654,-71.8609008789063
9000000.00014654,-71.575309753418
9000000.00014655,-71.288932800293
9000000.00014655,-71.0040435791016
9000000.00014656,-70.722900390625
9000000.00014656,-70.4477615356445
9000000.00014657,-70.1808929443359
9000000.00014657,-69.9245681762695
9000000.00014658,-69.681037902832
9000000.00014658,-69.4525680541992
9000000.00014659,-69.2414169311523
9000000.00014659,-69.0498580932617
9000000.0001466,-68.8755264282227
9000000.0001466,-68.7057342529297
9000000.00014661,-68.541748046875
9000000.00014661,-68.3859939575195
9000000.00014662,-68.2408905029297
9000000.00014662,-68.10888671875
9000000.00014663,-67.9923858642578
9000000.00014663,-67.8938293457031
9000000.00014664,-67.8156356811523
9000000.00014664,-67.7602386474609
9000000.00014665,-67.7300567626953
9000000.00014665,-67.7275238037109
9000000.00014666,-67.7550659179688
9000000.00014666,-67.8148345947266
9000000.00014667,-67.9045028686523
9000000.00014667,-68.0218658447266
9000000.00014668,-68.1655120849609
9000000.00014668,-68.3340377807617
9000000.00014669,-68.5260620117188
9000000.00014669,-68.7401657104492
9000000.0001467,-68.974967956543
9000000.0001467,-69.2290573120117
9000000.00014671,-69.5010375976563
9000000.00014671,-69.7895126342773
9000000.00014672,-70.0930786132813
9000000.00014672,-70.4103393554688
9000000.00014673,-70.7398986816406
9000000.00014673,-71.1134338378906
9000000.00014674,-71.5539016723633
9000000.00014674,-72.0468444824219
9000000.00014675,-72.5777969360352
9000000.00014675,-73.1322937011719
9000000.00014676,-73.6958694458008
9000000.00014676,-74.2540588378906
9000000.00014677,-74.7923965454102
9000000.00014677,-75.2964172363281
9000000.00014678,-75.7516555786133
9000000.00014678,-76.1436538696289
9000000.00014679,-76.4579391479492
9000000.00014679,-76.680046081543
9000000.0001468,-76.8012771606445
9000000.0001468,-76.8371047973633
9000000.00014681,-76.7983779907227
9000000.00014681,-76.6949691772461
9000000.00014682,-76.5367126464844
9000000.00014682,-76.3334732055664
9000000.00014683,-76.0951080322266
9000000.00014683,-75.8314743041992
9000000.00014684,-75.5524215698242
9000000.00014684,-75.2678070068359
9000000.00014685,-74.9874954223633
9000000.00014685,-74.7213287353516
9000000.00014686,-74.4791793823242
9000000.00014686,-74.2676162719727
9000000.00014687,-74.0520248413086
9000000.00014687,-73.8230361938477
9000000.00014688,-73.5838775634766
9000000.00014688,-73.3377685546875
9000000.00014689,-73.0879364013672
9000000.00014689,-72.8375930786133
9000000.0001469,-72.589973449707
9000000.0001469,-72.3482894897461
9000000.00014691,-72.1157760620117
9000000.00014691,-71.8956451416016
9000000.00014692,-71.6911239624023
9000000.00014692,-71.5054397583008
9000000.00014693,-71.3418121337891
9000000.00014693,-71.1985397338867
9000000.00014694,-71.0708694458008
9000000.00014694,-70.9574508666992
9000000.00014695,-70.8569412231445
9000000.00014695,-70.7679901123047
9000000.00014696,-70.6892395019531
9000000.00014696,-70.6193389892578
9000000.00014697,-70.5569534301758
9000000.00014697,-70.5007247924805
9000000.00014698,-70.4492950439453
9000000.00014698,-70.4013290405273
9000000.00014699,-70.35546875
9000000.00014699,-70.3103637695313
9000000.000147,-70.2642364501953
9000000.000147,-70.2158432006836
9000000.00014701,-70.1669769287109
9000000.00014701,-70.1195983886719
9000000.00014702,-70.0756454467773
9000000.00014702,-70.0370941162109
9000000.00014703,-70.0058822631836
9000000.00014703,-69.9839706420898
9000000.00014704,-69.9733200073242
9000000.00014704,-69.9758834838867
9000000.00014705,-69.9936141967773
9000000.00014705,-70.0284576416016
9000000.00014706,-70.082389831543
9000000.00014706,-70.1546096801758
9000000.00014707,-70.2136611938477
9000000.00014707,-70.2573699951172
9000000.00014708,-70.295051574707
9000000.00014708,-70.3360214233398
9000000.00014709,-70.3896026611328
9000000.00014709,-70.4651184082031
9000000.0001471,-70.5718841552734
9000000.0001471,-70.7192153930664
9000000.00014711,-70.9164276123047
9000000.00014711,-71.1728591918945
9000000.00014712,-71.4978103637695
9000000.00014712,-71.9006042480469
9000000.00014713,-72.3905639648438
9000000.00014713,-73.034065246582
9000000.00014714,-73.8655242919922
9000000.00014714,-74.8463592529297
9000000.00014715,-75.9379959106445
9000000.00014715,-77.1018447875977
9000000.00014716,-78.2993240356445
9000000.00014716,-79.4918518066406
9000000.00014717,-80.6408386230469
9000000.00014717,-81.7077102661133
9000000.00014718,-82.6538696289063
9000000.00014718,-83.4407424926758
9000000.00014719,-84.0297393798828
9000000.00014719,-84.3822860717773
9000000.0001472,-84.4738464355469
9000000.0001472,-84.3421859741211
9000000.00014721,-84.0172576904297
9000000.00014721,-83.526725769043
9000000.00014722,-82.8982620239258
9000000.00014722,-82.1595306396484
9000000.00014723,-81.3381881713867
9000000.00014723,-80.4619140625
9000000.00014724,-79.5583572387695
9000000.00014724,-78.6551971435547
9000000.00014725,-77.7800979614258
9000000.00014725,-76.9607162475586
9000000.00014726,-76.2247314453125
9000000.00014726,-75.5918502807617
9000000.00014727,-74.9794158935547
9000000.00014727,-74.3613357543945
9000000.00014728,-73.7415237426758
9000000.00014728,-73.123893737793
9000000.00014729,-72.5123748779297
9000000.00014729,-71.9108734130859
9000000.0001473,-71.3233184814453
9000000.0001473,-70.7536163330078
9000000.00014731,-70.2057037353516
9000000.00014731,-69.683479309082
9000000.00014732,-69.1908798217773
9000000.00014732,-68.7318115234375
9000000.00014733,-68.3102035522461
9000000.00014733,-67.9204788208008
9000000.00014734,-67.5544967651367
9000000.00014734,-67.2123336791992
9000000.00014735,-66.8940353393555
9000000.00014735,-66.5996627807617
9000000.00014736,-66.3292846679688
9000000.00014736,-66.0829620361328
9000000.00014737,-65.8607482910156
9000000.00014737,-65.6626968383789
9000000.00014738,-65.4888916015625
9000000.00014738,-65.3393707275391
9000000.00014739,-65.2142028808594
9000000.00014739,-65.1134490966797
9000000.0001474,-65.0388031005859
9000000.0001474,-64.9947738647461
9000000.00014741,-64.9799957275391
9000000.00014741,-64.9926605224609
9000000.00014742,-65.0309600830078
9000000.00014742,-65.0930786132813
9000000.00014743,-65.1772155761719
9000000.00014743,-65.2815475463867
9000000.00014744,-65.4042892456055
9000000.00014744,-65.5436096191406
9000000.00014745,-65.6977081298828
9000000.00014745,-65.8647766113281
9000000.00014746,-66.0429992675781
9000000.00014746,-66.2317428588867
9000000.00014747,-66.4440307617188
9000000.00014747,-66.6816558837891
9000000.00014748,-66.9416885375977
9000000.00014748,-67.2211761474609
9000000.00014749,-67.5171813964844
9000000.00014749,-67.8267440795898
9000000.0001475,-68.1469345092773
9000000.0001475,-68.4748077392578
9000000.00014751,-68.8074035644531
9000000.00014751,-69.1417922973633
9000000.00014752,-69.4750213623047
9000000.00014752,-69.8041458129883
9000000.00014753,-70.1262283325195
9000000.00014753,-70.4572448730469
9000000.00014754,-70.8112945556641
9000000.00014754,-71.1825790405273
9000000.00014755,-71.5653228759766
9000000.00014755,-71.953727722168
9000000.00014756,-72.3420181274414
9000000.00014756,-72.7244033813477
9000000.00014757,-73.095100402832
9000000.00014757,-73.4483184814453
9000000.00014758,-73.7782745361328
9000000.00014758,-74.0791702270508
9000000.00014759,-74.3452377319336
9000000.00014759,-74.5706787109375
9000000.0001476,-74.7556610107422
9000000.0001476,-74.9164505004883
9000000.00014761,-75.0544662475586
9000000.00014761,-75.1697692871094
9000000.00014762,-75.2624130249023
9000000.00014762,-75.3324432373047
9000000.00014763,-75.3799209594727
9000000.00014763,-75.4048919677734
9000000.00014764,-75.4074096679688
9000000.00014764,-75.3875198364258
9000000.00014765,-75.3452911376953
9000000.00014765,-75.2807540893555
9000000.00014766,-75.193977355957
9000000.00014766,-75.0831298828125
9000000.00014767,-74.9261016845703
9000000.00014767,-74.7225570678711
9000000.00014768,-74.4802474975586
9000000.00014768,-74.2069396972656
9000000.00014769,-73.9103775024414
9000000.00014769,-73.5983123779297
9000000.0001477,-73.2785110473633
9000000.0001477,-72.9587249755859
9000000.00014771,-72.6466979980469
9000000.00014771,-72.3501968383789
9000000.00014772,-72.0769805908203
9000000.00014772,-71.8347854614258
9000000.00014773,-71.6313781738281
9000000.00014773,-71.4580993652344
9000000.00014774,-71.3004379272461
9000000.00014774,-71.1573638916016
9000000.00014775,-71.0278472900391
9000000.00014775,-70.9108657836914
9000000.00014776,-70.8053894042969
9000000.00014776,-70.7103881835938
9000000.00014777,-70.6248397827148
9000000.00014777,-70.5477066040039
9000000.00014778,-70.4779663085938
9000000.00014778,-70.4145965576172
9000000.00014779,-70.356559753418
9000000.00014779,-70.3028411865234
9000000.0001478,-70.2522659301758
9000000.0001478,-70.2044830322266
9000000.00014781,-70.1606674194336
9000000.00014781,-70.1221084594727
9000000.00014782,-70.0900650024414
9000000.00014782,-70.0658111572266
9000000.00014783,-70.0506210327148
9000000.00014783,-70.0457611083984
9000000.00014784,-70.0524978637695
9000000.00014784,-70.0721130371094
9000000.00014785,-70.1058654785156
9000000.00014785,-70.1550369262695
9000000.00014786,-70.2208862304688
9000000.00014786,-70.3047637939453
9000000.00014787,-70.407958984375
9000000.00014787,-70.5293579101563
9000000.00014788,-70.6673202514648
9000000.00014788,-70.8202362060547
9000000.00014789,-70.9864883422852
9000000.00014789,-71.1644592285156
9000000.0001479,-71.3525238037109
9000000.0001479,-71.5490646362305
9000000.00014791,-71.7524642944336
9000000.00014791,-71.9610977172852
9000000.00014792,-72.1733474731445
9000000.00014792,-72.3875961303711
9000000.00014793,-72.6022262573242
9000000.00014793,-72.8341903686523
9000000.00014794,-73.0967559814453
9000000.00014794,-73.3827590942383
9000000.00014795,-73.68505859375
9000000.00014795,-73.9964904785156
9000000.00014796,-74.3099060058594
9000000.00014796,-74.6181488037109
9000000.00014797,-74.9140701293945
9000000.00014797,-75.1905136108398
9000000.00014798,-75.440315246582
9000000.00014798,-75.6563415527344
9000000.00014799,-75.8314208984375
9000000.00014799,-75.9584121704102
9000000.000148,-76.0336837768555
9000000.000148,-76.0667877197266
9000000.00014801,-76.0625457763672
9000000.00014801,-76.0251007080078
9000000.00014802,-75.9585876464844
9000000.00014802,-75.8671646118164
9000000.00014803,-75.7549667358398
9000000.00014803,-75.6261444091797
9000000.00014804,-75.4848327636719
9000000.00014804,-75.3351745605469
9000000.00014805,-75.1813278198242
9000000.00014805,-75.0274200439453
9000000.00014806,-74.8776092529297
9000000.00014806,-74.7345733642578
9000000.00014807,-74.5827789306641
9000000.00014807,-74.4182739257813
9000000.00014808,-74.2427597045898
9000000.00014808,-74.0579452514648
9000000.00014809,-73.8655166625977
9000000.00014809,-73.6671752929688
9000000.0001481,-73.4646301269531
9000000.0001481,-73.2595672607422
9000000.00014811,-73.0536956787109
9000000.00014811,-72.8487091064453
9000000.00014812,-72.6463088989258
9000000.00014812,-72.4481964111328
9000000.00014813,-72.2560729980469
9000000.00014813,-72.0654907226563
9000000.00014814,-71.8715438842773
9000000.00014814,-71.6752548217773
9000000.00014815,-71.4776306152344
9000000.00014815,-71.2796936035156
9000000.00014816,-71.0824508666992
9000000.00014816,-70.8869094848633
9000000.00014817,-70.6940994262695
9000000.00014817,-70.5050201416016
9000000.00014818,-70.3207015991211
9000000.00014818,-70.1421432495117
9000000.00014819,-69.9703598022461
9000000.00014819,-69.8063735961914
9000000.0001482,-69.6485214233398
9000000.0001482,-69.4894790649414
9000000.00014821,-69.3302841186523
9000000.00014821,-69.1726684570313
9000000.00014822,-69.0183486938477
9000000.00014822,-68.8690490722656
9000000.00014823,-68.7264938354492
9000000.00014823,-68.5924072265625
9000000.00014824,-68.4685211181641
9000000.00014824,-68.3565368652344
9000000.00014825,-68.2582015991211
9000000.00014825,-68.1752243041992
9000000.00014826,-68.1093368530273
9000000.00014826,-68.0622634887695
9000000.00014827,-68.0347442626953
9000000.00014827,-68.0252304077148
9000000.00014828,-68.0318908691406
9000000.00014828,-68.0528793334961
9000000.00014829,-68.0863800048828
9000000.00014829,-68.1305465698242
9000000.0001483,-68.1835403442383
9000000.0001483,-68.2435455322266
9000000.00014831,-68.308708190918
9000000.00014831,-68.3772048950195
9000000.00014832,-68.4471969604492
9000000.00014832,-68.516845703125
9000000.00014833,-68.5843353271484
9000000.00014833,-68.6620025634766
9000000.00014834,-68.76025390625
9000000.00014834,-68.8743209838867
9000000.00014835,-68.9994354248047
9000000.00014835,-69.1308059692383
9000000.00014836,-69.2636795043945
9000000.00014836,-69.3932723999023
9000000.00014837,-69.5148162841797
9000000.00014837,-69.62353515625
9000000.00014838,-69.7146606445313
9000000.00014838,-69.7834167480469
9000000.00014839,-69.8250274658203
9000000.00014839,-69.8347320556641
9000000.0001484,-69.8109283447266
9000000.0001484,-69.7622756958008
9000000.00014841,-69.6913223266602
9000000.00014841,-69.5999526977539
9000000.00014842,-69.4900588989258
9000000.00014842,-69.3635177612305
9000000.00014843,-69.2222137451172
9000000.00014843,-69.0680236816406
9000000.00014844,-68.9028396606445
9000000.00014844,-68.7285461425781
9000000.00014845,-68.5470275878906
9000000.00014845,-68.3601608276367
9000000.00014846,-68.1698303222656
9000000.00014846,-67.9764556884766
9000000.00014847,-67.763557434082
9000000.00014847,-67.5291976928711
9000000.00014848,-67.2774963378906
9000000.00014848,-67.0125503540039
9000000.00014849,-66.7384490966797
9000000.00014849,-66.4592971801758
9000000.0001485,-66.17919921875
9000000.0001485,-65.9022521972656
9000000.00014851,-65.6325531005859
9000000.00014851,-65.3742065429688
9000000.00014852,-65.1313095092773
9000000.00014852,-64.9079666137695
9000000.00014853,-64.7082748413086
9000000.00014853,-64.5224761962891
9000000.00014854,-64.3393783569336
9000000.00014854,-64.1609802246094
9000000.00014855,-63.9892463684082
9000000.00014855,-63.8261642456055
9000000.00014856,-63.6737098693848
9000000.00014856,-63.533863067627
9000000.00014857,-63.4086036682129
9000000.00014857,-63.2999114990234
9000000.00014858,-63.2097625732422
9000000.00014858,-63.1401443481445
9000000.00014859,-63.0930252075195
9000000.00014859,-63.0703926086426
9000000.0001486,-63.0714073181152
9000000.0001486,-63.0883522033691
9000000.00014861,-63.1213607788086
9000000.00014861,-63.1712455749512
9000000.00014862,-63.2388229370117
9000000.00014862,-63.3249053955078
9000000.00014863,-63.4303131103516
9000000.00014863,-63.5558586120605
9000000.00014864,-63.7023506164551
9000000.00014864,-63.8706130981445
9000000.00014865,-64.0614547729492
9000000.00014865,-64.2756958007813
9000000.00014866,-64.5141448974609
9000000.00014866,-64.7773895263672
9000000.00014867,-65.0630950927734
9000000.00014867,-65.3704833984375
9000000.00014868,-65.6996459960938
9000000.00014868,-66.050666809082
9000000.00014869,-66.4236145019531
9000000.00014869,-66.8185958862305
9000000.0001487,-67.2356719970703
9000000.0001487,-67.6749496459961
9000000.00014871,-68.1364898681641
9000000.00014871,-68.6203918457031
9000000.00014872,-69.1267318725586
9000000.00014872,-69.6556015014648
9000000.00014873,-70.2070693969727
9000000.00014873,-70.8290786743164
9000000.00014874,-71.5538940429688
9000000.00014874,-72.3581619262695
9000000.00014875,-73.218505859375
9000000.00014875,-74.1115570068359
9000000.00014876,-75.0139389038086
9000000.00014876,-75.9022903442383
9000000.00014877,-76.7532424926758
9000000.00014877,-77.5434112548828
9000000.00014878,-78.2494430541992
9000000.00014878,-78.8479537963867
9000000.00014879,-79.3155822753906
9000000.00014879,-79.6289596557617
9000000.0001488,-79.772087097168
9000000.0001488,-79.7646789550781
9000000.00014881,-79.6258087158203
9000000.00014881,-79.3734283447266
9000000.00014882,-79.0255279541016
9000000.00014882,-78.6000671386719
9000000.00014883,-78.1150360107422
9000000.00014883,-77.5883941650391
9000000.00014884,-77.0381164550781
9000000.00014884,-76.482177734375
9000000.00014885,-75.9385528564453
9000000.00014885,-75.4252166748047
9000000.00014886,-74.9601364135742
9000000.00014886,-74.5558853149414
9000000.00014887,-74.1558685302734
9000000.00014887,-73.7430877685547
9000000.00014888,-73.3211059570313
9000000.00014888,-72.8935012817383
9000000.00014889,-72.4638290405273
9000000.00014889,-72.0356597900391
9000000.0001489,-71.6125640869141
9000000.0001489,-71.198112487793
9000000.00014891,-70.7958602905273
9000000.00014891,-70.4093856811523
9000000.00014892,-70.0422515869141
9000000.00014892,-69.6980209350586
9000000.00014893,-69.3802642822266
9000000.00014893,-69.0842895507813
9000000.00014894,-68.8029403686523
9000000.00014894,-68.5360794067383
9000000.00014895,-68.2835922241211
9000000.00014895,-68.0453414916992
9000000.00014896,-67.8212127685547
9000000.00014896,-67.611083984375
9000000.00014897,-67.4148101806641
9000000.00014897,-67.2322845458984
9000000.00014898,-67.0633773803711
9000000.00014898,-66.9079513549805
9000000.00014899,-66.7658996582031
9000000.00014899,-66.6370849609375
9000000.000149,-66.5206832885742
9000000.000149,-66.4147872924805
9000000.00014901,-66.3200836181641
9000000.00014901,-66.2374420166016
9000000.00014902,-66.1677474975586
9000000.00014902,-66.1118774414063
9000000.00014903,-66.0707092285156
9000000.00014903,-66.0451278686523
9000000.00014904,-66.0360107421875
9000000.00014904,-66.0442276000977
9000000.00014905,-66.070671081543
9000000.00014905,-66.1162109375
9000000.00014906,-66.1817321777344
9000000.00014906,-66.2672348022461
9000000.00014907,-66.3627319335938
9000000.00014907,-66.4673156738281
9000000.00014908,-66.5836944580078
9000000.00014908,-66.7145843505859
9000000.00014909,-66.8627090454102
9000000.00014909,-67.0307922363281
9000000.0001491,-67.2215423583984
9000000.0001491,-67.4376831054688
9000000.00014911,-67.6819381713867
9000000.00014911,-67.9570236206055
9000000.00014912,-68.2656478881836
9000000.00014912,-68.6105422973633
9000000.00014913,-68.9944229125977
9000000.00014913,-69.4518966674805
9000000.00014914,-70.0033111572266
9000000.00014914,-70.6299819946289
9000000.00014915,-71.3132553100586
9000000.00014915,-72.0344390869141
9000000.00014916,-72.7748718261719
9000000.00014916,-73.5158767700195
9000000.00014917,-74.2387847900391
9000000.00014917,-74.924919128418
9000000.00014918,-75.5556106567383
9000000.00014918,-76.1121826171875
9000000.00014919,-76.5759658813477
9000000.00014919,-76.9282836914063
9000000.0001492,-77.1609725952148
9000000.0001492,-77.3025131225586
9000000.00014921,-77.3644561767578
9000000.00014921,-77.3562469482422
9000000.00014922,-77.2873229980469
9000000.00014922,-77.167121887207
9000000.00014923,-77.0050964355469
9000000.00014923,-76.8106842041016
9000000.00014924,-76.5933227539063
9000000.00014924,-76.3624496459961
9000000.00014925,-76.1275253295898
9000000.00014925,-75.8979797363281
9000000.00014926,-75.6832504272461
9000000.00014926,-75.4890594482422
9000000.00014927,-75.2752227783203
9000000.00014927,-75.0326614379883
9000000.00014928,-74.7669525146484
9000000.00014928,-74.4836502075195
9000000.00014929,-74.1883316040039
9000000.00014929,-73.8865432739258
9000000.0001493,-73.583869934082
9000000.0001493,-73.2858581542969
9000000.00014931,-72.9980773925781
9000000.00014931,-72.7260971069336
9000000.00014932,-72.4754791259766
9000000.00014932,-72.2517852783203
9000000.00014933,-72.0605850219727
9000000.00014933,-71.8966751098633
9000000.00014934,-71.7503509521484
9000000.00014934,-71.6203689575195
9000000.00014935,-71.5054931640625
9000000.00014935,-71.4044952392578
9000000.00014936,-71.3161315917969
9000000.00014936,-71.2391738891602
9000000.00014937,-71.1723785400391
9000000.00014937,-71.1145172119141
9000000.00014938,-71.0643539428711
9000000.00014938,-71.0206451416016
9000000.00014939,-70.9821701049805
9000000.00014939,-70.9476852416992
9000000.0001494,-70.9182205200195
9000000.0001494,-70.8999786376953
9000000.00014941,-70.8924865722656
9000000.00014941,-70.8946838378906
9000000.00014942,-70.9055328369141
9000000.00014942,-70.9239883422852
9000000.00014943,-70.9489898681641
9000000.00014943,-70.9794998168945
9000000.00014944,-71.0144729614258
9000000.00014944,-71.052848815918
9000000.00014945,-71.0935974121094
9000000.00014945,-71.1356658935547
9000000.00014946,-71.1779937744141
9000000.00014946,-71.2204360961914
9000000.00014947,-71.2729721069336
9000000.00014947,-71.3366851806641
9000000.00014948,-71.4089965820313
9000000.00014948,-71.4873504638672
9000000.00014949,-71.5691604614258
9000000.00014949,-71.6518707275391
9000000.0001495,-71.7329025268555
9000000.0001495,-71.8096923828125
9000000.00014951,-71.8796691894531
9000000.00014951,-71.9402542114258
9000000.00014952,-71.988883972168
9000000.00014952,-72.0229949951172
9000000.00014953,-72.0400009155273
9000000.00014953,-72.044792175293
9000000.00014954,-72.0435333251953
9000000.00014954,-72.0355911254883
9000000.00014955,-72.0203170776367
9000000.00014955,-71.9970855712891
9000000.00014956,-71.9652557373047
9000000.00014956,-71.9241943359375
9000000.00014957,-71.8732681274414
9000000.00014957,-71.8118286132813
9000000.00014958,-71.7392501831055
9000000.00014958,-71.654899597168
9000000.00014959,-71.5581283569336
9000000.00014959,-71.4483108520508
9000000.0001496,-71.3238372802734
9000000.0001496,-71.1820449829102
9000000.00014961,-71.0243759155273
9000000.00014961,-70.8525619506836
9000000.00014962,-70.6683349609375
9000000.00014962,-70.4734115600586
9000000.00014963,-70.2695388793945
9000000.00014963,-70.0584411621094
9000000.00014964,-69.8418426513672
9000000.00014964,-69.6214828491211
9000000.00014965,-69.3990783691406
9000000.00014965,-69.1763763427734
9000000.00014966,-68.9550933837891
9000000.00014966,-68.7358016967773
9000000.00014967,-68.5054168701172
9000000.00014967,-68.2621994018555
9000000.00014968,-68.0092010498047
9000000.00014968,-67.7494354248047
9000000.00014969,-67.4859619140625
9000000.00014969,-67.2218017578125
9000000.0001497,-66.9599914550781
9000000.0001497,-66.7035751342773
9000000.00014971,-66.4555740356445
9000000.00014971,-66.2190475463867
9000000.00014972,-65.9970092773438
9000000.00014972,-65.7925033569336
9000000.00014973,-65.6085739135742
9000000.00014973,-65.4379577636719
9000000.00014974,-65.2723617553711
9000000.00014974,-65.1132736206055
9000000.00014975,-64.962158203125
9000000.00014975,-64.8205032348633
9000000.00014976,-64.6897735595703
9000000.00014976,-64.5714569091797
9000000.00014977,-64.4670257568359
9000000.00014977,-64.3779602050781
9000000.00014978,-64.3057403564453
9000000.00014978,-64.2518310546875
9000000.00014979,-64.2177200317383
9000000.00014979,-64.2048797607422
9000000.0001498,-64.2150192260742
9000000.0001498,-64.2488098144531
9000000.00014981,-64.3044891357422
9000000.00014981,-64.3801879882813
9000000.00014982,-64.4740219116211
9000000.00014982,-64.5841217041016
9000000.00014983,-64.7085952758789
9000000.00014983,-64.8455810546875
9000000.00014984,-64.9931869506836
9000000.00014984,-65.1495361328125
9000000.00014985,-65.3127593994141
9000000.00014985,-65.4809722900391
9000000.00014986,-65.6522979736328
9000000.00014986,-65.8265075683594
9000000.00014987,-66.0221786499023
9000000.00014987,-66.2412719726563
9000000.00014988,-66.4789199829102
9000000.00014988,-66.7302932739258
9000000.00014989,-66.9905319213867
9000000.00014989,-67.2547912597656
9000000.0001499,-67.5182189941406
9000000.0001499,-67.7759780883789
9000000.00014991,-68.0232162475586
9000000.00014991,-68.2550735473633
9000000.00014992,-68.4667205810547
9000000.00014992,-68.6532974243164
9000000.00014993,-68.8099594116211
9000000.00014993,-68.9407806396484
9000000.00014994,-69.0539398193359
9000000.00014994,-69.1507186889648
9000000.00014995,-69.232421875
9000000.00014995,-69.3003311157227
9000000.00014996,-69.3557434082031
9000000.00014996,-69.3999481201172
9000000.00014997,-69.4342346191406
9000000.00014997,-69.4598999023438
9000000.00014998,-69.4782409667969
9000000.00014998,-69.4905319213867
9000000.00014999,-69.4980850219727
9000000.00014999,-69.5021820068359
9000000.00015,-69.5016250610352
9000000.00015,-69.4896011352539
9000000.00015001,-69.4667053222656
9000000.00015001,-69.4341659545898
9000000.00015002,-69.3932037353516
9000000.00015002,-69.3450317382813
9000000.00015003,-69.2908782958984
9000000.00015003,-69.2319717407227
9000000.00015004,-69.1695327758789
9000000.00015004,-69.1047744750977
9000000.00015005,-69.0389251708984
9000000.00015005,-68.9732055664063
9000000.00015006,-68.9088363647461
9000000.00015006,-68.846435546875
9000000.00015007,-68.7792587280273
9000000.00015007,-68.7061157226563
9000000.00015008,-68.6282653808594
9000000.00015008,-68.5469741821289
9000000.00015009,-68.4635009765625
9000000.00015009,-68.3791046142578
9000000.0001501,-68.295051574707
9000000.0001501,-68.2126007080078
9000000.00015011,-68.1330108642578
9000000.00015011,-68.0575408935547
9000000.00015012,-67.9874649047852
9000000.00015012,-67.9240264892578
9000000.00015013,-67.8684997558594
9000000.00015013,-67.8180236816406
9000000.00015014,-67.7692337036133
9000000.00015014,-67.7226943969727
9000000.00015015,-67.6789321899414
9000000.00015015,-67.6384963989258
9000000.00015016,-67.601921081543
9000000.00015016,-67.5697479248047
9000000.00015017,-67.5425262451172
9000000.00015017,-67.5207901000977
9000000.00015018,-67.5050888061523
9000000.00015018,-67.4959564208984
9000000.00015019,-67.4939346313477
9000000.00015019,-67.4995651245117
9000000.0001502,-67.5124816894531
9000000.0001502,-67.5301513671875
9000000.00015021,-67.5527420043945
9000000.00015021,-67.5806198120117
9000000.00015022,-67.6141815185547
9000000.00015022,-67.6537933349609
9000000.00015023,-67.699836730957
9000000.00015023,-67.7526931762695
9000000.00015024,-67.812744140625
9000000.00015024,-67.8803634643555
9000000.00015025,-67.955940246582
9000000.00015025,-68.0398406982422
9000000.00015026,-68.132453918457
9000000.00015026,-68.2350311279297
9000000.00015027,-68.3579940795898
9000000.00015027,-68.5011215209961
9000000.00015028,-68.6604080200195
9000000.00015028,-68.8318176269531
9000000.00015029,-69.0113372802734
9000000.00015029,-69.1949310302734
9000000.0001503,-69.3785781860352
9000000.0001503,-69.5582580566406
9000000.00015031,-69.7299499511719
9000000.00015031,-69.8896255493164
9000000.00015032,-70.0332565307617
9000000.00015032,-70.1568298339844
9000000.00015033,-70.2563095092773
9000000.00015033,-70.3369598388672
9000000.00015034,-70.4068145751953
9000000.00015034,-70.4660415649414
9000000.00015035,-70.5148086547852
9000000.00015035,-70.5532760620117
9000000.00015036,-70.5815963745117
9000000.00015036,-70.5999526977539
9000000.00015037,-70.6084976196289
9000000.00015037,-70.6073989868164
9000000.00015038,-70.5968170166016
9000000.00015038,-70.5769195556641
9000000.00015039,-70.5478591918945
9000000.00015039,-70.5098190307617
9000000.0001504,-70.4599685668945
9000000.0001504,-70.3901214599609
9000000.00015041,-70.3024673461914
9000000.00015041,-70.1999969482422
9000000.00015042,-70.085693359375
9000000.00015042,-69.9625625610352
9000000.00015043,-69.8335876464844
9000000.00015043,-69.7017517089844
9000000.00015044,-69.5700531005859
9000000.00015044,-69.4414825439453
9000000.00015045,-69.3190307617188
9000000.00015045,-69.2056884765625
9000000.00015046,-69.1044387817383
9000000.00015046,-69.0174255371094
9000000.00015047,-68.9358367919922
9000000.00015047,-68.8568420410156
9000000.00015048,-68.7808380126953
9000000.00015048,-68.7081909179688
9000000.00015049,-68.639289855957
9000000.00015049,-68.5745239257813
9000000.0001505,-68.514274597168
9000000.0001505,-68.4589233398438
9000000.00015051,-68.4088516235352
9000000.00015051,-68.3644485473633
9000000.00015052,-68.3260879516602
9000000.00015052,-68.2941589355469
9000000.00015053,-68.26904296875
9000000.00015053,-68.2527542114258
9000000.00015054,-68.246223449707
9000000.00015054,-68.2482070922852
9000000.00015055,-68.2574691772461
9000000.00015055,-68.2727737426758
9000000.00015056,-68.2928924560547
9000000.00015056,-68.3165817260742
9000000.00015057,-68.3425979614258
9000000.00015057,-68.3697128295898
9000000.00015058,-68.3966827392578
9000000.00015058,-68.4222717285156
9000000.00015059,-68.4452514648438
9000000.00015059,-68.4643783569336
9000000.0001506,-68.4780883789063
9000000.0001506,-68.4854736328125
9000000.00015061,-68.4881057739258
9000000.00015061,-68.4876937866211
9000000.00015062,-68.485954284668
9000000.00015062,-68.4845809936523
9000000.00015063,-68.4852981567383
9000000.00015063,-68.4898071289063
9000000.00015064,-68.4998245239258
9000000.00015064,-68.5170593261719
9000000.00015065,-68.543212890625
9000000.00015065,-68.5799942016602
9000000.00015066,-68.6291275024414
9000000.00015066,-68.6904678344727
9000000.00015067,-68.7430191040039
9000000.00015067,-68.7849426269531
9000000.00015068,-68.8221130371094
9000000.00015068,-68.8603668212891
9000000.00015069,-68.9055709838867
9000000.00015069,-68.9635696411133
9000000.0001507,-69.0402145385742
9000000.0001507,-69.1413650512695
9000000.00015071,-69.2728805541992
9000000.00015071,-69.4405975341797
9000000.00015072,-69.6503829956055
9000000.00015072,-69.908088684082
9000000.00015073,-70.2195663452148
9000000.00015073,-70.6227264404297
9000000.00015074,-71.1366577148438
9000000.00015074,-71.7389602661133
9000000.00015075,-72.4072265625
9000000.00015075,-73.1190567016602
9000000.00015076,-73.85205078125
9000000.00015076,-74.5838088989258
9000000.00015077,-75.2919311523438
9000000.00015077,-75.9540176391602
9000000.00015078,-76.5476608276367
9000000.00015078,-77.0504684448242
9000000.00015079,-77.4400329589844
9000000.00015079,-77.6939544677734
9000000.0001508,-77.8015670776367
9000000.0001508,-77.7946395874023
9000000.00015081,-77.6877288818359
9000000.00015081,-77.4930725097656
9000000.00015082,-77.2229385375977
9000000.00015082,-76.8895797729492
9000000.00015083,-76.5052490234375
9000000.00015083,-76.0821990966797
9000000.00015084,-75.6326904296875
9000000.00015084,-75.1689682006836
9000000.00015085,-74.7032928466797
9000000.00015085,-74.2479248046875
9000000.00015086,-73.8151092529297
9000000.00015086,-73.4124221801758
9000000.00015087,-72.9894638061523
9000000.00015087,-72.5344924926758
9000000.00015088,-72.0541076660156
9000000.00015088,-71.5549163818359
9000000.00015089,-71.0435028076172
9000000.00015089,-70.5264663696289
9000000.0001509,-70.0104064941406
9000000.0001509,-69.5019302368164
9000000.00015091,-69.0076217651367
9000000.00015091,-68.5340881347656
9000000.00015092,-68.0879135131836
9000000.00015092,-67.6757125854492
9000000.00015093,-67.304069519043
9000000.00015093,-66.9619369506836
9000000.00015094,-66.6344757080078
9000000.00015094,-66.3225936889648
9000000.00015095,-66.0272216796875
9000000.00015095,-65.7492828369141
9000000.00015096,-65.4896926879883
9000000.00015096,-65.2493667602539
9000000.00015097,-65.0292358398438
9000000.00015097,-64.8302230834961
9000000.00015098,-64.6532363891602
9000000.00015098,-64.4992065429688
9000000.00015099,-64.3690490722656
9000000.00015099,-64.2636947631836
9000000.000151,-64.1826477050781
9000000.000151,-64.1220550537109
9000000.00015101,-64.0820541381836
9000000.00015101,-64.0631408691406
9000000.00015102,-64.0657730102539
9000000.00015102,-64.090446472168
9000000.00015103,-64.1376419067383
9000000.00015103,-64.2078399658203
9000000.00015104,-64.301513671875
9000000.00015104,-64.4191436767578
9000000.00015105,-64.5612258911133
9000000.00015105,-64.7282257080078
9000000.00015106,-64.9206314086914
9000000.00015106,-65.1398773193359
9000000.00015107,-65.3974151611328
9000000.00015107,-65.6929626464844
9000000.00015108,-66.0220413208008
9000000.00015108,-66.3801574707031
9000000.00015109,-66.7628479003906
9000000.00015109,-67.1656188964844
9000000.0001511,-67.5839996337891
9000000.0001511,-68.0135040283203
9000000.00015111,-68.4496459960938
9000000.00015111,-68.8879547119141
9000000.00015112,-69.3239517211914
9000000.00015112,-69.7531433105469
9000000.00015113,-70.1710586547852
9000000.00015113,-70.6093139648438
9000000.00015114,-71.0942687988281
9000000.00015114,-71.6135864257813
9000000.00015115,-72.1548919677734
9000000.00015115,-72.7058486938477
9000000.00015116,-73.2540969848633
9000000.00015116,-73.7872772216797
9000000.00015117,-74.2930450439453
9000000.00015117,-74.7590484619141
9000000.00015118,-75.1729278564453
9000000.00015118,-75.522331237793
9000000.00015119,-75.7949066162109
9000000.00015119,-75.9783020019531
9000000.0001512,-76.0640411376953
9000000.0001512,-76.0624923706055
9000000.00015121,-75.9837493896484
9000000.00015121,-75.8373336791992
9000000.00015122,-75.6327590942383
9000000.00015122,-75.3795547485352
9000000.00015123,-75.0872344970703
9000000.00015123,-74.7653274536133
9000000.00015124,-74.4233474731445
9000000.00015124,-74.0708160400391
9000000.00015125,-73.7172546386719
9000000.00015125,-73.3721923828125
9000000.00015126,-73.0451431274414
9000000.00015126,-72.7421569824219
9000000.00015127,-72.4261474609375
9000000.00015127,-72.0880126953125
9000000.00015128,-71.7321472167969
9000000.00015128,-71.3629684448242
9000000.00015129,-70.98486328125
9000000.00015129,-70.6022338867188
9000000.0001513,-70.2194900512695
9000000.0001513,-69.8410186767578
9000000.00015131,-69.4712295532227
9000000.00015131,-69.1145248413086
9000000.00015132,-68.7752990722656
9000000.00015132,-68.4579544067383
9000000.00015133,-68.1668853759766
9000000.00015133,-67.8923873901367
9000000.00015134,-67.6229553222656
9000000.00015134,-67.3603591918945
9000000.00015135,-67.1063537597656
9000000.00015135,-66.8626937866211
9000000.00015136,-66.6311264038086
9000000.00015136,-66.4134216308594
9000000.00015137,-66.2113265991211
9000000.00015137,-66.0266036987305
9000000.00015138,-65.8610000610352
9000000.00015138,-65.7162780761719
9000000.00015139,-65.5942001342773
9000000.00015139,-65.4965057373047
9000000.0001514,-65.421272277832
9000000.0001514,-65.3583297729492
9000000.00015141,-65.3087692260742
9000000.00015141,-65.2745742797852
9000000.00015142,-65.2577514648438
9000000.00015142,-65.2603073120117
9000000.00015143,-65.2842407226563
9000000.00015143,-65.33154296875
9000000.00015144,-65.4042205810547
9000000.00015144,-65.504280090332
9000000.00015145,-65.6337203979492
9000000.00015145,-65.7945327758789
9000000.00015146,-65.9887313842773
9000000.00015146,-66.2192611694336
9000000.00015147,-66.4980850219727
9000000.00015147,-66.8235626220703
9000000.00015148,-67.1896438598633
9000000.00015148,-67.5902633666992
9000000.00015149,-68.0193786621094
9000000.00015149,-68.4709320068359
9000000.0001515,-68.9388885498047
9000000.0001515,-69.4171752929688
9000000.00015151,-69.8997497558594
9000000.00015151,-70.3805618286133
9000000.00015152,-70.8535614013672
9000000.00015152,-71.3126983642578
9000000.00015153,-71.7519073486328
9000000.00015153,-72.2097091674805
9000000.00015154,-72.7188873291016
9000000.00015154,-73.2647857666016
9000000.00015155,-73.8327713012695
9000000.00015155,-74.4081878662109
9000000.00015156,-74.9763870239258
9000000.00015156,-75.5227432250977
9000000.00015157,-76.0325927734375
9000000.00015157,-76.4912948608398
9000000.00015158,-76.8842086791992
9000000.00015158,-77.1966781616211
9000000.00015159,-77.4140701293945
9000000.00015159,-77.5217437744141
9000000.0001516,-77.5043029785156
9000000.0001516,-77.3593826293945
9000000.00015161,-77.1031723022461
9000000.00015161,-76.7526321411133
9000000.00015162,-76.3247375488281
9000000.00015162,-75.8364486694336
9000000.00015163,-75.3047256469727
9000000.00015163,-74.7465438842773
9000000.00015164,-74.1788635253906
9000000.00015164,-73.61865234375
9000000.00015165,-73.0828628540039
9000000.00015165,-72.5884780883789
9000000.00015166,-72.1524505615234
9000000.00015166,-71.7873001098633
9000000.00015167,-71.4473114013672
9000000.00015167,-71.1165390014648
9000000.00015168,-70.7956314086914
9000000.00015168,-70.485237121582
9000000.00015169,-70.1860046386719
9000000.00015169,-69.8985900878906
9000000.0001517,-69.6236343383789
9000000.0001517,-69.3617935180664
9000000.00015171,-69.1137084960938
9000000.00015171,-68.8800430297852
9000000.00015172,-68.6614303588867
9000000.00015172,-68.4585266113281
9000000.00015173,-68.2719802856445
9000000.00015173,-68.1021347045898
9000000.00015174,-67.9484786987305
9000000.00015174,-67.810417175293
9000000.00015175,-67.6873397827148
9000000.00015175,-67.5786590576172
9000000.00015176,-67.4837646484375
9000000.00015176,-67.4020538330078
9000000.00015177,-67.3329315185547
9000000.00015177,-67.2757873535156
9000000.00015178,-67.2300186157227
9000000.00015178,-67.1950378417969
9000000.00015179,-67.1702270507813
9000000.00015179,-67.1549911499023
9000000.0001518,-67.1482391357422
9000000.0001518,-67.1485900878906
9000000.00015181,-67.1570739746094
9000000.00015181,-67.1748886108398
9000000.00015182,-67.2032241821289
9000000.00015182,-67.2432708740234
9000000.00015183,-67.2962188720703
9000000.00015183,-67.3632583618164
9000000.00015184,-67.4455947875977
9000000.00015184,-67.5444030761719
9000000.00015185,-67.6608810424805
9000000.00015185,-67.7962188720703
9000000.00015186,-67.9516143798828
9000000.00015186,-68.1285781860352
9000000.00015187,-68.3314895629883
9000000.00015187,-68.5593109130859
9000000.00015188,-68.8094253540039
9000000.00015188,-69.0792007446289
9000000.00015189,-69.3660125732422
9000000.00015189,-69.6672286987305
9000000.0001519,-69.980224609375
9000000.0001519,-70.302375793457
9000000.00015191,-70.6310501098633
9000000.00015191,-70.9636154174805
9000000.00015192,-71.2974548339844
9000000.00015192,-71.6299362182617
9000000.00015193,-71.9584274291992
9000000.00015193,-72.3179244995117
9000000.00015194,-72.7350082397461
9000000.00015194,-73.1944274902344
9000000.00015195,-73.6809387207031
9000000.00015195,-74.1792831420898
9000000.00015196,-74.6742324829102
9000000.00015196,-75.150520324707
9000000.00015197,-75.592903137207
9000000.00015197,-75.9861373901367
9000000.00015198,-76.3149719238281
9000000.00015198,-76.5641632080078
9000000.00015199,-76.7184524536133
9000000.00015199,-76.7626037597656
9000000.000152,-76.6822509765625
9000000.000152,-76.4794387817383
9000000.00015201,-76.1697311401367
9000000.00015201,-75.7690277099609
9000000.00015202,-75.2932510375977
9000000.00015202,-74.75830078125
9000000.00015203,-74.1800918579102
9000000.00015203,-73.5745391845703
9000000.00015204,-72.9575424194336
9000000.00015204,-72.3450164794922
9000000.00015205,-71.7528762817383
9000000.00015205,-71.1970291137695
9000000.00015206,-70.6933822631836
9000000.00015206,-70.2533493041992
9000000.00015207,-69.8301162719727
9000000.00015207,-69.4086990356445
9000000.00015208,-68.991081237793
9000000.00015208,-68.5792617797852
9000000.00015209,-68.1752243041992
9000000.00015209,-67.7809677124023
9000000.0001521,-67.3984756469727
9000000.0001521,-67.0297546386719
9000000.00015211,-66.6767883300781
9000000.00015211,-66.3415679931641
9000000.00015212,-66.0260848999023
9000000.00015212,-65.7323455810547
9000000.00015213,-65.4623184204102
9000000.00015213,-65.2121505737305
9000000.00015214,-64.9769897460938
9000000.00015214,-64.7573699951172
9000000.00015215,-64.553840637207
9000000.00015215,-64.3669357299805
9000000.00015216,-64.1971893310547
9000000.00015216,-64.0451431274414
9000000.00015217,-63.9113349914551
9000000.00015217,-63.7963066101074
9000000.00015218,-63.7005920410156
9000000.00015218,-63.6247329711914
9000000.00015219,-63.5692672729492
9000000.00015219,-63.5347366333008
9000000.0001522,-63.5206680297852
9000000.0001522,-63.5243148803711
9000000.00015221,-63.5459022521973
9000000.00015221,-63.5858993530273
9000000.00015222,-63.6447868347168
9000000.00015222,-63.7230339050293
9000000.00015223,-63.821117401123
9000000.00015223,-63.939510345459
9000000.00015224,-64.0786895751953
9000000.00015224,-64.239128112793
9000000.00015225,-64.4212951660156
9000000.00015225,-64.6256790161133
9000000.00015226,-64.8527374267578
9000000.00015226,-65.1039505004883
9000000.00015227,-65.391227722168
9000000.00015227,-65.7142791748047
9000000.00015228,-66.068489074707
9000000.00015228,-66.4492111206055
9000000.00015229,-66.851806640625
9000000.00015229,-67.2716522216797
9000000.0001523,-67.7041091918945
9000000.0001523,-68.1445388793945
9000000.00015231,-68.5883102416992
9000000.00015231,-69.0307846069336
9000000.00015232,-69.4673233032227
9000000.00015232,-69.8933029174805
9000000.00015233,-70.304084777832
9000000.00015233,-70.7288818359375
9000000.00015234,-71.192626953125
9000000.00015234,-71.6842346191406
9000000.00015235,-72.1926193237305
9000000.00015235,-72.7066955566406
9000000.00015236,-73.2153778076172
9000000.00015236,-73.7075805664063
9000000.00015237,-74.1722183227539
9000000.00015237,-74.5982131958008
9000000.00015238,-74.9744720458984
9000000.00015238,-75.2899169921875
9000000.00015239,-75.5334625244141
9000000.00015239,-75.6940155029297
9000000.0001524,-75.7641525268555
9000000.0001524,-75.7536468505859
9000000.00015241,-75.6714096069336
9000000.00015241,-75.5258102416992
9000000.00015242,-75.3252029418945
9000000.00015242,-75.0779571533203
9000000.00015243,-74.7924346923828
9000000.00015243,-74.4769897460938
9000000.00015244,-74.1399841308594
9000000.00015244,-73.789794921875
9000000.00015245,-73.4347686767578
9000000.00015245,-73.0832672119141
9000000.00015246,-72.7436676025391
9000000.00015246,-72.4208602905273
9000000.00015247,-72.0774459838867
9000000.00015247,-71.7053756713867
9000000.00015248,-71.3102035522461
9000000.00015248,-70.8975143432617
9000000.00015249,-70.4728698730469
9000000.00015249,-70.0418395996094
9000000.0001525,-69.609992980957
9000000.0001525,-69.1828994750977
9000000.00015251,-68.7661285400391
9000000.00015251,-68.3652496337891
9000000.00015252,-67.9858245849609
9000000.00015252,-67.6334228515625
9000000.00015253,-67.3136291503906
9000000.00015253,-67.0160598754883
9000000.00015254,-66.7275085449219
9000000.00015254,-66.4492492675781
9000000.00015255,-66.1825561523438
9000000.00015255,-65.9287109375
9000000.00015256,-65.6889877319336
9000000.00015256,-65.4646682739258
9000000.00015257,-65.2570343017578
9000000.00015257,-65.0673522949219
9000000.00015258,-64.8969116210938
9000000.00015258,-64.7469863891602
9000000.00015259,-64.6188583374023
9000000.00015259,-64.5137939453125
9000000.0001526,-64.4308929443359
9000000.0001526,-64.3641510009766
9000000.00015261,-64.3139495849609
9000000.00015261,-64.2812118530273
9000000.00015262,-64.266845703125
9000000.00015262,-64.2717819213867
9000000.00015263,-64.2969436645508
9000000.00015263,-64.3432388305664
9000000.00015264,-64.4115905761719
9000000.00015264,-64.5029296875
9000000.00015265,-64.6181640625
9000000.00015265,-64.7582168579102
9000000.00015266,-64.9240036010742
9000000.00015266,-65.117073059082
9000000.00015267,-65.345085144043
9000000.00015267,-65.6072998046875
9000000.00015268,-65.9001770019531
9000000.00015268,-66.2201766967773
9000000.00015269,-66.5637512207031
9000000.00015269,-66.927360534668
9000000.0001527,-67.3074569702148
9000000.0001527,-67.7005081176758
9000000.00015271,-68.1029663085938
9000000.00015271,-68.5112838745117
9000000.00015272,-68.9219207763672
9000000.00015272,-69.3313293457031
9000000.00015273,-69.7359771728516
9000000.00015273,-70.1679763793945
9000000.00015274,-70.6529846191406
9000000.00015274,-71.1777801513672
9000000.00015275,-71.729118347168
9000000.00015275,-72.2937774658203
9000000.00015276,-72.8585205078125
9000000.00015276,-73.4101257324219
9000000.00015277,-73.9353485107422
9000000.00015277,-74.4209594726563
9000000.00015278,-74.8537368774414
9000000.00015278,-75.2204437255859
9000000.00015279,-75.5078430175781
9000000.00015279,-75.7027130126953
9000000.0001528,-75.7938385009766
9000000.0001528,-75.7864456176758
9000000.00015281,-75.6930465698242
9000000.00015281,-75.5261001586914
9000000.00015282,-75.2980880737305
9000000.00015282,-75.0214767456055
9000000.00015283,-74.708740234375
9000000.00015283,-74.3723526000977
9000000.00015284,-74.024772644043
9000000.00015284,-73.6784896850586
9000000.00015285,-73.3459625244141
9000000.00015285,-73.039665222168
9000000.00015286,-72.7720718383789
9000000.00015286,-72.5524139404297
9000000.00015287,-72.3474807739258
9000000.00015287,-72.1455535888672
9000000.00015288,-71.9469680786133
9000000.00015288,-71.7520599365234
9000000.00015289,-71.5611801147461
9000000.00015289,-71.3746643066406
9000000.0001529,-71.1928405761719
9000000.0001529,-71.0160598754883
9000000.00015291,-70.8446578979492
9000000.00015291,-70.6789627075195
9000000.00015292,-70.5193252563477
9000000.00015292,-70.366081237793
9000000.00015293,-70.2195663452148
9000000.00015293,-70.0793304443359
9000000.00015294,-69.944694519043
9000000.00015294,-69.8156509399414
9000000.00015295,-69.6921844482422
9000000.00015295,-69.5742874145508
9000000.00015296,-69.4619522094727
9000000.00015296,-69.3551635742188
9000000.00015297,-69.2539138793945
9000000.00015297,-69.1581878662109
9000000.00015298,-69.067985534668
9000000.00015298,-68.983283996582
9000000.00015299,-68.9040832519531
9000000.00015299,-68.8303680419922
9000000.000153,-68.7599182128906
9000000.000153,-68.6866073608398
9000000.00015301,-68.6122131347656
9000000.00015301,-68.5391159057617
9000000.00015302,-68.4696884155273
9000000.00015302,-68.4063110351563
9000000.00015303,-68.3513565063477
9000000.00015303,-68.3071975708008
9000000.00015304,-68.2762145996094
9000000.00015304,-68.2607803344727
9000000.00015305,-68.2632675170898
9000000.00015305,-68.2860641479492
9000000.00015306,-68.3315277099609
9000000.00015306,-68.401725769043
9000000.00015307,-68.4938125610352
9000000.00015307,-68.6056137084961
9000000.00015308,-68.7359466552734
9000000.00015308,-68.8836517333984
9000000.00015309,-69.0475692749023
9000000.00015309,-69.2265243530273
9000000.0001531,-69.4193572998047
9000000.0001531,-69.6248931884766
9000000.00015311,-69.8419723510742
9000000.00015311,-70.0694274902344
9000000.00015312,-70.3060836791992
9000000.00015312,-70.5507888793945
9000000.00015313,-70.8023681640625
9000000.00015313,-71.0794143676758
9000000.00015314,-71.3957748413086
9000000.00015314,-71.7432098388672
9000000.00015315,-72.1134643554688
9000000.00015315,-72.4982757568359
9000000.00015316,-72.8893966674805
9000000.00015316,-73.2785720825195
9000000.00015317,-73.6575469970703
9000000.00015317,-74.01806640625
9000000.00015318,-74.3518753051758
9000000.00015318,-74.6507186889648
9000000.00015319,-74.9063415527344
9000000.00015319,-75.1105041503906
9000000.0001532,-75.2611770629883
9000000.0001532,-75.375358581543
9000000.00015321,-75.456901550293
9000000.00015321,-75.5082550048828
9000000.00015322,-75.5318984985352
9000000.00015322,-75.5302963256836
9000000.00015323,-75.5059204101563
9000000.00015323,-75.4612350463867
9000000.00015324,-75.3987197875977
9000000.00015324,-75.3208465576172
9000000.00015325,-75.2300720214844
9000000.00015325,-75.1288681030273
9000000.00015326,-75.0197067260742
9000000.00015326,-74.903678894043
9000000.00015327,-74.7654266357422
9000000.00015327,-74.6025314331055
9000000.00015328,-74.4181365966797
9000000.00015328,-74.2154159545898
9000000.00015329,-73.9975280761719
9000000.00015329,-73.7676315307617
9000000.0001533,-73.5288925170898
9000000.0001533,-73.2844696044922
9000000.00015331,-73.0375289916992
9000000.00015331,-72.7912216186523
9000000.00015332,-72.5487213134766
9000000.00015332,-72.3131866455078
9000000.00015333,-72.087776184082
9000000.00015333,-71.8630523681641
9000000.00015334,-71.6291275024414
9000000.00015334,-71.3884429931641
9000000.00015335,-71.1434478759766
9000000.00015335,-70.896598815918
9000000.00015336,-70.6503524780273
9000000.00015336,-70.4071502685547
9000000.00015337,-70.1694488525391
9000000.00015337,-69.9397048950195
9000000.00015338,-69.7203598022461
9000000.00015338,-69.5138778686523
9000000.00015339,-69.3227005004883
9000000.00015339,-69.149284362793
9000000.0001534,-68.9915008544922
9000000.0001534,-68.8368148803711
9000000.00015341,-68.6862487792969
9000000.00015341,-68.5419616699219
9000000.00015342,-68.406120300293
9000000.00015342,-68.2808990478516
9000000.00015343,-68.1684494018555
9000000.00015343,-68.0709457397461
9000000.00015344,-67.9905548095703
9000000.00015344,-67.9294357299805
9000000.00015345,-67.889762878418
9000000.00015345,-67.8736953735352
9000000.00015346,-67.8833923339844
9000000.00015346,-67.9197463989258
9000000.00015347,-67.9684219360352
9000000.00015347,-68.0272750854492
9000000.00015348,-68.0993957519531
9000000.00015348,-68.1878433227539
9000000.00015349,-68.2957153320313
9000000.00015349,-68.4260711669922
9000000.0001535,-68.5820007324219
9000000.0001535,-68.7665786743164
9000000.00015351,-68.9828796386719
9000000.00015351,-69.2339935302734
9000000.00015352,-69.5229797363281
9000000.00015352,-69.8529281616211
9000000.00015353,-70.2269134521484
9000000.00015353,-70.6888198852539
9000000.00015354,-71.2648620605469
9000000.00015354,-71.9316177368164
9000000.00015355,-72.665641784668
9000000.00015355,-73.4435195922852
9000000.00015356,-74.241813659668
9000000.00015356,-75.0371017456055
9000000.00015357,-75.8059463500977
9000000.00015357,-76.5249328613281
9000000.00015358,-77.1706161499023
9000000.00015358,-77.7195816040039
9000000.00015359,-78.1483917236328
9000000.00015359,-78.4336242675781
9000000.0001536,-78.5632629394531
9000000.0001536,-78.5681915283203
9000000.00015361,-78.4642944335938
9000000.00015361,-78.2653045654297
9000000.00015362,-77.9849472045898
9000000.00015362,-77.6369552612305
9000000.00015363,-77.2350387573242
9000000.00015363,-76.7929382324219
9000000.00015364,-76.3243713378906
9000000.00015364,-75.8430709838867
9000000.00015365,-75.3627624511719
9000000.00015365,-74.8971710205078
9000000.00015366,-74.4600143432617
9000000.00015366,-74.0601043701172
9000000.00015367,-73.6448287963867
9000000.00015367,-73.2010726928711
9000000.00015368,-72.7348861694336
9000000.00015368,-72.2523040771484
9000000.00015369,-71.7593612670898
9000000.00015369,-71.2621078491211
9000000.0001537,-70.7665634155273
9000000.0001537,-70.2787857055664
9000000.00015371,-69.8048095703125
9000000.00015371,-69.3506622314453
9000000.00015372,-68.9223861694336
9000000.00015372,-68.5260314941406
9000000.00015373,-68.1676254272461
9000000.00015373,-67.8369216918945
9000000.00015374,-67.520263671875
9000000.00015374,-67.2185516357422
9000000.00015375,-66.9326858520508
9000000.00015375,-66.6635665893555
9000000.00015376,-66.412109375
9000000.00015376,-66.1792068481445
9000000.00015377,-65.9657592773438
9000000.00015377,-65.7726745605469
9000000.00015378,-65.6008605957031
9000000.00015378,-65.4512176513672
9000000.00015379,-65.3246459960938
9000000.00015379,-65.2220458984375
9000000.0001538,-65.1440200805664
9000000.0001538,-65.0897369384766
9000000.00015381,-65.058479309082
9000000.00015381,-65.0495681762695
9000000.00015382,-65.0623474121094
9000000.00015382,-65.0961456298828
9000000.00015383,-65.1502914428711
9000000.00015383,-65.22412109375
9000000.00015384,-65.3169555664063
9000000.00015384,-65.4281387329102
9000000.00015385,-65.5569915771484
9000000.00015385,-65.7028503417969
9000000.00015386,-65.8650436401367
9000000.00015386,-66.0447082519531
9000000.00015387,-66.2627487182617
9000000.00015387,-66.5200347900391
9000000.00015388,-66.809814453125
9000000.00015388,-67.1253128051758
9000000.00015389,-67.4597473144531
9000000.00015389,-67.8063659667969
9000000.0001539,-68.1583862304688
9000000.0001539,-68.5090484619141
9000000.00015391,-68.8515777587891
9000000.00015391,-69.17919921875
9000000.00015392,-69.4851531982422
9000000.00015392,-69.7626647949219
9000000.00015393,-70.0049667358398
9000000.00015393,-70.2253646850586
9000000.00015394,-70.4404067993164
9000000.00015394,-70.6482086181641
9000000.00015395,-70.8468627929688
9000000.00015395,-71.0344619750977
9000000.00015396,-71.2091217041016
9000000.00015396,-71.3689270019531
9000000.00015397,-71.5119781494141
9000000.00015397,-71.6363830566406
9000000.00015398,-71.740234375
9000000.00015398,-71.8216400146484
9000000.00015399,-71.8786926269531
9000000.00015399,-71.9094924926758
9000000.000154,-71.9103927612305
9000000.000154,-71.8765411376953
9000000.00015401,-71.8113403320313
9000000.00015401,-71.7187652587891
9000000.00015402,-71.6027755737305
9000000.00015402,-71.4673156738281
9000000.00015403,-71.3163681030273
9000000.00015403,-71.1538772583008
9000000.00015404,-70.9838104248047
9000000.00015404,-70.8101196289063
9000000.00015405,-70.6367797851563
9000000.00015405,-70.4677429199219
9000000.00015406,-70.3069686889648
9000000.00015406,-70.1569213867188
9000000.00015407,-70.0014877319336
9000000.00015407,-69.8368682861328
9000000.00015408,-69.6651382446289
9000000.00015408,-69.4883728027344
9000000.00015409,-69.3086471557617
9000000.00015409,-69.1280136108398
9000000.0001541,-68.9485626220703
9000000.0001541,-68.7723617553711
9000000.00015411,-68.6014709472656
9000000.00015411,-68.4379806518555
9000000.00015412,-68.2839431762695
9000000.00015412,-68.1414489746094
9000000.00015413,-68.0125503540039
9000000.00015413,-67.893310546875
9000000.00015414,-67.7787322998047
9000000.00015414,-67.6693420410156
9000000.00015415,-67.5656661987305
9000000.00015415,-67.4682312011719
9000000.00015416,-67.3775482177734
9000000.00015416,-67.2941589355469
9000000.00015417,-67.2185745239258
9000000.00015417,-67.1513214111328
9000000.00015418,-67.0929183959961
9000000.00015418,-67.0438995361328
9000000.00015419,-67.0047836303711
9000000.00015419,-66.9760971069336
9000000.0001542,-66.9562149047852
9000000.0001542,-66.9392623901367
9000000.00015421,-66.9263763427734
9000000.00015421,-66.9192581176758
9000000.00015422,-66.9196166992188
9000000.00015422,-66.9291458129883
9000000.00015423,-66.9495544433594
9000000.00015423,-66.9825439453125
9000000.00015424,-67.0298156738281
9000000.00015424,-67.0930786132813
9000000.00015425,-67.1740188598633
9000000.00015425,-67.2743453979492
9000000.00015426,-67.3957672119141
9000000.00015426,-67.5400543212891
9000000.00015427,-67.7086486816406
9000000.00015427,-67.900032043457
9000000.00015428,-68.1121444702148
9000000.00015428,-68.3429183959961
9000000.00015429,-68.5902786254883
9000000.00015429,-68.8521728515625
9000000.0001543,-69.1265182495117
9000000.0001543,-69.4112548828125
9000000.00015431,-69.7043228149414
9000000.00015431,-70.0036468505859
9000000.00015432,-70.3071594238281
9000000.00015432,-70.61279296875
9000000.00015433,-70.9184875488281
9000000.00015433,-71.2502746582031
9000000.00015434,-71.6280517578125
9000000.00015434,-72.0405426025391
9000000.00015435,-72.4764862060547
9000000.00015435,-72.9246215820313
9000000.00015436,-73.3736724853516
9000000.00015436,-73.8123626708984
9000000.00015437,-74.2294464111328
9000000.00015437,-74.6136322021484
9000000.00015438,-74.9536666870117
9000000.00015438,-75.23828125
9000000.00015439,-75.4562072753906
9000000.00015439,-75.5961685180664
9000000.0001544,-75.6521377563477
9000000.0001544,-75.6382369995117
9000000.00015441,-75.5623245239258
9000000.00015441,-75.4312744140625
9000000.00015442,-75.2519760131836
9000000.00015442,-75.0312957763672
9000000.00015443,-74.776123046875
9000000.00015443,-74.4933395385742
9000000.00015444,-74.189826965332
9000000.00015444,-73.8724594116211
9000000.00015445,-73.5481185913086
9000000.00015445,-73.2236862182617
9000000.00015446,-72.9060363769531
9000000.00015446,-72.5989532470703
9000000.00015447,-72.2685546875
9000000.00015447,-71.9081573486328
9000000.00015448,-71.5234603881836
9000000.00015448,-71.1201248168945
9000000.00015449,-70.7038345336914
9000000.00015449,-70.2802734375
9000000.0001545,-69.855110168457
9000000.0001545,-69.4340209960938
9000000.00015451,-69.0226898193359
9000000.00015451,-68.6268005371094
9000000.00015452,-68.2520141601563
9000000.00015452,-67.9040222167969
9000000.00015453,-67.588493347168
9000000.00015453,-67.2944946289063
9000000.00015454,-67.0082931518555
9000000.00015454,-66.7313766479492
9000000.00015455,-66.4652252197266
9000000.00015455,-66.2113189697266
9000000.00015456,-65.9711532592773
9000000.00015456,-65.746208190918
9000000.00015457,-65.5379638671875
9000000.00015457,-65.3479156494141
9000000.00015458,-65.1775360107422
9000000.00015458,-65.0283126831055
9000000.00015459,-64.9017333984375
9000000.00015459,-64.7992782592773
9000000.0001546,-64.72119140625
9000000.0001546,-64.6640777587891
9000000.00015461,-64.6273498535156
9000000.00015461,-64.6106872558594
9000000.00015462,-64.6137771606445
9000000.00015462,-64.6363067626953
9000000.00015463,-64.6779632568359
9000000.00015463,-64.7384262084961
9000000.00015464,-64.8173828125
9000000.00015464,-64.9145202636719
9000000.00015465,-65.0295257568359
9000000.00015465,-65.1620864868164
9000000.00015466,-65.311882019043
9000000.00015466,-65.48046875
9000000.00015467,-65.6897506713867
9000000.00015467,-65.9402847290039
9000000.00015468,-66.2246398925781
9000000.00015468,-66.5353698730469
9000000.00015469,-66.8650436401367
9000000.00015469,-67.2062149047852
9000000.0001547,-67.5514373779297
9000000.0001547,-67.8932800292969
9000000.00015471,-68.2243041992188
9000000.00015471,-68.5370559692383
9000000.00015472,-68.8241119384766
9000000.00015472,-69.0780181884766
9000000.00015473,-69.2913436889648
9000000.00015473,-69.4759063720703
9000000.00015474,-69.6480178833008
9000000.00015474,-69.8069458007813
9000000.00015475,-69.9519653320313
9000000.00015475,-70.0823593139648
9000000.00015476,-70.1973876953125
9000000.00015476,-70.2963256835938
9000000.00015477,-70.3784561157227
9000000.00015477,-70.4430389404297
9000000.00015478,-70.4893646240234
9000000.00015478,-70.5166931152344
9000000.00015479,-70.524299621582
9000000.00015479,-70.5114669799805
9000000.0001548,-70.4742965698242
9000000.0001548,-70.4040908813477
9000000.00015481,-70.3041229248047
9000000.00015481,-70.1785659790039
9000000.00015482,-70.0315780639648
9000000.00015482,-69.8673324584961
9000000.00015483,-69.6899948120117
9000000.00015483,-69.5037307739258
9000000.00015484,-69.3127059936523
9000000.00015484,-69.1210861206055
9000000.00015485,-68.9330291748047
9000000.00015485,-68.7527160644531
9000000.00015486,-68.5843048095703
9000000.00015486,-68.4305419921875
9000000.00015487,-68.2762908935547
9000000.00015487,-68.1175842285156
9000000.00015488,-67.9559631347656
9000000.00015488,-67.79296875
9000000.00015489,-67.6301345825195
9000000.00015489,-67.468994140625
9000000.0001549,-67.3110885620117
9000000.0001549,-67.1579513549805
9000000.00015491,-67.0111312866211
9000000.00015491,-66.8721542358398
9000000.00015492,-66.742561340332
9000000.00015492,-66.623893737793
9000000.00015493,-66.517692565918
9000000.00015493,-66.420768737793
9000000.00015494,-66.3292770385742
9000000.00015494,-66.2437210083008
9000000.00015495,-66.1645965576172
9000000.00015495,-66.092414855957
9000000.00015496,-66.0276794433594
9000000.00015496,-65.9708862304688
9000000.00015497,-65.9225540161133
9000000.00015497,-65.883171081543
9000000.00015498,-65.8532485961914
9000000.00015498,-65.8332977294922
9000000.00015499,-65.8238067626953
9000000.00015499,-65.8252944946289
9000000.000155,-65.8360748291016
9000000.000155,-65.8501052856445
9000000.00015501,-65.8686141967773
9000000.00015501,-65.8933563232422
9000000.00015502,-65.9261322021484
9000000.00015502,-65.9687042236328
9000000.00015503,-66.0228500366211
9000000.00015503,-66.0903472900391
9000000.00015504,-66.1729888916016
9000000.00015504,-66.2725296020508
9000000.00015505,-66.3907623291016
9000000.00015505,-66.5294647216797
9000000.00015506,-66.6903991699219
9000000.00015506,-66.873046875
9000000.00015507,-67.0508193969727
9000000.00015507,-67.2217712402344
9000000.00015508,-67.3936538696289
9000000.00015508,-67.5742263793945
9000000.00015509,-67.771240234375
9000000.00015509,-67.9924545288086
9000000.0001551,-68.2456207275391
9000000.0001551,-68.5384979248047
9000000.00015511,-68.8788375854492
9000000.00015511,-69.2744064331055
9000000.00015512,-69.7329483032227
9000000.00015512,-70.2622222900391
9000000.00015513,-70.869987487793
9000000.00015513,-71.6282577514648
9000000.00015514,-72.5770416259766
9000000.00015514,-73.6760635375977
9000000.00015515,-74.8850326538086
9000000.00015515,-76.1636810302734
9000000.00015516,-77.4717254638672
9000000.00015516,-78.7688903808594
9000000.00015517,-80.0149002075195
9000000.00015517,-81.1694641113281
9000000.00015518,-82.1923217773438
9000000.00015518,-83.0431747436523
9000000.00015519,-83.681755065918
9000000.00015519,-84.0677871704102
9000000.0001552,-84.1701049804688
9000000.0001552,-84.0128173828125
9000000.00015521,-83.6316070556641
9000000.00015521,-83.061279296875
9000000.00015522,-82.3366470336914
9000000.00015522,-81.4925003051758
9000000.00015523,-80.5636596679688
9000000.00015523,-79.5849151611328
9000000.00015524,-78.5910720825195
9000000.00015524,-77.616943359375
9000000.00015525,-76.6973190307617
9000000.00015525,-75.8670120239258
9000000.00015526,-75.1608200073242
9000000.00015526,-74.6052551269531
9000000.00015527,-74.1162490844727
9000000.00015527,-73.6612243652344
9000000.00015528,-73.2380828857422
9000000.00015528,-72.8447189331055
9000000.00015529,-72.4790267944336
9000000.00015529,-72.138916015625
9000000.0001553,-71.822265625
9000000.0001553,-71.526985168457
9000000.00015531,-71.2509689331055
9000000.00015531,-70.9921112060547
9000000.00015532,-70.7483139038086
9000000.00015532,-70.517463684082
9000000.00015533,-70.2974700927734
9000000.00015533,-70.0996017456055
9000000.00015534,-69.9338455200195
9000000.00015534,-69.7961273193359
9000000.00015535,-69.682373046875
9000000.00015535,-69.5885238647461
9000000.00015536,-69.5105133056641
9000000.00015536,-69.4442672729492
9000000.00015537,-69.3857192993164
9000000.00015537,-69.3308029174805
9000000.00015538,-69.2754516601563
9000000.00015538,-69.2155990600586
9000000.00015539,-69.1471786499023
9000000.00015539,-69.0661163330078
9000000.0001554,-68.9698104858398
9000000.0001554,-68.8621826171875
9000000.00015541,-68.7464141845703
9000000.00015541,-68.6254348754883
9000000.00015542,-68.5021820068359
9000000.00015542,-68.3796081542969
9000000.00015543,-68.2606353759766
9000000.00015543,-68.1482162475586
9000000.00015544,-68.0452728271484
9000000.00015544,-67.9547576904297
9000000.00015545,-67.8796005249023
9000000.00015545,-67.8227462768555
9000000.00015546,-67.7871322631836
9000000.00015546,-67.7737579345703
9000000.00015547,-67.7609939575195
9000000.00015547,-67.7458953857422
9000000.00015548,-67.7334289550781
9000000.00015548,-67.7285385131836
9000000.00015549,-67.7361679077148
9000000.00015549,-67.7612762451172
9000000.0001555,-67.8088150024414
9000000.0001555,-67.8837280273438
9000000.00015551,-67.9909744262695
9000000.00015551,-68.1355056762695
9000000.00015552,-68.322265625
9000000.00015552,-68.5562133789063
9000000.00015553,-68.8422927856445
9000000.00015553,-69.2125930786133
9000000.00015554,-69.6832504272461
9000000.00015554,-70.2353134155273
9000000.00015555,-70.8498306274414
9000000.00015555,-71.5078582763672
9000000.00015556,-72.1904373168945
9000000.00015556,-72.8786163330078
9000000.00015557,-73.5534439086914
9000000.00015557,-74.1959686279297
9000000.00015558,-74.787239074707
9000000.00015558,-75.3082962036133
9000000.00015559,-75.7402038574219
9000000.00015559,-76.0639953613281
9000000.0001556,-76.2759857177734
9000000.0001556,-76.4177703857422
9000000.00015561,-76.4974136352539
9000000.00015561,-76.5195770263672
9000000.00015562,-76.4889602661133
9000000.00015562,-76.4102325439453
9000000.00015563,-76.2880706787109
9000000.00015563,-76.1271667480469
9000000.00015564,-75.9321823120117
9000000.00015564,-75.7078170776367
9000000.00015565,-75.4587326049805
9000000.00015565,-75.1896209716797
9000000.00015566,-74.9051513671875
9000000.00015566,-74.6063232421875
9000000.00015567,-74.2515106201172
9000000.00015567,-73.8359451293945
9000000.00015568,-73.3700408935547
9000000.00015568,-72.8642120361328
9000000.00015569,-72.3288726806641
9000000.00015569,-71.7744445800781
9000000.0001557,-71.2113342285156
9000000.0001557,-70.6499633789063
9000000.00015571,-70.1007537841797
9000000.00015571,-69.5741119384766
9000000.00015572,-69.080451965332
9000000.00015572,-68.6302032470703
9000000.00015573,-68.2337646484375
9000000.00015573,-67.8733367919922
9000000.00015574,-67.5252380371094
9000000.00015574,-67.1911010742188
9000000.00015575,-66.8725509643555
9000000.00015575,-66.5712203979492
9000000.00015576,-66.2887344360352
9000000.00015576,-66.026725769043
9000000.00015577,-65.7868194580078
9000000.00015577,-65.5706405639648
9000000.00015578,-65.3798294067383
9000000.00015578,-65.2160110473633
9000000.00015579,-65.0808029174805
9000000.00015579,-64.9758453369141
9000000.0001558,-64.9008865356445
9000000.0001558,-64.8507766723633
9000000.00015581,-64.8252792358398
9000000.00015581,-64.8246002197266
9000000.00015582,-64.8489379882813
9000000.00015582,-64.8984985351563
9000000.00015583,-64.9734954833984
9000000.00015583,-65.0741271972656
9000000.00015584,-65.2005996704102
9000000.00015584,-65.3531112670898
9000000.00015585,-65.5318756103516
9000000.00015585,-65.7370910644531
9000000.00015586,-65.9689712524414
9000000.00015586,-66.2304611206055
9000000.00015587,-66.5541229248047
9000000.00015587,-66.9401931762695
9000000.00015588,-67.3769836425781
9000000.00015588,-67.8528442382813
9000000.00015589,-68.356086730957
9000000.00015589,-68.8750381469727
9000000.0001559,-69.3980407714844
9000000.0001559,-69.9134063720703
9000000.00015591,-70.4094696044922
9000000.00015591,-70.8745574951172
9000000.00015592,-71.2969970703125
9000000.00015592,-71.6651153564453
9000000.00015593,-71.9672470092773
9000000.00015593,-72.2184448242188
9000000.00015594,-72.4419479370117
9000000.00015594,-72.6383056640625
9000000.00015595,-72.8080749511719
9000000.00015595,-72.9518051147461
9000000.00015596,-73.0700607299805
9000000.00015596,-73.1633834838867
9000000.00015597,-73.2323455810547
9000000.00015597,-73.2774887084961
9000000.00015598,-73.2993774414063
9000000.00015598,-73.2985610961914
9000000.00015599,-73.2756042480469
9000000.00015599,-73.2310485839844
9000000.000156,-73.1601943969727
9000000.000156,-73.048583984375
9000000.00015601,-72.8997955322266
9000000.00015601,-72.7188186645508
9000000.00015602,-72.5106506347656
9000000.00015602,-72.2802658081055
9000000.00015603,-72.0326538085938
9000000.00015603,-71.7728042602539
9000000.00015604,-71.5057144165039
9000000.00015604,-71.2363586425781
9000000.00015605,-70.9697265625
9000000.00015605,-70.710807800293
9000000.00015606,-70.4645919799805
9000000.00015606,-70.2342376708984
9000000.00015607,-70.0003204345703
9000000.00015607,-69.758056640625
9000000.00015608,-69.5097732543945
9000000.00015608,-69.2577667236328
9000000.00015609,-69.0043411254883
9000000.00015609,-68.751823425293
9000000.0001561,-68.5025177001953
9000000.0001561,-68.2587280273438
9000000.00015611,-68.0227661132813
9000000.00015611,-67.7969360351563
9000000.00015612,-67.5835571289063
9000000.00015612,-67.3849411010742
9000000.00015613,-67.2033843994141
9000000.00015613,-67.0345077514648
9000000.00015614,-66.8727569580078
9000000.00015614,-66.7187118530273
9000000.00015615,-66.5729446411133
9000000.00015615,-66.43603515625
9000000.00015616,-66.3085556030273
9000000.00015616,-66.1910781860352
9000000.00015617,-66.0841903686523
9000000.00015617,-65.9884567260742
9000000.00015618,-65.9044570922852
9000000.00015618,-65.8327713012695
9000000.00015619,-65.7739715576172
9000000.00015619,-65.728630065918
9000000.0001562,-65.6937484741211
9000000.0001562,-65.6594696044922
9000000.00015621,-65.6280288696289
9000000.00015621,-65.6026077270508
9000000.00015622,-65.5863800048828
9000000.00015622,-65.5825347900391
9000000.00015623,-65.5942459106445
9000000.00015623,-65.6246871948242
9000000.00015624,-65.6770477294922
9000000.00015624,-65.7544937133789
9000000.00015625,-65.860221862793
9000000.00015625,-65.9973983764648
9000000.00015626,-66.1692123413086
9000000.00015626,-66.378662109375
9000000.00015627,-66.6250152587891
9000000.00015627,-66.905387878418
9000000.00015628,-67.2171401977539
9000000.00015628,-67.5576324462891
9000000.00015629,-67.9242095947266
9000000.00015629,-68.3142471313477
9000000.0001563,-68.7250900268555
9000000.0001563,-69.1541061401367
9000000.00015631,-69.5986404418945
9000000.00015631,-70.0560684204102
9000000.00015632,-70.5237426757813
9000000.00015632,-70.9990158081055
9000000.00015633,-71.479248046875
9000000.00015633,-72.0048217773438
9000000.00015634,-72.6059722900391
9000000.00015634,-73.2648468017578
9000000.00015635,-73.9635696411133
9000000.00015635,-74.6842956542969
9000000.00015636,-75.4091567993164
9000000.00015636,-76.1203002929688
9000000.00015637,-76.7998580932617
9000000.00015637,-77.4299774169922
9000000.00015638,-77.992790222168
9000000.00015638,-78.4704437255859
9000000.00015639,-78.8450698852539
9000000.00015639,-79.0988235473633
9000000.0001564,-79.2181777954102
9000000.0001564,-79.2146682739258
9000000.00015641,-79.103874206543
9000000.00015641,-78.9009170532227
9000000.00015642,-78.6208877563477
9000000.00015642,-78.2788925170898
9000000.00015643,-77.8900527954102
9000000.00015643,-77.4694595336914
9000000.00015644,-77.0322265625
9000000.00015644,-76.5934600830078
9000000.00015645,-76.1682739257813
9000000.00015645,-75.7717590332031
9000000.00015646,-75.4190292358398
9000000.00015646,-75.121208190918
9000000.00015647,-74.8372497558594
9000000.00015647,-74.5529556274414
9000000.00015648,-74.2690277099609
9000000.00015648,-73.9861450195313
9000000.00015649,-73.7050170898438
9000000.00015649,-73.4263229370117
9000000.0001565,-73.150764465332
9000000.0001565,-72.8790283203125
9000000.00015651,-72.6118087768555
9000000.00015651,-72.3498077392578
9000000.00015652,-72.0937042236328
9000000.00015652,-71.8442001342773
9000000.00015653,-71.6019821166992
9000000.00015653,-71.3623275756836
9000000.00015654,-71.1212615966797
9000000.00015654,-70.8806228637695
9000000.00015655,-70.6422348022461
9000000.00015655,-70.4079437255859
9000000.00015656,-70.1795654296875
9000000.00015656,-69.9589462280273
9000000.00015657,-69.7479095458984
9000000.00015657,-69.5482940673828
9000000.00015658,-69.361930847168
9000000.00015658,-69.1906433105469
9000000.00015659,-69.0362777709961
9000000.00015659,-68.9006576538086
9000000.0001566,-68.7819900512695
9000000.0001566,-68.6703262329102
9000000.00015661,-68.5665969848633
9000000.00015661,-68.4726486206055
9000000.00015662,-68.3903121948242
9000000.00015662,-68.3214340209961
9000000.00015663,-68.2678527832031
9000000.00015663,-68.2313995361328
9000000.00015664,-68.2139282226563
9000000.00015664,-68.2172698974609
9000000.00015665,-68.2432708740234
9000000.00015665,-68.2937622070313
9000000.00015666,-68.3705902099609
9000000.00015666,-68.4764099121094
9000000.00015667,-68.62158203125
9000000.00015667,-68.8045806884766
9000000.00015668,-69.0200729370117
9000000.00015668,-69.2627182006836
9000000.00015669,-69.5271759033203
9000000.00015669,-69.8081207275391
9000000.0001567,-70.1002044677734
9000000.0001567,-70.3981018066406
9000000.00015671,-70.6964645385742
9000000.00015671,-70.9899673461914
9000000.00015672,-71.2732696533203
9000000.00015672,-71.5410308837891
9000000.00015673,-71.7879180908203
9000000.00015673,-72.0352325439453
9000000.00015674,-72.3033142089844
9000000.00015674,-72.5854110717773
9000000.00015675,-72.8747711181641
9000000.00015675,-73.1646423339844
9000000.00015676,-73.4482650756836
9000000.00015676,-73.7188873291016
9000000.00015677,-73.9697647094727
9000000.00015677,-74.1941299438477
9000000.00015678,-74.3852386474609
9000000.00015678,-74.5363311767578
9000000.00015679,-74.6406555175781
9000000.00015679,-74.6914520263672
9000000.0001568,-74.6840744018555
9000000.0001568,-74.6240921020508
9000000.00015681,-74.5170516967773
9000000.00015681,-74.3681869506836
9000000.00015682,-74.182746887207
9000000.00015682,-73.965950012207
9000000.00015683,-73.7230529785156
9000000.00015683,-73.4592819213867
9000000.00015684,-73.1798782348633
9000000.00015684,-72.8900833129883
9000000.00015685,-72.5951232910156
9000000.00015685,-72.3002548217773
9000000.00015686,-72.0106964111328
9000000.00015686,-71.7292861938477
9000000.00015687,-71.4297714233398
9000000.00015687,-71.1070556640625
9000000.00015688,-70.7656478881836
9000000.00015688,-70.4100189208984
9000000.00015689,-70.0446548461914
9000000.00015689,-69.6740570068359
9000000.0001569,-69.3026962280273
9000000.0001569,-68.9350662231445
9000000.00015691,-68.5756607055664
9000000.00015691,-68.2289581298828
9000000.00015692,-67.8994445800781
9000000.00015692,-67.5916137695313
9000000.00015693,-67.3099517822266
9000000.00015693,-67.0454483032227
9000000.00015694,-66.7870025634766
9000000.00015694,-66.5359649658203
9000000.00015695,-66.2936859130859
9000000.00015695,-66.0615234375
9000000.00015696,-65.8408203125
9000000.00015696,-65.632926940918
9000000.00015697,-65.4391937255859
9000000.00015697,-65.2609786987305
9000000.00015698,-65.0996322631836
9000000.00015698,-64.9564895629883
9000000.00015699,-64.8329238891602
9000000.00015699,-64.7302627563477
9000000.000157,-64.649787902832
9000000.000157,-64.5912857055664
9000000.00015701,-64.5533828735352
9000000.00015701,-64.5346832275391
9000000.00015702,-64.5337829589844
9000000.00015702,-64.5492935180664
9000000.00015703,-64.5798034667969
9000000.00015703,-64.623908996582
9000000.00015704,-64.6802291870117
9000000.00015704,-64.7473449707031
9000000.00015705,-64.8238677978516
9000000.00015705,-64.9083938598633
9000000.00015706,-64.9995193481445
9000000.00015706,-65.0970153808594
9000000.00015707,-65.2139892578125
9000000.00015707,-65.3518829345703
9000000.00015708,-65.5073394775391
9000000.00015708,-65.6770172119141
9000000.00015709,-65.8575592041016
9000000.00015709,-66.0456085205078
9000000.0001571,-66.2378311157227
9000000.0001571,-66.4308547973633
9000000.00015711,-66.621337890625
9000000.00015711,-66.8059310913086
9000000.00015712,-66.9812774658203
9000000.00015712,-67.1440353393555
9000000.00015713,-67.2908401489258
9000000.00015713,-67.4318161010742
9000000.00015714,-67.577522277832
9000000.00015714,-67.7253189086914
9000000.00015715,-67.8725433349609
9000000.00015715,-68.0165405273438
9000000.00015716,-68.1546630859375
9000000.00015716,-68.2842559814453
9000000.00015717,-68.4026641845703
9000000.00015717,-68.5072402954102
9000000.00015718,-68.5953140258789
9000000.00015718,-68.6642456054688
9000000.00015719,-68.7113800048828
9000000.00015719,-68.7340621948242
9000000.0001572,-68.7305679321289
9000000.0001572,-68.7034072875977
9000000.00015721,-68.6546630859375
9000000.00015721,-68.5862731933594
9000000.00015722,-68.5001831054688
9000000.00015722,-68.398323059082
9000000.00015723,-68.2826385498047
9000000.00015723,-68.1550674438477
9000000.00015724,-68.0175399780273
9000000.00015724,-67.8720016479492
9000000.00015725,-67.7203903198242
9000000.00015725,-67.5646362304688
9000000.00015726,-67.4066925048828
9000000.00015726,-67.247184753418
9000000.00015727,-67.0715866088867
9000000.00015727,-66.8779373168945
9000000.00015728,-66.6696090698242
9000000.00015728,-66.4499664306641
9000000.00015729,-66.2223663330078
9000000.00015729,-65.9901657104492
9000000.0001573,-65.7567443847656
9000000.0001573,-65.5254516601563
9000000.00015731,-65.2996520996094
9000000.00015731,-65.0827178955078
9000000.00015732,-64.8779983520508
9000000.00015732,-64.6888580322266
9000000.00015733,-64.5186614990234
9000000.00015733,-64.3591079711914
9000000.00015734,-64.200813293457
9000000.00015734,-64.0455551147461
9000000.00015735,-63.8951072692871
9000000.00015735,-63.7512321472168
9000000.00015736,-63.6157035827637
9000000.00015736,-63.490291595459
9000000.00015737,-63.376766204834
9000000.00015737,-63.2768974304199
9000000.00015738,-63.1924514770508
9000000.00015738,-63.1252059936523
9000000.00015739,-63.0769271850586
9000000.00015739,-63.0493812561035
9000000.0001574,-63.0420379638672
9000000.0001574,-63.0485801696777
9000000.00015741,-63.0689582824707
9000000.00015741,-63.1036682128906
9000000.00015742,-63.1532211303711
9000000.00015742,-63.2181167602539
9000000.00015743,-63.2988510131836
9000000.00015743,-63.3959350585938
9000000.00015744,-63.5098648071289
9000000.00015744,-63.6411476135254
9000000.00015745,-63.790283203125
9000000.00015745,-63.9577713012695
9000000.00015746,-64.1441192626953
9000000.00015746,-64.350715637207
9000000.00015747,-64.5882873535156
9000000.00015747,-64.8565216064453
9000000.00015748,-65.1511688232422
9000000.00015748,-65.4679870605469
9000000.00015749,-65.8027420043945
9000000.00015749,-66.1511917114258
9000000.0001575,-66.5090866088867
9000000.0001575,-66.8721923828125
9000000.00015751,-67.2362670898438
9000000.00015751,-67.5970687866211
9000000.00015752,-67.9503479003906
9000000.00015752,-68.291877746582
9000000.00015753,-68.6174011230469
9000000.00015753,-68.948371887207
9000000.00015754,-69.3039932250977
9000000.00015754,-69.6767120361328
9000000.00015755,-70.0589599609375
9000000.00015755,-70.4431915283203
9000000.00015756,-70.8218231201172
9000000.00015756,-71.1873092651367
9000000.00015757,-71.5320739746094
9000000.00015757,-71.8485641479492
9000000.00015758,-72.1292190551758
9000000.00015758,-72.3664703369141
9000000.00015759,-72.5527572631836
9000000.00015759,-72.6805191040039
9000000.0001576,-72.7450790405273
9000000.0001576,-72.7541732788086
9000000.00015761,-72.7135848999023
9000000.00015761,-72.6286010742188
9000000.00015762,-72.5045013427734
9000000.00015762,-72.3465805053711
9000000.00015763,-72.1601181030273
9000000.00015763,-71.9504165649414
9000000.00015764,-71.7227478027344
9000000.00015764,-71.4824066162109
9000000.00015765,-71.2346878051758
9000000.00015765,-70.9848709106445
9000000.00015766,-70.7382431030273
9000000.00015766,-70.497428894043
9000000.00015767,-70.2330474853516
9000000.00015767,-69.93994140625
9000000.00015768,-69.6236419677734
9000000.00015768,-69.2896881103516
9000000.00015769,-68.9436264038086
9000000.00015769,-68.5909881591797
9000000.0001577,-68.2373199462891
9000000.0001577,-67.8881530761719
9000000.00015771,-67.5490341186523
9000000.00015771,-67.2254943847656
9000000.00015772,-66.9230804443359
9000000.00015772,-66.647331237793
9000000.00015773,-66.4037780761719
9000000.00015773,-66.1817245483398
9000000.00015774,-65.9677658081055
9000000.00015774,-65.7633514404297
9000000.00015775,-65.5699462890625
9000000.00015775,-65.3890151977539
9000000.00015776,-65.2220230102539
9000000.00015776,-65.0704193115234
9000000.00015777,-64.9356689453125
9000000.00015777,-64.8192443847656
9000000.00015778,-64.7225875854492
9000000.00015778,-64.6471786499023
9000000.00015779,-64.5944671630859
9000000.00015779,-64.56591796875
9000000.0001578,-64.5612945556641
9000000.0001578,-64.5759506225586
9000000.00015781,-64.6096801757813
9000000.00015781,-64.6626739501953
9000000.00015782,-64.7351379394531
9000000.00015782,-64.8272552490234
9000000.00015783,-64.9392318725586
9000000.00015783,-65.0712585449219
9000000.00015784,-65.2235260009766
9000000.00015784,-65.3962326049805
9000000.00015785,-65.5895843505859
9000000.00015785,-65.8037643432617
9000000.00015786,-66.0389633178711
9000000.00015786,-66.2961807250977
9000000.00015787,-66.5847702026367
9000000.00015787,-66.9046783447266
9000000.00015788,-67.2524185180664
9000000.00015788,-67.6245193481445
9000000.00015789,-68.0174865722656
9000000.00015789,-68.4278411865234
9000000.0001579,-68.8521041870117
9000000.0001579,-69.2867889404297
9000000.00015791,-69.7284164428711
9000000.00015791,-70.1735000610352
9000000.00015792,-70.6185607910156
9000000.00015792,-71.0601119995117
9000000.00015793,-71.4946823120117
9000000.00015793,-71.9512023925781
9000000.00015794,-72.4531173706055
9000000.00015794,-72.9887161254883
9000000.00015795,-73.5462493896484
9000000.00015795,-74.114013671875
9000000.00015796,-74.6802597045898
9000000.00015796,-75.2332763671875
9000000.00015797,-75.7613220214844
9000000.00015797,-76.2526779174805
9000000.00015798,-76.6956176757813
9000000.00015798,-77.0784149169922
9000000.00015799,-77.3893356323242
9000000.00015799,-77.6166534423828
9000000.000158,-77.7549133300781
9000000.000158,-77.8210754394531
9000000.00015801,-77.8226623535156
9000000.00015801,-77.7659683227539
9000000.00015802,-77.6572647094727
9000000.00015802,-77.5028457641602
9000000.00015803,-77.3089904785156
9000000.00015803,-77.0819931030273
9000000.00015804,-76.828125
9000000.00015804,-76.5536804199219
9000000.00015805,-76.2649383544922
9000000.00015805,-75.9681930541992
9000000.00015806,-75.6697235107422
9000000.00015806,-75.3724594116211
9000000.00015807,-75.0393600463867
9000000.00015807,-74.6642608642578
9000000.00015808,-74.2544937133789
9000000.00015808,-73.8173904418945
9000000.00015809,-73.3602981567383
9000000.00015809,-72.8905334472656
9000000.0001581,-72.4154510498047
9000000.0001581,-71.9423751831055
9000000.00015811,-71.478645324707
9000000.00015811,-71.0315933227539
9000000.00015812,-70.6085510253906
9000000.00015812,-70.2168579101563
9000000.00015813,-69.8638534545898
9000000.00015813,-69.5356826782227
9000000.00015814,-69.2147903442383
9000000.00015814,-68.902961730957
9000000.00015815,-68.6019821166992
9000000.00015815,-68.3136215209961
9000000.00015816,-68.039680480957
9000000.00015816,-67.7819213867188
9000000.00015817,-67.5421371459961
9000000.00015817,-67.3221130371094
9000000.00015818,-67.1236190795898
9000000.00015818,-66.9484558105469
9000000.00015819,-66.7983856201172
9000000.00015819,-66.6752014160156
9000000.0001582,-66.5791931152344
9000000.0001582,-66.5063018798828
9000000.00015821,-66.455810546875
9000000.00015821,-66.4273300170898
9000000.00015822,-66.4204940795898
9000000.00015822,-66.4349060058594
9000000.00015823,-66.4701919555664
9000000.00015823,-66.5259780883789
9000000.00015824,-66.6018676757813
9000000.00015824,-66.6974868774414
9000000.00015825,-66.8124618530273
9000000.00015825,-66.9463958740234
9000000.00015826,-67.0989151000977
9000000.00015826,-67.2713012695313
9000000.00015827,-67.4828872680664
9000000.00015827,-67.7342681884766
9000000.00015828,-68.0189743041992
9000000.00015828,-68.3305282592773
9000000.00015829,-68.6624374389648
9000000.00015829,-69.0082397460938
9000000.0001583,-69.3614501953125
9000000.0001583,-69.7155838012695
9000000.00015831,-70.0641784667969
9000000.00015831,-70.4007339477539
9000000.00015832,-70.7187881469727
9000000.00015832,-71.0118560791016
9000000.00015833,-71.2734680175781
9000000.00015833,-71.5247344970703
9000000.00015834,-71.7871704101563
9000000.00015834,-72.0548858642578
9000000.00015835,-72.3219757080078
9000000.00015835,-72.5825347900391
9000000.00015836,-72.8306732177734
9000000.00015836,-73.0604858398438
9000000.00015837,-73.2660675048828
9000000.00015837,-73.441520690918
9000000.00015838,-73.5809555053711
9000000.00015838,-73.6784591674805
9000000.00015839,-73.7281341552734
9000000.00015839,-73.7240905761719
9000000.0001584,-73.6598815917969
9000000.0001584,-73.5338897705078
9000000.00015841,-73.3528289794922
9000000.00015841,-73.1237945556641
9000000.00015842,-72.853874206543
9000000.00015842,-72.550163269043
9000000.00015843,-72.2197418212891
9000000.00015843,-71.8697052001953
9000000.00015844,-71.5071487426758
9000000.00015844,-71.13916015625
9000000.00015845,-70.772834777832
9000000.00015845,-70.4152450561523
9000000.00015846,-70.0735015869141
9000000.00015846,-69.7519454956055
9000000.00015847,-69.4210815429688
9000000.00015847,-69.074104309082
9000000.00015848,-68.714958190918
9000000.00015848,-68.3475723266602
9000000.00015849,-67.9758987426758
9000000.00015849,-67.6038665771484
9000000.0001585,-67.2354125976563
9000000.0001585,-66.8744888305664
9000000.00015851,-66.525016784668
9000000.00015851,-66.1909408569336
9000000.00015852,-65.8761978149414
9000000.00015852,-65.5847320556641
9000000.00015853,-65.3204803466797
9000000.00015853,-65.0758438110352
9000000.00015854,-64.84130859375
9000000.00015854,-64.6179046630859
9000000.00015855,-64.4066543579102
9000000.00015855,-64.2085876464844
9000000.00015856,-64.0247497558594
9000000.00015856,-63.8561553955078
9000000.00015857,-63.7038421630859
9000000.00015857,-63.5688400268555
9000000.00015858,-63.4521789550781
9000000.00015858,-63.3548889160156
9000000.00015859,-63.278003692627
9000000.00015859,-63.2225494384766
9000000.0001586,-63.1886024475098
9000000.0001586,-63.1735420227051
9000000.00015861,-63.1770324707031
9000000.00015861,-63.1989593505859
9000000.00015862,-63.2392082214355
9000000.00015862,-63.2976531982422
9000000.00015863,-63.3741836547852
9000000.00015863,-63.468677520752
9000000.00015864,-63.5810241699219
9000000.00015864,-63.7111015319824
9000000.00015865,-63.8587951660156
9000000.00015865,-64.0239868164063
9000000.00015866,-64.2065582275391
9000000.00015866,-64.4077758789063
9000000.00015867,-64.643928527832
9000000.00015867,-64.9153213500977
9000000.00015868,-65.2163162231445
9000000.00015868,-65.5412902832031
9000000.00015869,-65.8845901489258
9000000.00015869,-66.240592956543
9000000.0001587,-66.603645324707
9000000.0001587,-66.9681167602539
9000000.00015871,-67.3283767700195
9000000.00015871,-67.6787719726563
9000000.00015872,-68.0136795043945
9000000.00015872,-68.3274612426758
9000000.00015873,-68.6144638061523
9000000.00015873,-68.8909225463867
9000000.00015874,-69.1741027832031
9000000.00015874,-69.4599075317383
9000000.00015875,-69.7442626953125
9000000.00015875,-70.0230865478516
9000000.00015876,-70.2922821044922
9000000.00015876,-70.5477828979492
9000000.00015877,-70.7854995727539
9000000.00015877,-71.0013427734375
9000000.00015878,-71.1912307739258
9000000.00015878,-71.3510894775391
9000000.00015879,-71.4768218994141
9000000.00015879,-71.5643615722656
9000000.0001588,-71.608512878418
9000000.0001588,-71.6061630249023
9000000.00015881,-71.5625381469727
9000000.00015881,-71.4833068847656
9000000.00015882,-71.3741683959961
9000000.00015882,-71.2407913208008
9000000.00015883,-71.0888595581055
9000000.00015883,-70.9240493774414
9000000.00015884,-70.7520446777344
9000000.00015884,-70.5785293579102
9000000.00015885,-70.4091720581055
9000000.00015885,-70.2496643066406
9000000.00015886,-70.1056900024414
9000000.00015886,-69.9808959960938
9000000.00015887,-69.8537902832031
9000000.00015887,-69.7189331054688
9000000.00015888,-69.578742980957
9000000.00015888,-69.4356307983398
9000000.00015889,-69.2919998168945
9000000.00015889,-69.1502532958984
9000000.0001589,-69.0128021240234
9000000.0001589,-68.8820495605469
9000000.00015891,-68.7604141235352
9000000.00015891,-68.6502914428711
9000000.00015892,-68.5540924072266
9000000.00015892,-68.4742202758789
9000000.00015893,-68.4130935668945
9000000.00015893,-68.3714752197266
9000000.00015894,-68.3471984863281
9000000.00015894,-68.338264465332
9000000.00015895,-68.3426742553711
9000000.00015895,-68.3584136962891
9000000.00015896,-68.3834915161133
9000000.00015896,-68.415901184082
9000000.00015897,-68.4536437988281
9000000.00015897,-68.4947052001953
9000000.00015898,-68.5370941162109
9000000.00015898,-68.5788040161133
9000000.00015899,-68.6178283691406
9000000.00015899,-68.6521759033203
9000000.000159,-68.6805267333984
9000000.000159,-68.7047576904297
9000000.00015901,-68.7264556884766
9000000.00015901,-68.7470855712891
9000000.00015902,-68.7681121826172
9000000.00015902,-68.791015625
9000000.00015903,-68.8172607421875
9000000.00015903,-68.8483200073242
9000000.00015904,-68.8856658935547
9000000.00015904,-68.9307632446289
9000000.00015905,-68.9850921630859
9000000.00015905,-69.0501098632813
9000000.00015906,-69.1272964477539
9000000.00015906,-69.2182006835938
9000000.00015907,-69.3242797851563
9000000.00015907,-69.4442291259766
9000000.00015908,-69.5761795043945
9000000.00015908,-69.7182846069336
9000000.00015909,-69.8686676025391
9000000.00015909,-70.0254898071289
9000000.0001591,-70.186882019043
9000000.0001591,-70.3509826660156
9000000.00015911,-70.5159301757813
9000000.00015911,-70.6798706054688
9000000.00015912,-70.840950012207
9000000.00015912,-70.9972915649414
9000000.00015913,-71.1470565795898
9000000.00015913,-71.3018493652344
9000000.00015914,-71.4716186523438
9000000.00015914,-71.6519470214844
9000000.00015915,-71.8384475708008
9000000.00015915,-72.026725769043
9000000.00015916,-72.2123718261719
9000000.00015916,-72.390998840332
9000000.00015917,-72.5582046508789
9000000.00015917,-72.7095947265625
9000000.00015918,-72.8407592773438
9000000.00015918,-72.9473190307617
9000000.00015919,-73.0248641967773
9000000.00015919,-73.0690002441406
9000000.0001592,-73.0761260986328
9000000.0001592,-73.0483474731445
9000000.00015921,-72.9897003173828
9000000.00015921,-72.9041976928711
9000000.00015922,-72.7958602905273
9000000.00015922,-72.6686782836914
9000000.00015923,-72.5266723632813
9000000.00015923,-72.3738403320313
9000000.00015924,-72.2141952514648
9000000.00015924,-72.0517501831055
9000000.00015925,-71.8905029296875
9000000.00015925,-71.7344741821289
9000000.00015926,-71.5876617431641
9000000.00015926,-71.4525833129883
9000000.00015927,-71.3132629394531
9000000.00015927,-71.1658630371094
9000000.00015928,-71.0123672485352
9000000.00015928,-70.8547592163086
9000000.00015929,-70.6950073242188
9000000.00015929,-70.5351104736328
9000000.0001593,-70.3770446777344
9000000.0001593,-70.2227783203125
9000000.00015931,-70.0743103027344
9000000.00015931,-69.9336166381836
9000000.00015932,-69.8026733398438
9000000.00015932,-69.6834564208984
9000000.00015933,-69.5779647827148
9000000.00015933,-69.483283996582
9000000.00015934,-69.3952484130859
9000000.00015934,-69.3139266967773
9000000.00015935,-69.239387512207
9000000.00015935,-69.1717071533203
9000000.00015936,-69.1109619140625
9000000.00015936,-69.0572204589844
9000000.00015937,-69.0105514526367
9000000.00015937,-68.9710388183594
9000000.00015938,-68.9387435913086
9000000.00015938,-68.9137420654297
9000000.00015939,-68.896110534668
9000000.00015939,-68.8859176635742
9000000.0001594,-68.8798980712891
9000000.0001594,-68.8688583374023
9000000.00015941,-68.8553848266602
9000000.00015941,-68.8429336547852
9000000.00015942,-68.8349990844727
9000000.00015942,-68.8350524902344
9000000.00015943,-68.846565246582
9000000.00015943,-68.8730163574219
9000000.00015944,-68.9178848266602
9000000.00015944,-68.9846420288086
9000000.00015945,-69.0767593383789
9000000.00015945,-69.1977310180664
9000000.00015946,-69.3510131835938
9000000.00015946,-69.5405197143555
9000000.00015947,-69.7727203369141
9000000.00015947,-70.0445556640625
9000000.00015948,-70.3505706787109
9000000.00015948,-70.685302734375
9000000.00015949,-71.0433044433594
9000000.00015949,-71.4191207885742
9000000.0001595,-71.8073043823242
9000000.0001595,-72.2023849487305
9000000.00015951,-72.5989151000977
9000000.00015951,-72.9914474487305
9000000.00015952,-73.3745193481445
9000000.00015952,-73.7426834106445
9000000.00015953,-74.0904769897461
9000000.00015953,-74.449104309082
9000000.00015954,-74.8457489013672
9000000.00015954,-75.2689056396484
9000000.00015955,-75.7070846557617
9000000.00015955,-76.148796081543
9000000.00015956,-76.5825347900391
9000000.00015956,-76.996826171875
9000000.00015957,-77.3801574707031
9000000.00015957,-77.7210464477539
9000000.00015958,-78.0079956054688
9000000.00015958,-78.2295074462891
9000000.00015959,-78.3740921020508
9000000.00015959,-78.4302520751953
9000000.0001596,-78.3861846923828
9000000.0001596,-78.24072265625
9000000.00015961,-78.0063781738281
9000000.00015961,-77.6961822509766
9000000.00015962,-77.3231887817383
9000000.00015962,-76.9004287719727
9000000.00015963,-76.4409408569336
9000000.00015963,-75.9577713012695
9000000.00015964,-75.4639511108398
9000000.00015964,-74.972526550293
9000000.00015965,-74.4965286254883
9000000.00015965,-74.0490112304688
9000000.00015966,-73.6430053710938
9000000.00015966,-73.2878952026367
9000000.00015967,-72.9456634521484
9000000.00015967,-72.6040267944336
9000000.00015968,-72.2644958496094
9000000.00015968,-71.928581237793
9000000.00015969,-71.597785949707
9000000.00015969,-71.2736282348633
9000000.0001597,-70.9576110839844
9000000.0001597,-70.651252746582
9000000.00015971,-70.3560485839844
9000000.00015971,-70.0735244750977
9000000.00015972,-69.80517578125
9000000.00015972,-69.5525207519531
9000000.00015973,-69.3170623779297
9000000.00015973,-69.0974578857422
9000000.00015974,-68.89111328125
9000000.00015974,-68.6976547241211
9000000.00015975,-68.516716003418
9000000.00015975,-68.3479461669922
9000000.00015976,-68.1909790039063
9000000.00015976,-68.0454406738281
9000000.00015977,-67.9109802246094
9000000.00015977,-67.787223815918
9000000.00015978,-67.6738052368164
9000000.00015978,-67.5703735351563
9000000.00015979,-67.4765625
9000000.00015979,-67.3919982910156
9000000.0001598,-67.3158798217773
9000000.0001598,-67.2469711303711
9000000.00015981,-67.1860046386719
9000000.00015981,-67.1338653564453
9000000.00015982,-67.0914306640625
9000000.00015982,-67.0595703125
9000000.00015983,-67.039176940918
9000000.00015983,-67.0311050415039
9000000.00015984,-67.0362548828125
9000000.00015984,-67.0554809570313
9000000.00015985,-67.0896835327148
9000000.00015985,-67.1397247314453
9000000.00015986,-67.2064819335938
9000000.00015986,-67.2901306152344
9000000.00015987,-67.3827209472656
9000000.00015987,-67.4833526611328
9000000.00015988,-67.5940322875977
9000000.00015988,-67.7167663574219
9000000.00015989,-67.8535614013672
9000000.00015989,-68.0064163208008
9000000.0001599,-68.1773452758789
9000000.0001599,-68.3683547973633
9000000.00015991,-68.5814514160156
9000000.00015991,-68.8186416625977
9000000.00015992,-69.0819320678711
9000000.00015992,-69.3733215332031
9000000.00015993,-69.69482421875
9000000.00015993,-70.05810546875
9000000.00015994,-70.4688186645508
9000000.00015994,-70.919921875
9000000.00015995,-71.4043884277344
9000000.00015995,-71.9151763916016
9000000.00015996,-72.4452667236328
9000000.00015996,-72.9876098632813
9000000.00015997,-73.5351791381836
9000000.00015997,-74.0809326171875
9000000.00015998,-74.6178512573242
9000000.00015998,-75.1388931274414
9000000.00015999,-75.6370162963867
9000000.00015999,-76.1052017211914
9000000.00016,-76.5545501708984
9000000.00016,-77.0348739624023
9000000.00016001,-77.5392532348633
9000000.00016001,-78.0561141967773
9000000.00016002,-78.5738983154297
9000000.00016002,-79.0810546875
9000000.00016003,-79.5660247802734
9000000.00016003,-80.0172500610352
9000000.00016004,-80.4231719970703
9000000.00016004,-80.7722320556641
9000000.00016005,-81.0528717041016
9000000.00016005,-81.253532409668
9000000.00016006,-81.3626556396484
9000000.00016006,-81.3677978515625
9000000.00016007,-81.2540054321289
9000000.00016007,-81.0315399169922
9000000.00016008,-80.7162322998047
9000000.00016008,-80.3239059448242
9000000.00016009,-79.8703842163086
9000000.00016009,-79.3715057373047
9000000.0001601,-78.8430938720703
9000000.0001601,-78.3009796142578
9000000.00016011,-77.7609939575195
9000000.00016011,-77.2389526367188
9000000.00016012,-76.7506942749023
9000000.00016012,-76.3120498657227
9000000.00016013,-75.9388427734375
9000000.00016013,-75.6095809936523
9000000.00016014,-75.2920532226563
9000000.00016014,-74.9860382080078
9000000.00016015,-74.691276550293
9000000.00016015,-74.4075469970703
9000000.00016016,-74.1345977783203
9000000.00016016,-73.872200012207
9000000.00016017,-73.6201019287109
9000000.00016017,-73.3780822753906
9000000.00016018,-73.145881652832
9000000.00016018,-72.9232711791992
9000000.00016019,-72.7100143432617
9000000.00016019,-72.5058746337891
9000000.0001602,-72.3087005615234
9000000.0001602,-72.1132354736328
9000000.00016021,-71.921257019043
9000000.00016021,-71.7350540161133
9000000.00016022,-71.5569229125977
9000000.00016022,-71.38916015625
9000000.00016023,-71.2340545654297
9000000.00016023,-71.0939025878906
9000000.00016024,-70.9709930419922
9000000.00016024,-70.8676300048828
9000000.00016025,-70.7860946655273
9000000.00016025,-70.7286911010742
9000000.00016026,-70.6977081298828
9000000.00016026,-70.6939544677734
9000000.00016027,-70.7008361816406
9000000.00016027,-70.716064453125
9000000.00016028,-70.7434005737305
9000000.00016028,-70.7865982055664
9000000.00016029,-70.8494338989258
9000000.00016029,-70.935661315918
9000000.0001603,-71.0490493774414
9000000.0001603,-71.193359375
9000000.00016031,-71.3723449707031
9000000.00016031,-71.5897750854492
9000000.00016032,-71.8494186401367
9000000.00016032,-72.1550216674805
9000000.00016033,-72.5103607177734
9000000.00016033,-72.9702758789063
9000000.00016034,-73.567626953125
9000000.00016034,-74.2731781005859
9000000.00016035,-75.0577163696289
9000000.00016035,-75.8920211791992
9000000.00016036,-76.7468566894531
9000000.00016036,-77.5930023193359
9000000.00016037,-78.4012451171875
9000000.00016037,-79.1423492431641
9000000.00016038,-79.7870941162109
9000000.00016038,-80.3062591552734
9000000.00016039,-80.6706237792969
9000000.00016039,-80.8509521484375
9000000.0001604,-80.8260498046875
9000000.0001604,-80.6172637939453
9000000.00016041,-80.2493667602539
9000000.00016041,-79.7461242675781
9000000.00016042,-79.1312942504883
9000000.00016042,-78.4286346435547
9000000.00016043,-77.6619033813477
9000000.00016043,-76.854850769043
9000000.00016044,-76.0312423706055
9000000.00016044,-75.2148361206055
9000000.00016045,-74.4293899536133
9000000.00016045,-73.6986618041992
9000000.00016046,-73.0464096069336
9000000.00016046,-72.4899520874023
9000000.00016047,-71.9627914428711
9000000.00016047,-71.4425888061523
9000000.00016048,-70.9311141967773
9000000.00016048,-70.4301452636719
9000000.00016049,-69.9414596557617
9000000.00016049,-69.4668350219727
9000000.0001605,-69.0080490112305
9000000.0001605,-68.5668716430664
9000000.00016051,-68.1450958251953
9000000.00016051,-67.7444839477539
9000000.00016052,-67.366828918457
9000000.00016052,-67.0138931274414
9000000.00016053,-66.6874618530273
9000000.00016053,-66.3851013183594
9000000.00016054,-66.1031951904297
9000000.00016054,-65.8417129516602
9000000.00016055,-65.6006469726563
9000000.00016055,-65.3799667358398
9000000.00016056,-65.1796493530273
9000000.00016056,-64.9996871948242
9000000.00016057,-64.8400573730469
9000000.00016057,-64.7007369995117
9000000.00016058,-64.5817108154297
9000000.00016058,-64.4829559326172
9000000.00016059,-64.4044570922852
9000000.00016059,-64.3461837768555
9000000.0001606,-64.3089599609375
9000000.0001606,-64.2950820922852
9000000.00016061,-64.3039093017578
9000000.00016061,-64.3345642089844
9000000.00016062,-64.3861923217773
9000000.00016062,-64.4579238891602
9000000.00016063,-64.5488891601563
9000000.00016063,-64.6582183837891
9000000.00016064,-64.7850494384766
9000000.00016064,-64.9285125732422
9000000.00016065,-65.0877456665039
9000000.00016065,-65.2618789672852
9000000.00016066,-65.4500427246094
9000000.00016066,-65.6526794433594
9000000.00016067,-65.8848114013672
9000000.00016067,-66.1474227905273
9000000.00016068,-66.4360046386719
9000000.00016068,-66.7460403442383
9000000.00016069,-67.0730133056641
9000000.00016069,-67.4124221801758
9000000.0001607,-67.7597427368164
9000000.0001607,-68.1104736328125
9000000.00016071,-68.4600982666016
9000000.00016071,-68.8041076660156
9000000.00016072,-69.1379776000977
9000000.00016072,-69.4572143554688
9000000.00016073,-69.7572937011719
9000000.00016073,-70.0586242675781
9000000.00016074,-70.3800506591797
9000000.00016074,-70.7146911621094
9000000.00016075,-71.0556564331055
9000000.00016075,-71.3960723876953
9000000.00016076,-71.7290420532227
9000000.00016076,-72.0476989746094
9000000.00016077,-72.3451538085938
9000000.00016077,-72.6145248413086
9000000.00016078,-72.8489303588867
9000000.00016078,-73.0414886474609
9000000.00016079,-73.1853179931641
9000000.00016079,-73.2735366821289
9000000.0001608,-73.301025390625
9000000.0001608,-73.2724685668945
9000000.00016081,-73.1938095092773
9000000.00016081,-73.0707702636719
9000000.00016082,-72.9090805053711
9000000.00016082,-72.7144546508789
9000000.00016083,-72.4926300048828
9000000.00016083,-72.2493286132813
9000000.00016084,-71.9902801513672
9000000.00016084,-71.7212066650391
9000000.00016085,-71.4478302001953
9000000.00016085,-71.1758880615234
9000000.00016086,-70.9110946655273
9000000.00016086,-70.6566696166992
9000000.00016087,-70.3853149414063
9000000.00016087,-70.0914764404297
9000000.00016088,-69.7795791625977
9000000.00016088,-69.4540252685547
9000000.00016089,-69.1192321777344
9000000.00016089,-68.7796096801758
9000000.0001609,-68.439567565918
9000000.0001609,-68.103515625
9000000.00016091,-67.7758636474609
9000000.00016091,-67.4610214233398
9000000.00016092,-67.1634063720703
9000000.00016092,-66.8874206542969
9000000.00016093,-66.6374816894531
9000000.00016093,-66.4044036865234
9000000.00016094,-66.1770477294922
9000000.00016094,-65.9568939208984
9000000.00016095,-65.7454528808594
9000000.00016095,-65.5441970825195
9000000.00016096,-65.3546142578125
9000000.00016096,-65.1782073974609
9000000.00016097,-65.0164566040039
9000000.00016097,-64.870849609375
9000000.00016098,-64.7428817749023
9000000.00016098,-64.6340408325195
9000000.00016099,-64.5458068847656
9000000.00016099,-64.4796829223633
9000000.000161,-64.4352264404297
9000000.000161,-64.4071807861328
9000000.00016101,-64.3954925537109
9000000.00016101,-64.4005584716797
9000000.00016102,-64.4227828979492
9000000.00016102,-64.4625701904297
9000000.00016103,-64.5203170776367
9000000.00016103,-64.5964279174805
9000000.00016104,-64.6912994384766
9000000.00016104,-64.8053436279297
9000000.00016105,-64.9389495849609
9000000.00016105,-65.0925369262695
9000000.00016106,-65.266487121582
9000000.00016106,-65.4624176025391
9000000.00016107,-65.6946334838867
9000000.00016107,-65.9629516601563
9000000.00016108,-66.261962890625
9000000.00016108,-66.5862426757813
9000000.00016109,-66.9303894042969
9000000.00016109,-67.2889709472656
9000000.0001611,-67.6565856933594
9000000.0001611,-68.0278015136719
9000000.00016111,-68.397216796875
9000000.00016111,-68.759407043457
9000000.00016112,-69.1089553833008
9000000.00016112,-69.4404525756836
9000000.00016113,-69.7484741210938
9000000.00016113,-70.0544128417969
9000000.00016114,-70.3787689208984
9000000.00016114,-70.7148056030273
9000000.00016115,-71.0557708740234
9000000.00016115,-71.3949203491211
9000000.00016116,-71.7255020141602
9000000.00016116,-72.040771484375
9000000.00016117,-72.3339920043945
9000000.00016117,-72.5984039306641
9000000.00016118,-72.827262878418
9000000.00016118,-73.0138320922852
9000000.00016119,-73.1513519287109
9000000.00016119,-73.2330856323242
9000000.0001612,-73.2539978027344
9000000.0001612,-73.2186279296875
9000000.00016121,-73.1328125
9000000.00016121,-73.0021820068359
9000000.00016122,-72.8323669433594
9000000.00016122,-72.6290054321289
9000000.00016123,-72.3977355957031
9000000.00016123,-72.144172668457
9000000.00016124,-71.8739700317383
9000000.00016124,-71.5927429199219
9000000.00016125,-71.3061370849609
9000000.00016125,-71.019775390625
9000000.00016126,-70.7393035888672
9000000.00016126,-70.4677963256836
9000000.00016127,-70.1774139404297
9000000.00016127,-69.8627014160156
9000000.00016128,-69.5283432006836
9000000.00016128,-69.1790161132813
9000000.00016129,-68.8194046020508
9000000.00016129,-68.4541931152344
9000000.0001613,-68.0880584716797
9000000.0001613,-67.7256851196289
9000000.00016131,-67.3717498779297
9000000.00016131,-67.0309371948242
9000000.00016132,-66.7079315185547
9000000.00016132,-66.4074096679688
9000000.00016133,-66.1340560913086
9000000.00016133,-65.8785171508789
9000000.00016134,-65.629264831543
9000000.00016134,-65.3876724243164
9000000.00016135,-65.1551208496094
9000000.00016135,-64.9329986572266
9000000.00016136,-64.7226867675781
9000000.00016136,-64.5255661010742
9000000.00016137,-64.3430252075195
9000000.00016137,-64.1764450073242
9000000.00016138,-64.0272064208984
9000000.00016138,-63.8966903686523
9000000.00016139,-63.7862854003906
9000000.00016139,-63.6973724365234
9000000.0001614,-63.6297035217285
9000000.0001614,-63.5788078308105
9000000.00016141,-63.5445137023926
9000000.00016141,-63.5270309448242
9000000.00016142,-63.5265731811523
9000000.00016142,-63.5433502197266
9000000.00016143,-63.5775756835938
9000000.00016143,-63.6294631958008
9000000.00016144,-63.6992225646973
9000000.00016144,-63.7870674133301
9000000.00016145,-63.8932075500488
9000000.00016145,-64.0178604125977
9000000.00016146,-64.1612319946289
9000000.00016146,-64.3240203857422
9000000.00016147,-64.512077331543
9000000.00016147,-64.7252807617188
9000000.00016148,-64.9613723754883
9000000.00016148,-65.2181015014648
9000000.00016149,-65.4932098388672
9000000.00016149,-65.7844543457031
9000000.0001615,-66.0895614624023
9000000.0001615,-66.4062957763672
9000000.00016151,-66.7323913574219
9000000.00016151,-67.0655899047852
9000000.00016152,-67.4036483764648
9000000.00016152,-67.7443084716797
9000000.00016153,-68.0853118896484
9000000.00016153,-68.4480438232422
9000000.00016154,-68.8494720458984
9000000.00016154,-69.2807159423828
9000000.00016155,-69.7329025268555
9000000.00016155,-70.197151184082
9000000.00016156,-70.6645736694336
9000000.00016156,-71.1262893676758
9000000.00016157,-71.5734252929688
9000000.00016157,-71.9970932006836
9000000.00016158,-72.388427734375
9000000.00016158,-72.7385330200195
9000000.00016159,-73.0385360717773
9000000.00016159,-73.2795562744141
9000000.0001616,-73.4601593017578
9000000.0001616,-73.6006851196289
9000000.00016161,-73.7046661376953
9000000.00016161,-73.7739562988281
9000000.00016162,-73.8104400634766
9000000.00016162,-73.8159866333008
9000000.00016163,-73.7924575805664
9000000.00016163,-73.7417297363281
9000000.00016164,-73.6656646728516
9000000.00016164,-73.5661392211914
9000000.00016165,-73.4450225830078
9000000.00016165,-73.3041839599609
9000000.00016166,-73.1454925537109
9000000.00016166,-72.9686050415039
9000000.00016167,-72.748291015625
9000000.00016167,-72.4825210571289
9000000.00016168,-72.1785049438477
9000000.00016168,-71.8434371948242
9000000.00016169,-71.4845275878906
9000000.00016169,-71.1089706420898
9000000.0001617,-70.7239608764648
9000000.0001617,-70.3367156982422
9000000.00016171,-69.9544296264648
9000000.00016171,-69.5842971801758
9000000.00016172,-69.233528137207
9000000.00016172,-68.9093170166016
9000000.00016173,-68.6188735961914
9000000.00016173,-68.3482208251953
9000000.00016174,-68.0798645019531
9000000.00016174,-67.8157501220703
9000000.00016175,-67.5578002929688
9000000.00016175,-67.3079528808594
9000000.00016176,-67.0681381225586
9000000.00016176,-66.8402862548828
9000000.00016177,-66.6263275146484
9000000.00016177,-66.4281921386719
9000000.00016178,-66.2478256225586
9000000.00016178,-66.0871429443359
9000000.00016179,-65.9480895996094
9000000.00016179,-65.8325881958008
9000000.0001618,-65.7396240234375
9000000.0001618,-65.6610946655273
9000000.00016181,-65.597297668457
9000000.00016181,-65.5492401123047
9000000.00016182,-65.5179443359375
9000000.00016182,-65.5044250488281
9000000.00016183,-65.5096817016602
9000000.00016183,-65.5347290039063
9000000.00016184,-65.5805892944336
9000000.00016184,-65.6482772827148
9000000.00016185,-65.7387924194336
9000000.00016185,-65.853157043457
9000000.00016186,-65.9923858642578
9000000.00016186,-66.1560897827148
9000000.00016187,-66.3283004760742
9000000.00016187,-66.5078964233398
9000000.00016188,-66.6995849609375
9000000.00016188,-66.908088684082
9000000.00016189,-67.1381072998047
9000000.00016189,-67.3943634033203
9000000.0001619,-67.6815719604492
9000000.0001619,-68.0044479370117
9000000.00016191,-68.3676986694336
9000000.00016191,-68.7760467529297
9000000.00016192,-69.2341995239258
9000000.00016192,-69.7468719482422
9000000.00016193,-70.3187789916992
9000000.00016193,-71.0093688964844
9000000.00016194,-71.8535385131836
9000000.00016194,-72.8191833496094
9000000.00016195,-73.8741989135742
9000000.00016195,-74.9864807128906
9000000.00016196,-76.1239242553711
9000000.00016196,-77.2544250488281
9000000.00016197,-78.3458786010742
9000000.00016197,-79.3661804199219
9000000.00016198,-80.2832260131836
9000000.00016198,-81.0649185180664
9000000.00016199,-81.6791458129883
9000000.00016199,-82.0938034057617
9000000.000162,-82.2875061035156
9000000.000162,-82.2889862060547
9000000.00016201,-82.1239471435547
9000000.00016201,-81.8164367675781
9000000.00016202,-81.3905258178711
9000000.00016202,-80.8702774047852
9000000.00016203,-80.2797470092773
9000000.00016203,-79.6429977416992
9000000.00016204,-78.9840927124023
9000000.00016204,-78.3270874023438
9000000.00016205,-77.6960525512695
9000000.00016205,-77.1150436401367
9000000.00016206,-76.6081161499023
9000000.00016206,-76.1929092407227
9000000.00016207,-75.8031387329102
9000000.00016207,-75.4161758422852
9000000.00016208,-75.033447265625
9000000.00016208,-74.656379699707
9000000.00016209,-74.2864074707031
9000000.00016209,-73.9249496459961
9000000.0001621,-73.5734481811523
9000000.0001621,-73.2333221435547
9000000.00016211,-72.906005859375
9000000.00016211,-72.5929183959961
9000000.00016212,-72.2955017089844
9000000.00016212,-72.0151824951172
9000000.00016213,-71.7533798217773
9000000.00016213,-71.5107116699219
9000000.00016214,-71.2859954833984
9000000.00016214,-71.0779647827148
9000000.00016215,-70.8853607177734
9000000.00016215,-70.7069244384766
9000000.00016216,-70.5413818359375
9000000.00016216,-70.3874816894531
9000000.00016217,-70.2439498901367
9000000.00016217,-70.1095275878906
9000000.00016218,-69.9829483032227
9000000.00016218,-69.8629608154297
9000000.00016219,-69.7482833862305
9000000.00016219,-69.6376724243164
9000000.0001622,-69.5306854248047
9000000.0001622,-69.4296188354492
9000000.00016221,-69.3351287841797
9000000.00016221,-69.2477416992188
9000000.00016222,-69.1679382324219
9000000.00016222,-69.0962448120117
9000000.00016223,-69.0331497192383
9000000.00016223,-68.9791564941406
9000000.00016224,-68.9347763061523
9000000.00016224,-68.900505065918
9000000.00016225,-68.8768463134766
9000000.00016225,-68.8643112182617
9000000.00016226,-68.863395690918
9000000.00016226,-68.8739166259766
9000000.00016227,-68.8880004882813
9000000.00016227,-68.9050903320313
9000000.00016228,-68.9275131225586
9000000.00016228,-68.9575805664063
9000000.00016229,-68.9976043701172
9000000.00016229,-69.049919128418
9000000.0001623,-69.1168441772461
9000000.0001623,-69.2006912231445
9000000.00016231,-69.3037796020508
9000000.00016231,-69.4284362792969
9000000.00016232,-69.5769729614258
9000000.00016232,-69.7517166137695
9000000.00016233,-69.9549865722656
9000000.00016233,-70.2031173706055
9000000.00016234,-70.5045623779297
9000000.00016234,-70.8498077392578
9000000.00016235,-71.2293243408203
9000000.00016235,-71.6336059570313
9000000.00016236,-72.0531387329102
9000000.00016236,-72.478401184082
9000000.00016237,-72.8998718261719
9000000.00016237,-73.3080444335938
9000000.00016238,-73.6933975219727
9000000.00016238,-74.0464172363281
9000000.00016239,-74.3575820922852
9000000.00016239,-74.6173782348633
9000000.0001624,-74.8280639648438
9000000.0001624,-75.021842956543
9000000.00016241,-75.1994934082031
9000000.00016241,-75.3589859008789
9000000.00016242,-75.4982986450195
9000000.00016242,-75.6153945922852
9000000.00016243,-75.708251953125
9000000.00016243,-75.7748489379883
9000000.00016244,-75.8131408691406
9000000.00016244,-75.8211135864258
9000000.00016245,-75.7967376708984
9000000.00016245,-75.7379760742188
9000000.00016246,-75.6428146362305
9000000.00016246,-75.5072784423828
9000000.00016247,-75.3077163696289
9000000.00016247,-75.0456695556641
9000000.00016248,-74.7313232421875
9000000.00016248,-74.3748779296875
9000000.00016249,-73.9865188598633
9000000.00016249,-73.5764541625977
9000000.0001625,-73.1548767089844
9000000.0001625,-72.7319717407227
9000000.00016251,-72.3179473876953
9000000.00016251,-71.9229888916016
9000000.00016252,-71.5573043823242
9000000.00016252,-71.231071472168
9000000.00016253,-70.9544982910156
9000000.00016253,-70.7124786376953
9000000.00016254,-70.4833908081055
9000000.00016254,-70.2677154541016
9000000.00016255,-70.0659103393555
9000000.00016255,-69.8784408569336
9000000.00016256,-69.7057647705078
9000000.00016256,-69.5483474731445
9000000.00016257,-69.4066543579102
9000000.00016257,-69.2811508178711
9000000.00016258,-69.1722946166992
9000000.00016258,-69.0805511474609
9000000.00016259,-69.0063781738281
9000000.00016259,-68.9502487182617
9000000.0001626,-68.9123382568359
9000000.0001626,-68.8918685913086
9000000.00016261,-68.8885726928711
9000000.00016261,-68.9022445678711
9000000.00016262,-68.9326705932617
9000000.00016262,-68.9796524047852
9000000.00016263,-69.0429763793945
9000000.00016263,-69.122444152832
9000000.00016264,-69.2178344726563
9000000.00016264,-69.3289489746094
9000000.00016265,-69.4555816650391
9000000.00016265,-69.5975189208984
9000000.00016266,-69.7545547485352
9000000.00016266,-69.9288177490234
9000000.00016267,-70.1477203369141
9000000.00016267,-70.4118118286133
9000000.00016268,-70.7116012573242
9000000.00016268,-71.0376052856445
9000000.00016269,-71.3803329467773
9000000.00016269,-71.7303161621094
9000000.0001627,-72.0780563354492
9000000.0001627,-72.4140701293945
9000000.00016271,-72.728874206543
9000000.00016271,-73.0129852294922
9000000.00016272,-73.2569198608398
9000000.00016272,-73.4511871337891
9000000.00016273,-73.586311340332
9000000.00016273,-73.6704177856445
9000000.00016274,-73.719612121582
9000000.00016274,-73.7363357543945
9000000.00016275,-73.7230453491211
9000000.00016275,-73.6821899414063
9000000.00016276,-73.6162109375
9000000.00016276,-73.5275726318359
9000000.00016277,-73.4187088012695
9000000.00016277,-73.2920837402344
9000000.00016278,-73.1501388549805
9000000.00016278,-72.9953231811523
9000000.00016279,-72.8300933837891
9000000.00016279,-72.6568984985352
9000000.0001628,-72.4726257324219
9000000.0001628,-72.2620086669922
9000000.00016281,-72.0268630981445
9000000.00016281,-71.7704086303711
9000000.00016282,-71.4958572387695
9000000.00016282,-71.2064361572266
9000000.00016283,-70.9053497314453
9000000.00016283,-70.595832824707
9000000.00016284,-70.2810974121094
9000000.00016284,-69.9643630981445
9000000.00016285,-69.6488418579102
9000000.00016285,-69.337760925293
9000000.00016286,-69.0343322753906
9000000.00016286,-68.7402572631836
9000000.00016287,-68.4389724731445
9000000.00016287,-68.1273574829102
9000000.00016288,-67.8083038330078
9000000.00016288,-67.4847412109375
9000000.00016289,-67.1595687866211
9000000.00016289,-66.835693359375
9000000.0001629,-66.5160293579102
9000000.0001629,-66.203483581543
9000000.00016291,-65.9009628295898
9000000.00016291,-65.6113891601563
9000000.00016292,-65.3376617431641
9000000.00016292,-65.0826873779297
9000000.00016293,-64.8493804931641
9000000.00016293,-64.6317672729492
9000000.00016294,-64.4225463867188
9000000.00016294,-64.2226715087891
9000000.00016295,-64.033073425293
9000000.00016295,-63.8547019958496
9000000.00016296,-63.6884994506836
9000000.00016296,-63.5354118347168
9000000.00016297,-63.3963775634766
9000000.00016297,-63.272346496582
9000000.00016298,-63.1642570495605
9000000.00016298,-63.0730476379395
9000000.00016299,-62.9996719360352
9000000.00016299,-62.945068359375
9000000.000163,-62.9088439941406
9000000.000163,-62.8873558044434
9000000.00016301,-62.8806533813477
9000000.00016301,-62.8891181945801
9000000.00016302,-62.9131278991699
9000000.00016302,-62.9530563354492
9000000.00016303,-63.0092887878418
9000000.00016303,-63.0821914672852
9000000.00016304,-63.1721534729004
9000000.00016304,-63.2795448303223
9000000.00016305,-63.4047470092773
9000000.00016305,-63.5481338500977
9000000.00016306,-63.7100868225098
9000000.00016306,-63.890941619873
9000000.00016307,-64.0903396606445
9000000.00016307,-64.3079452514648
9000000.00016308,-64.5435333251953
9000000.00016308,-64.796875
9000000.00016309,-65.067756652832
9000000.00016309,-65.3559646606445
9000000.0001631,-65.6612701416016
9000000.0001631,-65.9834518432617
9000000.00016311,-66.3222961425781
9000000.00016311,-66.6775741577148
9000000.00016312,-67.049072265625
9000000.00016312,-67.4365692138672
9000000.00016313,-67.83984375
9000000.00016313,-68.2964324951172
9000000.00016314,-68.8319473266602
9000000.00016314,-69.4282760620117
9000000.00016315,-70.0673065185547
9000000.00016315,-70.7309265136719
9000000.00016316,-71.4010162353516
9000000.00016316,-72.0594711303711
9000000.00016317,-72.6881637573242
9000000.00016317,-73.2689895629883
9000000.00016318,-73.7838363647461
9000000.00016318,-74.2145843505859
9000000.00016319,-74.5431213378906
9000000.00016319,-74.751335144043
9000000.0001632,-74.8266525268555
9000000.0001632,-74.7839050292969
9000000.00016321,-74.6379776000977
9000000.00016321,-74.4029998779297
9000000.00016322,-74.0930709838867
9000000.00016322,-73.7223129272461
9000000.00016323,-73.3048324584961
9000000.00016323,-72.854736328125
9000000.00016324,-72.3861465454102
9000000.00016324,-71.9131774902344
9000000.00016325,-71.4499282836914
9000000.00016325,-71.0105285644531
9000000.00016326,-70.6090774536133
9000000.00016326,-70.2552185058594
9000000.00016327,-69.9019546508789
9000000.00016327,-69.5358963012695
9000000.00016328,-69.160758972168
9000000.00016328,-68.7802429199219
9000000.00016329,-68.398078918457
9000000.00016329,-68.017951965332
9000000.0001633,-67.6435928344727
9000000.0001633,-67.2787017822266
9000000.00016331,-66.9269866943359
9000000.00016331,-66.592170715332
9000000.00016332,-66.2779541015625
9000000.00016332,-65.9880447387695
9000000.00016333,-65.7261657714844
9000000.00016333,-65.4861145019531
9000000.00016334,-65.2595748901367
9000000.00016334,-65.0470504760742
9000000.00016335,-64.8490371704102
9000000.00016335,-64.6660385131836
9000000.00016336,-64.4985656738281
9000000.00016336,-64.3471221923828
9000000.00016337,-64.2121963500977
9000000.00016337,-64.0943145751953
9000000.00016338,-63.9939575195313
9000000.00016338,-63.9116439819336
9000000.00016339,-63.8478660583496
9000000.00016339,-63.8031349182129
9000000.0001634,-63.7781448364258
9000000.0001634,-63.7734375
9000000.00016341,-63.7883186340332
9000000.00016341,-63.8220329284668
9000000.00016342,-63.8738174438477
9000000.00016342,-63.9429092407227
9000000.00016343,-64.0285491943359
9000000.00016343,-64.1299819946289
9000000.00016344,-64.2464370727539
9000000.00016344,-64.3771591186523
9000000.00016345,-64.5213928222656
9000000.00016345,-64.6783599853516
9000000.00016346,-64.8473205566406
9000000.00016346,-65.0287170410156
9000000.00016347,-65.2365798950195
9000000.00016347,-65.471794128418
9000000.00016348,-65.7300872802734
9000000.00016348,-66.0072021484375
9000000.00016349,-66.2988967895508
9000000.00016349,-66.6008987426758
9000000.0001635,-66.9089584350586
9000000.0001635,-67.2188186645508
9000000.00016351,-67.5262145996094
9000000.00016351,-67.8268966674805
9000000.00016352,-68.1166000366211
9000000.00016352,-68.3910751342773
9000000.00016353,-68.6460647583008
9000000.00016353,-68.8942642211914
9000000.00016354,-69.1490249633789
9000000.00016354,-69.4070281982422
9000000.00016355,-69.6649780273438
9000000.00016355,-69.9195709228516
9000000.00016356,-70.1675033569336
9000000.00016356,-70.4054794311523
9000000.00016357,-70.6301803588867
9000000.00016357,-70.8383178710938
9000000.00016358,-71.0265884399414
9000000.00016358,-71.1916809082031
9000000.00016359,-71.3302993774414
9000000.00016359,-71.4391326904297
9000000.0001636,-71.5158386230469
9000000.0001636,-71.5629577636719
9000000.00016361,-71.583251953125
9000000.00016361,-71.5793533325195
9000000.00016362,-71.5539016723633
9000000.00016362,-71.5095367431641
9000000.00016363,-71.4488830566406
9000000.00016363,-71.3745880126953
9000000.00016364,-71.2892684936523
9000000.00016364,-71.1955795288086
9000000.00016365,-71.0961456298828
9000000.00016365,-70.9935989379883
9000000.00016366,-70.8905868530273
9000000.00016366,-70.7885513305664
9000000.00016367,-70.6746063232422
9000000.00016367,-70.5461959838867
9000000.00016368,-70.4054641723633
9000000.00016368,-70.2545623779297
9000000.00016369,-70.0956268310547
9000000.00016369,-69.9308013916016
9000000.0001637,-69.7622375488281
9000000.0001637,-69.5920791625977
9000000.00016371,-69.4224548339844
9000000.00016371,-69.2555313110352
9000000.00016372,-69.0934371948242
9000000.00016372,-68.9383163452148
9000000.00016373,-68.7923202514648
9000000.00016373,-68.6498489379883
9000000.00016374,-68.5047378540039
9000000.00016374,-68.3582611083984
9000000.00016375,-68.2116775512695
9000000.00016375,-68.0662612915039
9000000.00016376,-67.9232940673828
9000000.00016376,-67.7840347290039
9000000.00016377,-67.6497650146484
9000000.00016377,-67.5217590332031
9000000.00016378,-67.4012756347656
9000000.00016378,-67.2895889282227
9000000.00016379,-67.1879806518555
9000000.00016379,-67.0977096557617
9000000.0001638,-67.0171813964844
9000000.0001638,-66.9384841918945
9000000.00016381,-66.8625564575195
9000000.00016381,-66.7910614013672
9000000.00016382,-66.7256622314453
9000000.00016382,-66.6680221557617
9000000.00016383,-66.6197967529297
9000000.00016383,-66.5826568603516
9000000.00016384,-66.5582580566406
9000000.00016384,-66.5482711791992
9000000.00016385,-66.5543441772461
9000000.00016385,-66.5781478881836
9000000.00016386,-66.6213455200195
9000000.00016386,-66.684455871582
9000000.00016387,-66.7546615600586
9000000.00016387,-66.8302993774414
9000000.00016388,-66.9143753051758
9000000.00016388,-67.0098876953125
9000000.00016389,-67.1198425292969
9000000.00016389,-67.2472457885742
9000000.0001639,-67.3950881958008
9000000.0001639,-67.5663909912109
9000000.00016391,-67.7641448974609
9000000.00016391,-67.9913558959961
9000000.00016392,-68.2510299682617
9000000.00016392,-68.5461654663086
9000000.00016393,-68.8797760009766
9000000.00016393,-69.2751312255859
9000000.00016394,-69.7446060180664
9000000.00016394,-70.2748413085938
9000000.00016395,-70.8524932861328
9000000.00016395,-71.4642028808594
9000000.00016396,-72.0966110229492
9000000.00016396,-72.7363815307617
9000000.00016397,-73.3701477050781
9000000.00016397,-73.9845504760742
9000000.00016398,-74.5662536621094
9000000.00016398,-75.1018981933594
9000000.00016399,-75.578125
9000000.00016399,-75.9815826416016
9000000.000164,-76.3143997192383
9000000.000164,-76.6189117431641
9000000.00016401,-76.8970336914063
9000000.00016401,-77.1470260620117
9000000.00016402,-77.3671493530273
9000000.00016402,-77.5556564331055
9000000.00016403,-77.7108154296875
9000000.00016403,-77.8308868408203
9000000.00016404,-77.9141235351563
9000000.00016404,-77.9587860107422
9000000.00016405,-77.963134765625
9000000.00016405,-77.9254379272461
9000000.00016406,-77.8439407348633
9000000.00016406,-77.7148895263672
9000000.00016407,-77.5137557983398
9000000.00016407,-77.2418060302734
9000000.00016408,-76.9092712402344
9000000.00016408,-76.5263977050781
9000000.00016409,-76.1034317016602
9000000.00016409,-75.6506042480469
9000000.0001641,-75.1781692504883
9000000.0001641,-74.6963577270508
9000000.00016411,-74.2154235839844
9000000.00016411,-73.7455978393555
9000000.00016412,-73.2971267700195
9000000.00016412,-72.880256652832
9000000.00016413,-72.5052185058594
9000000.00016413,-72.1543960571289
9000000.00016414,-71.8044281005859
9000000.00016414,-71.4569702148438
9000000.00016415,-71.1136856079102
9000000.00016415,-70.7762222290039
9000000.00016416,-70.4462432861328
9000000.00016416,-70.1254043579102
9000000.00016417,-69.8153533935547
9000000.00016417,-69.5177459716797
9000000.00016418,-69.234245300293
9000000.00016418,-68.9664993286133
9000000.00016419,-68.716178894043
9000000.00016419,-68.4849166870117
9000000.0001642,-68.2707824707031
9000000.0001642,-68.0638732910156
9000000.00016421,-67.8652954101563
9000000.00016421,-67.6770553588867
9000000.00016422,-67.5011749267578
9000000.00016422,-67.3396606445313
9000000.00016423,-67.1945190429688
9000000.00016423,-67.0677719116211
9000000.00016424,-66.96142578125
9000000.00016424,-66.8774948120117
9000000.00016425,-66.8179931640625
9000000.00016425,-66.7849197387695
9000000.00016426,-66.7803039550781
9000000.00016426,-66.8063278198242
9000000.00016427,-66.8659210205078
9000000.00016427,-66.9572906494141
9000000.00016428,-67.0775833129883
9000000.00016428,-67.2239151000977
9000000.00016429,-67.393424987793
9000000.00016429,-67.583251953125
9000000.0001643,-67.79052734375
9000000.0001643,-68.0123748779297
9000000.00016431,-68.2459335327148
9000000.00016431,-68.4883270263672
9000000.00016432,-68.736701965332
9000000.00016432,-68.9881820678711
9000000.00016433,-69.2398986816406
9000000.00016433,-69.5187149047852
9000000.00016434,-69.8460006713867
9000000.00016434,-70.2106170654297
9000000.00016435,-70.601432800293
9000000.00016435,-71.0073089599609
9000000.00016436,-71.4171142578125
9000000.00016436,-71.8197174072266
9000000.00016437,-72.203987121582
9000000.00016437,-72.5587921142578
9000000.00016438,-72.8729934692383
9000000.00016438,-73.1354598999023
9000000.00016439,-73.3350601196289
9000000.00016439,-73.4606552124023
9000000.0001644,-73.5060577392578
9000000.0001644,-73.4846038818359
9000000.00016441,-73.4042205810547
9000000.00016441,-73.2719573974609
9000000.00016442,-73.094856262207
9000000.00016442,-72.8799514770508
9000000.00016443,-72.6342926025391
9000000.00016443,-72.3649139404297
9000000.00016444,-72.078857421875
9000000.00016444,-71.7831726074219
9000000.00016445,-71.4848937988281
9000000.00016445,-71.1910552978516
9000000.00016446,-70.9087142944336
9000000.00016446,-70.6420364379883
9000000.00016447,-70.3600463867188
9000000.00016447,-70.0559692382813
9000000.00016448,-69.7343139648438
9000000.00016448,-69.3995895385742
9000000.00016449,-69.0562896728516
9000000.00016449,-68.7089233398438
9000000.0001645,-68.3619995117188
9000000.0001645,-68.02001953125
9000000.00016451,-67.6874847412109
9000000.00016451,-67.3689117431641
9000000.00016452,-67.0687866210938
9000000.00016452,-66.791633605957
9000000.00016453,-66.5419464111328
9000000.00016453,-66.3103713989258
9000000.00016454,-66.0855712890625
9000000.00016454,-65.8690490722656
9000000.00016455,-65.6623077392578
9000000.00016455,-65.4668426513672
9000000.00016456,-65.2841644287109
9000000.00016456,-65.1157836914063
9000000.00016457,-64.9631958007813
9000000.00016457,-64.8279037475586
9000000.00016458,-64.7114181518555
9000000.00016458,-64.615234375
9000000.00016459,-64.5408706665039
9000000.00016459,-64.4898147583008
9000000.0001646,-64.4621200561523
9000000.0001646,-64.4537963867188
9000000.00016461,-64.4643859863281
9000000.00016461,-64.4938049316406
9000000.00016462,-64.5419387817383
9000000.00016462,-64.6086883544922
9000000.00016463,-64.6939468383789
9000000.00016463,-64.797607421875
9000000.00016464,-64.9195709228516
9000000.00016464,-65.0597229003906
9000000.00016465,-65.2179718017578
9000000.00016465,-65.3942108154297
9000000.00016466,-65.5883331298828
9000000.00016466,-65.8015823364258
9000000.00016467,-66.0497207641602
9000000.00016467,-66.3330535888672
9000000.00016468,-66.646110534668
9000000.00016468,-66.9834213256836
9000000.00016469,-67.3395080566406
9000000.00016469,-67.7089080810547
9000000.0001647,-68.0861434936523
9000000.0001647,-68.4657516479492
9000000.00016471,-68.8422546386719
9000000.00016471,-69.2101821899414
9000000.00016472,-69.5640640258789
9000000.00016472,-69.8984298706055
9000000.00016473,-70.2078094482422
9000000.00016473,-70.5065612792969
9000000.00016474,-70.8105010986328
9000000.00016474,-71.1163482666016
9000000.00016475,-71.4207992553711
9000000.00016475,-71.720573425293
9000000.00016476,-72.0123825073242
9000000.00016476,-72.2929229736328
9000000.00016477,-72.5589065551758
9000000.00016477,-72.8070526123047
9000000.00016478,-73.034065246582
9000000.00016478,-73.2366485595703
9000000.00016479,-73.4115142822266
9000000.00016479,-73.5553665161133
9000000.0001648,-73.6655426025391
9000000.0001648,-73.7436370849609
9000000.00016481,-73.7926712036133
9000000.00016481,-73.8156356811523
9000000.00016482,-73.8155059814453
9000000.00016482,-73.7952728271484
9000000.00016483,-73.7579193115234
9000000.00016483,-73.7064208984375
9000000.00016484,-73.6437759399414
9000000.00016484,-73.5729522705078
9000000.00016485,-73.4969482421875
9000000.00016485,-73.4187393188477
9000000.00016486,-73.34130859375
9000000.00016486,-73.2664413452148
9000000.00016487,-73.1810607910156
9000000.00016487,-73.0823135375977
9000000.00016488,-72.9720840454102
9000000.00016488,-72.8522415161133
9000000.00016489,-72.7246856689453
9000000.00016489,-72.5913009643555
9000000.0001649,-72.453971862793
9000000.0001649,-72.3145751953125
9000000.00016491,-72.1750106811523
9000000.00016491,-72.0371475219727
9000000.00016492,-71.9028854370117
9000000.00016492,-71.7741088867188
9000000.00016493,-71.6526947021484
9000000.00016493,-71.5365676879883
9000000.00016494,-71.4222183227539
9000000.00016494,-71.3093872070313
9000000.00016495,-71.1978073120117
9000000.00016495,-71.0872192382813
9000000.00016496,-70.9773559570313
9000000.00016496,-70.8679580688477
9000000.00016497,-70.7587585449219
9000000.00016497,-70.6494903564453
9000000.00016498,-70.5399017333984
9000000.00016498,-70.4297180175781
9000000.00016499,-70.3186798095703
9000000.00016499,-70.2065353393555
9000000.000165,-70.0905914306641
9000000.000165,-69.9642028808594
9000000.00016501,-69.8295822143555
9000000.00016501,-69.689567565918
9000000.00016502,-69.5470352172852
9000000.00016502,-69.4048461914063
9000000.00016503,-69.2658462524414
9000000.00016503,-69.1329116821289
9000000.00016504,-69.0088882446289
9000000.00016504,-68.8966522216797
9000000.00016505,-68.7990493774414
9000000.00016505,-68.7189483642578
9000000.00016506,-68.6592102050781
9000000.00016506,-68.62255859375
9000000.00016507,-68.6085968017578
9000000.00016507,-68.61474609375
9000000.00016508,-68.6385269165039
9000000.00016508,-68.6774673461914
9000000.00016509,-68.7290954589844
9000000.00016509,-68.7909393310547
9000000.0001651,-68.8605346679688
9000000.0001651,-68.9354019165039
9000000.00016511,-69.0130767822266
9000000.00016511,-69.0910797119141
9000000.00016512,-69.1669387817383
9000000.00016512,-69.2381973266602
9000000.00016513,-69.3023681640625
9000000.00016513,-69.3715133666992
9000000.00016514,-69.4565353393555
9000000.00016514,-69.5532531738281
9000000.00016515,-69.6574630737305
9000000.00016515,-69.7649612426758
9000000.00016516,-69.8715667724609
9000000.00016516,-69.9730682373047
9000000.00016517,-70.0652847290039
9000000.00016517,-70.1440048217773
9000000.00016518,-70.2050476074219
9000000.00016518,-70.2442016601563
9000000.00016519,-70.2572860717773
9000000.00016519,-70.2400970458984
9000000.0001652,-70.1903381347656
9000000.0001652,-70.1131362915039
9000000.00016521,-70.0114593505859
9000000.00016521,-69.8879165649414
9000000.00016522,-69.7451248168945
9000000.00016522,-69.585693359375
9000000.00016523,-69.412239074707
9000000.00016523,-69.2273712158203
9000000.00016524,-69.0337142944336
9000000.00016524,-68.833869934082
9000000.00016525,-68.6304550170898
9000000.00016525,-68.4260864257813
9000000.00016526,-68.2233810424805
9000000.00016526,-68.023551940918
9000000.00016527,-67.8112106323242
9000000.00016527,-67.5837936401367
9000000.00016528,-67.3443450927734
9000000.00016528,-67.0959091186523
9000000.00016529,-66.8415374755859
9000000.00016529,-66.5842742919922
9000000.0001653,-66.3271560668945
9000000.0001653,-66.0732345581055
9000000.00016531,-65.825553894043
9000000.00016531,-65.587158203125
9000000.00016532,-65.3610992431641
9000000.00016532,-65.1504135131836
9000000.00016533,-64.9581527709961
9000000.00016533,-64.7768402099609
9000000.00016534,-64.5980224609375
9000000.00016534,-64.4232864379883
9000000.00016535,-64.2541961669922
9000000.00016535,-64.0923385620117
9000000.00016536,-63.9392929077148
9000000.00016536,-63.7966346740723
9000000.00016537,-63.665943145752
9000000.00016537,-63.5487976074219
9000000.00016538,-63.4467735290527
9000000.00016538,-63.3614540100098
9000000.00016539,-63.2944183349609
9000000.00016539,-63.2472381591797
9000000.0001654,-63.2198371887207
9000000.0001654,-63.2076644897461
9000000.00016541,-63.2103691101074
9000000.00016541,-63.2279739379883
9000000.00016542,-63.2605056762695
9000000.00016542,-63.3079948425293
9000000.00016543,-63.3704605102539
9000000.00016543,-63.447940826416
9000000.00016544,-63.5404510498047
9000000.00016544,-63.6480255126953
9000000.00016545,-63.7706909179688
9000000.00016545,-63.9084739685059
9000000.00016546,-64.061393737793
9000000.00016546,-64.2302551269531
9000000.00016547,-64.4240798950195
9000000.00016547,-64.6429595947266
9000000.00016548,-64.8836822509766
9000000.00016548,-65.1430358886719
9000000.00016549,-65.4178161621094
9000000.00016549,-65.7048187255859
9000000.0001655,-66.0008239746094
9000000.0001655,-66.302619934082
9000000.00016551,-66.6070022583008
9000000.00016551,-66.910758972168
9000000.00016552,-67.2106857299805
9000000.00016552,-67.5035629272461
9000000.00016553,-67.7861938476563
9000000.00016553,-68.0768432617188
9000000.00016554,-68.3914794921875
9000000.00016554,-68.7233505249023
9000000.00016555,-69.0657424926758
9000000.00016555,-69.4119262695313
9000000.00016556,-69.7551803588867
9000000.00016556,-70.0887680053711
9000000.00016557,-70.4059600830078
9000000.00016557,-70.7000427246094
9000000.00016558,-70.9642868041992
9000000.00016558,-71.1919555664063
9000000.00016559,-71.3763275146484
9000000.00016559,-71.5106811523438
9000000.0001656,-71.5920104980469
9000000.0001656,-71.6304244995117
9000000.00016561,-71.6301193237305
9000000.00016561,-71.5945663452148
9000000.00016562,-71.527229309082
9000000.00016562,-71.4315643310547
9000000.00016563,-71.31103515625
9000000.00016563,-71.1691055297852
9000000.00016564,-71.0092391967773
9000000.00016564,-70.8348922729492
9000000.00016565,-70.649528503418
9000000.00016565,-70.4566116333008
9000000.00016566,-70.2595977783203
9000000.00016566,-70.0598068237305
9000000.00016567,-69.8331832885742
9000000.00016567,-69.576286315918
9000000.00016568,-69.2944412231445
9000000.00016568,-68.9929733276367
9000000.00016569,-68.6772003173828
9000000.00016569,-68.3524627685547
9000000.0001657,-68.0240631103516
9000000.0001657,-67.6973419189453
9000000.00016571,-67.3776168823242
9000000.00016571,-67.0702056884766
9000000.00016572,-66.7804489135742
9000000.00016572,-66.5136566162109
9000000.00016573,-66.2751617431641
9000000.00016573,-66.0532455444336
9000000.00016574,-65.8340454101563
9000000.00016574,-65.6196594238281
9000000.00016575,-65.4122009277344
9000000.00016575,-65.2137603759766
9000000.00016576,-65.0264358520508
9000000.00016576,-64.8523406982422
9000000.00016577,-64.6935729980469
9000000.00016577,-64.5522232055664
9000000.00016578,-64.4304046630859
9000000.00016578,-64.3302154541016
9000000.00016579,-64.2537536621094
9000000.00016579,-64.203125
9000000.0001658,-64.1770401000977
9000000.0001658,-64.1662139892578
9000000.00016581,-64.1711120605469
9000000.00016581,-64.1930084228516
9000000.00016582,-64.2332000732422
9000000.00016582,-64.29296875
9000000.00016583,-64.3736038208008
9000000.00016583,-64.4763946533203
9000000.00016584,-64.6026306152344
9000000.00016584,-64.7535934448242
9000000.00016585,-64.9305648803711
9000000.00016585,-65.1348495483398
9000000.00016586,-65.3677215576172
9000000.00016586,-65.6314315795898
9000000.00016587,-65.9377746582031
9000000.00016587,-66.2857513427734
9000000.00016588,-66.6700057983398
9000000.00016588,-67.0852127075195
9000000.00016589,-67.5260238647461
9000000.00016589,-67.9871063232422
9000000.0001659,-68.4631195068359
9000000.0001659,-68.9487228393555
9000000.00016591,-69.4385757446289
9000000.00016591,-69.9273376464844
9000000.00016592,-70.4096832275391
9000000.00016592,-70.880256652832
9000000.00016593,-71.3337326049805
9000000.00016593,-71.8073501586914
9000000.00016594,-72.3322448730469
9000000.00016594,-72.893913269043
9000000.00016595,-73.4778366088867
9000000.00016595,-74.0694885253906
9000000.00016596,-74.6543655395508
9000000.00016596,-75.2179565429688
9000000.00016597,-75.7457275390625
9000000.00016597,-76.2231826782227
9000000.00016598,-76.6357955932617
9000000.00016598,-76.9690551757813
9000000.00016599,-77.2084503173828
9000000.00016599,-77.3394546508789
9000000.000166,-77.3493423461914
9000000.000166,-77.2426071166992
9000000.00016601,-77.033332824707
9000000.00016601,-76.7356643676758
9000000.00016602,-76.3637619018555
9000000.00016602,-75.9317855834961
9000000.00016603,-75.4538726806641
9000000.00016603,-74.9441986083984
9000000.00016604,-74.4169082641602
9000000.00016604,-73.8861541748047
9000000.00016605,-73.366096496582
9000000.00016605,-72.8708953857422
9000000.00016606,-72.4146957397461
9000000.00016606,-72.0072784423828
9000000.00016607,-71.6026916503906
9000000.00016607,-71.1875305175781
9000000.00016608,-70.7650985717773
9000000.00016608,-70.3386917114258
9000000.00016609,-69.9115982055664
9000000.00016609,-69.4871215820313
9000000.0001661,-69.0685653686523
9000000.0001661,-68.6592102050781
9000000.00016611,-68.2623748779297
9000000.00016611,-67.8813400268555
9000000.00016612,-67.5194091796875
9000000.00016612,-67.1798782348633
9000000.00016613,-66.8660507202148
9000000.00016613,-66.5710678100586
9000000.00016614,-66.28662109375
9000000.00016614,-66.0138092041016
9000000.00016615,-65.7537460327148
9000000.00016615,-65.5075378417969
9000000.00016616,-65.2762756347656
9000000.00016616,-65.0610733032227
9000000.00016617,-64.8630447387695
9000000.00016617,-64.6832809448242
9000000.00016618,-64.5228881835938
9000000.00016618,-64.3829803466797
9000000.00016619,-64.2646560668945
9000000.00016619,-64.1690216064453
9000000.0001662,-64.0957336425781
9000000.0001662,-64.0408325195313
9000000.00016621,-64.004280090332
9000000.00016621,-63.9864196777344
9000000.00016622,-63.9875526428223
9000000.00016622,-64.0080108642578
9000000.00016623,-64.0481185913086
9000000.00016623,-64.1081924438477
9000000.00016624,-64.1885528564453
9000000.00016624,-64.2895278930664
9000000.00016625,-64.4114303588867
9000000.00016625,-64.5545959472656
9000000.00016626,-64.7193298339844
9000000.00016626,-64.9065322875977
9000000.00016627,-65.1230392456055
9000000.00016627,-65.36865234375
9000000.00016628,-65.6406555175781
9000000.00016628,-65.9363403320313
9000000.00016629,-66.2530212402344
9000000.00016629,-66.5879745483398
9000000.0001663,-66.9384918212891
9000000.0001663,-67.301887512207
9000000.00016631,-67.6754302978516
9000000.00016631,-68.0564346313477
9000000.00016632,-68.4421844482422
9000000.00016632,-68.8299789428711
9000000.00016633,-69.2171096801758
9000000.00016633,-69.6291656494141
9000000.00016634,-70.0864562988281
9000000.00016634,-70.5783615112305
9000000.00016635,-71.0942611694336
9000000.00016635,-71.62353515625
9000000.00016636,-72.1555709838867
9000000.00016636,-72.6797409057617
9000000.00016637,-73.185432434082
9000000.00016637,-73.6620178222656
9000000.00016638,-74.0988845825195
9000000.00016638,-74.4854125976563
9000000.00016639,-74.8109741210938
9000000.00016639,-75.0649642944336
9000000.0001664,-75.243896484375
9000000.0001664,-75.3672409057617
9000000.00016641,-75.4406051635742
9000000.00016641,-75.4681243896484
9000000.00016642,-75.4538955688477
9000000.00016642,-75.4020385742188
9000000.00016643,-75.3166732788086
9000000.00016643,-75.201904296875
9000000.00016644,-75.0618515014648
9000000.00016644,-74.9006271362305
9000000.00016645,-74.7223510742188
9000000.00016645,-74.5311279296875
9000000.00016646,-74.3310775756836
9000000.00016646,-74.123649597168
9000000.00016647,-73.8791046142578
9000000.00016647,-73.5933456420898
9000000.00016648,-73.2730941772461
9000000.00016648,-72.9251022338867
9000000.00016649,-72.5561065673828
9000000.00016649,-72.1728439331055
9000000.0001665,-71.7820510864258
9000000.0001665,-71.3904724121094
9000000.00016651,-71.0048370361328
9000000.00016651,-70.6318969726563
9000000.00016652,-70.2783889770508
9000000.00016652,-69.951042175293
9000000.00016653,-69.6566009521484
9000000.00016653,-69.3816528320313
9000000.00016654,-69.1095886230469
9000000.00016654,-68.8423919677734
9000000.00016655,-68.58203125
9000000.00016655,-68.3304901123047
9000000.00016656,-68.0897369384766
9000000.00016656,-67.8617553710938
9000000.00016657,-67.6485137939453
9000000.00016657,-67.4519958496094
9000000.00016658,-67.274169921875
9000000.00016658,-67.1170120239258
9000000.00016659,-66.9825057983398
9000000.00016659,-66.8726119995117
9000000.0001666,-66.7864303588867
9000000.0001666,-66.7160110473633
9000000.00016661,-66.6615753173828
9000000.00016661,-66.6240005493164
9000000.00016662,-66.6042098999023
9000000.00016662,-66.6030883789063
9000000.00016663,-66.6215438842773
9000000.00016663,-66.6604766845703
9000000.00016664,-66.7207946777344
9000000.00016664,-66.8033905029297
9000000.00016665,-66.9091644287109
9000000.00016665,-67.0390243530273
9000000.00016666,-67.1938705444336
9000000.00016666,-67.375373840332
9000000.00016667,-67.5930099487305
9000000.00016667,-67.8460922241211
9000000.00016668,-68.1304473876953
9000000.00016668,-68.4419097900391
9000000.00016669,-68.7763214111328
9000000.00016669,-69.129508972168
9000000.0001667,-69.4973068237305
9000000.0001667,-69.8755493164063
9000000.00016671,-70.2600708007813
9000000.00016671,-70.6467056274414
9000000.00016672,-71.0312881469727
9000000.00016672,-71.4096527099609
9000000.00016673,-71.7776336669922
9000000.00016673,-72.1606140136719
9000000.00016674,-72.5804138183594
9000000.00016674,-73.0274963378906
9000000.00016675,-73.492317199707
9000000.00016675,-73.9653396606445
9000000.00016676,-74.4370269775391
9000000.00016676,-74.8978500366211
9000000.00016677,-75.3382568359375
9000000.00016677,-75.7487182617188
9000000.00016678,-76.1196899414063
9000000.00016678,-76.4416427612305
9000000.00016679,-76.7050323486328
9000000.00016679,-76.9003295898438
9000000.0001668,-77.0216827392578
9000000.0001668,-77.0790557861328
9000000.00016681,-77.0796661376953
9000000.00016681,-77.0301208496094
9000000.00016682,-76.9370193481445
9000000.00016682,-76.8069610595703
9000000.00016683,-76.6465377807617
9000000.00016683,-76.4623565673828
9000000.00016684,-76.2610168457031
9000000.00016684,-76.0491104125977
9000000.00016685,-75.8332443237305
9000000.00016685,-75.6200180053711
9000000.00016686,-75.4160232543945
9000000.00016686,-75.2255554199219
9000000.00016687,-75.0239181518555
9000000.00016687,-74.804817199707
9000000.00016688,-74.5709533691406
9000000.00016688,-74.3250045776367
9000000.00016689,-74.0696640014648
9000000.00016689,-73.8076171875
9000000.0001669,-73.5415496826172
9000000.0001669,-73.2741546630859
9000000.00016691,-73.0081253051758
9000000.00016691,-72.7461395263672
9000000.00016692,-72.4908828735352
9000000.00016692,-72.2450561523438
9000000.00016693,-72.0113372802734
9000000.00016693,-71.7813110351563
9000000.00016694,-71.5462875366211
9000000.00016694,-71.3085327148438
9000000.00016695,-71.0703353881836
9000000.00016695,-70.833984375
9000000.00016696,-70.6017456054688
9000000.00016696,-70.3759078979492
9000000.00016697,-70.1587524414063
9000000.00016697,-69.9525604248047
9000000.00016698,-69.7596130371094
9000000.00016698,-69.5821838378906
9000000.00016699,-69.4225616455078
9000000.00016699,-69.2830200195313
9000000.000167,-69.1612091064453
9000000.000167,-69.0444107055664
9000000.00016701,-68.9338760375977
9000000.00016701,-68.8320236206055
9000000.00016702,-68.7412796020508
9000000.00016702,-68.6640625
9000000.00016703,-68.6027984619141
9000000.00016703,-68.5598983764648
9000000.00016704,-68.5377807617188
9000000.00016704,-68.5388793945313
9000000.00016705,-68.5655975341797
9000000.00016705,-68.6203689575195
9000000.00016706,-68.7056121826172
9000000.00016706,-68.8250961303711
9000000.00016707,-68.9957733154297
9000000.00016707,-69.2156677246094
9000000.00016708,-69.4765930175781
9000000.00016708,-69.7703704833984
9000000.00016709,-70.0887908935547
9000000.00016709,-70.4236907958984
9000000.0001671,-70.7668609619141
9000000.0001671,-71.1101226806641
9000000.00016711,-71.4452896118164
9000000.00016711,-71.7641754150391
9000000.00016712,-72.0585861206055
9000000.00016712,-72.3203353881836
9000000.00016713,-72.5412292480469
9000000.00016713,-72.7400283813477
9000000.00016714,-72.9385528564453
9000000.00016714,-73.1332092285156
9000000.00016715,-73.3203964233398
9000000.00016715,-73.4965438842773
9000000.00016716,-73.6580429077148
9000000.00016716,-73.8013153076172
9000000.00016717,-73.9227600097656
9000000.00016717,-74.018798828125
9000000.00016718,-74.0858383178711
9000000.00016718,-74.1202774047852
9000000.00016719,-74.118537902832
9000000.00016719,-74.0770263671875
9000000.0001672,-73.9888229370117
9000000.0001672,-73.8446655273438
9000000.00016721,-73.6510391235352
9000000.00016721,-73.4154434204102
9000000.00016722,-73.1454086303711
9000000.00016722,-72.8484344482422
9000000.00016723,-72.5320434570313
9000000.00016723,-72.203742980957
9000000.00016724,-71.8710556030273
9000000.00016724,-71.5414886474609
9000000.00016725,-71.2225570678711
9000000.00016725,-70.9217681884766
9000000.00016726,-70.6466522216797
9000000.00016726,-70.4024505615234
9000000.00016727,-70.1655960083008
9000000.00016727,-69.9289703369141
9000000.00016728,-69.6940536499023
9000000.00016728,-69.4622955322266
9000000.00016729,-69.2351684570313
9000000.00016729,-69.0141296386719
9000000.0001673,-68.800651550293
9000000.0001673,-68.5961990356445
9000000.00016731,-68.402229309082
9000000.00016731,-68.2201995849609
9000000.00016732,-68.0515899658203
9000000.00016732,-67.8978576660156
9000000.00016733,-67.7604675292969
9000000.00016733,-67.6402053833008
9000000.00016734,-67.5359725952148
9000000.00016734,-67.4463882446289
9000000.00016735,-67.3700942993164
9000000.00016735,-67.3057022094727
9000000.00016736,-67.2518463134766
9000000.00016736,-67.2071533203125
9000000.00016737,-67.1702499389648
9000000.00016737,-67.139762878418
9000000.00016738,-67.1143188476563
9000000.00016738,-67.0925521850586
9000000.00016739,-67.0730743408203
9000000.00016739,-67.0545272827148
9000000.0001674,-67.0362854003906
9000000.0001674,-67.0203857421875
9000000.00016741,-67.0076904296875
9000000.00016741,-66.9989166259766
9000000.00016742,-66.9947814941406
9000000.00016742,-66.9960021972656
9000000.00016743,-67.0032958984375
9000000.00016743,-67.0173797607422
9000000.00016744,-67.0389709472656
9000000.00016744,-67.0687789916992
9000000.00016745,-67.1075210571289
9000000.00016745,-67.1559143066406
9000000.00016746,-67.2146835327148
9000000.00016746,-67.2835845947266
9000000.00016747,-67.3516998291016
9000000.00016747,-67.4182510375977
9000000.00016748,-67.4864196777344
9000000.00016748,-67.5594177246094
9000000.00016749,-67.6404418945313
9000000.00016749,-67.7326889038086
9000000.0001675,-67.83935546875
9000000.0001675,-67.9636459350586
9000000.00016751,-68.1087493896484
9000000.00016751,-68.2778778076172
9000000.00016752,-68.4742202758789
9000000.00016752,-68.7009811401367
9000000.00016753,-68.9613571166992
9000000.00016753,-69.2737503051758
9000000.00016754,-69.6470413208008
9000000.00016754,-70.0701141357422
9000000.00016755,-70.5318298339844
9000000.00016755,-71.0210952758789
9000000.00016756,-71.5267715454102
9000000.00016756,-72.0377502441406
9000000.00016757,-72.5429153442383
9000000.00016757,-73.0311508178711
9000000.00016758,-73.491325378418
9000000.00016758,-73.9123306274414
9000000.00016759,-74.2830505371094
9000000.00016759,-74.5923614501953
9000000.0001676,-74.8412017822266
9000000.0001676,-75.0625152587891
9000000.00016761,-75.2585678100586
9000000.00016761,-75.4287948608398
9000000.00016762,-75.572639465332
9000000.00016762,-75.6895446777344
9000000.00016763,-75.7789459228516
9000000.00016763,-75.8402938842773
9000000.00016764,-75.8730163574219
9000000.00016764,-75.8765640258789
9000000.00016765,-75.8503723144531
9000000.00016765,-75.7938842773438
9000000.00016766,-75.7065505981445
9000000.00016766,-75.5857543945313
9000000.00016767,-75.4073333740234
9000000.00016767,-75.1714553833008
9000000.00016768,-74.8871841430664
9000000.00016768,-74.5635528564453
9000000.00016769,-74.2096176147461
9000000.00016769,-73.8344192504883
9000000.0001677,-73.4470138549805
9000000.0001677,-73.0564346313477
9000000.00016771,-72.6717376708984
9000000.00016771,-72.3019714355469
9000000.00016772,-71.956169128418
9000000.00016772,-71.6433944702148
9000000.00016773,-71.3726806640625
9000000.00016773,-71.131233215332
9000000.00016774,-70.9002914428711
9000000.00016774,-70.6799774169922
9000000.00016775,-70.4704055786133
9000000.00016775,-70.2716827392578
9000000.00016776,-70.0839233398438
9000000.00016776,-69.9072570800781
9000000.00016777,-69.7417907714844
9000000.00016777,-69.5876388549805
9000000.00016778,-69.4449157714844
9000000.00016778,-69.3137435913086
9000000.00016779,-69.1942291259766
9000000.00016779,-69.0864944458008
9000000.0001678,-68.9903869628906
9000000.0001678,-68.905158996582
9000000.00016781,-68.8309173583984
9000000.00016781,-68.7678070068359
9000000.00016782,-68.7159957885742
9000000.00016782,-68.6756439208984
9000000.00016783,-68.6468963623047
9000000.00016783,-68.6299133300781
9000000.00016784,-68.6248626708984
9000000.00016784,-68.6319046020508
9000000.00016785,-68.6511840820313
9000000.00016785,-68.682861328125
9000000.00016786,-68.7271041870117
9000000.00016786,-68.7851104736328
9000000.00016787,-68.8692092895508
9000000.00016787,-68.9794311523438
9000000.00016788,-69.1112747192383
9000000.00016788,-69.2602386474609
9000000.00016789,-69.4218215942383
9000000.00016789,-69.5915222167969
9000000.0001679,-69.7648468017578
9000000.0001679,-69.9372940063477
9000000.00016791,-70.1043701171875
9000000.00016791,-70.2615661621094
9000000.00016792,-70.4043960571289
9000000.00016792,-70.5283432006836
9000000.00016793,-70.6289215087891
9000000.00016793,-70.7136383056641
9000000.00016794,-70.7925872802734
9000000.00016794,-70.8651504516602
9000000.00016795,-70.9307250976563
9000000.00016795,-70.9887008666992
9000000.00016796,-71.038459777832
9000000.00016796,-71.0793914794922
9000000.00016797,-71.1108779907227
9000000.00016797,-71.1323165893555
9000000.00016798,-71.1430969238281
9000000.00016798,-71.1425933837891
9000000.00016799,-71.1302032470703
9000000.00016799,-71.1053161621094
9000000.000168,-71.0657958984375
9000000.000168,-71.0074234008789
9000000.00016801,-70.9320678710938
9000000.00016801,-70.8420257568359
9000000.00016802,-70.7395935058594
9000000.00016802,-70.627082824707
9000000.00016803,-70.5067901611328
9000000.00016803,-70.3810043334961
9000000.00016804,-70.2520446777344
9000000.00016804,-70.122200012207
9000000.00016805,-69.993766784668
9000000.00016805,-69.8690567016602
9000000.00016806,-69.7503662109375
9000000.00016806,-69.6391220092773
9000000.00016807,-69.5260314941406
9000000.00016807,-69.4089050292969
9000000.00016808,-69.2889099121094
9000000.00016808,-69.167236328125
9000000.00016809,-69.045051574707
9000000.00016809,-68.9235534667969
9000000.0001681,-68.8039093017578
9000000.0001681,-68.6873016357422
9000000.00016811,-68.5749053955078
9000000.00016811,-68.4679183959961
9000000.00016812,-68.3675079345703
9000000.00016812,-68.2748565673828
9000000.00016813,-68.1911392211914
9000000.00016813,-68.1132888793945
9000000.00016814,-68.0378952026367
9000000.00016814,-67.9656677246094
9000000.00016815,-67.8973007202148
9000000.00016815,-67.83349609375
9000000.00016816,-67.7749557495117
9000000.00016816,-67.7223815917969
9000000.00016817,-67.6764678955078
9000000.00016817,-67.6379165649414
9000000.00016818,-67.6074371337891
9000000.00016818,-67.5857162475586
9000000.00016819,-67.5734634399414
9000000.00016819,-67.5713729858398
9000000.0001682,-67.5785751342773
9000000.0001682,-67.5907287597656
9000000.00016821,-67.6083526611328
9000000.00016821,-67.6323471069336
9000000.00016822,-67.6636199951172
9000000.00016822,-67.7030868530273
9000000.00016823,-67.7516479492188
9000000.00016823,-67.8102111816406
9000000.00016824,-67.8796920776367
9000000.00016824,-67.9609909057617
9000000.00016825,-68.0550155639648
9000000.00016825,-68.1626739501953
9000000.00016826,-68.2848739624023
9000000.00016826,-68.4235382080078
9000000.00016827,-68.5908508300781
9000000.00016827,-68.7861557006836
9000000.00016828,-69.0043106079102
9000000.00016828,-69.2401962280273
9000000.00016829,-69.4886703491211
9000000.00016829,-69.7446060180664
9000000.0001683,-70.0028686523438
9000000.0001683,-70.2583312988281
9000000.00016831,-70.5058441162109
9000000.00016831,-70.7402954101563
9000000.00016832,-70.9565353393555
9000000.00016832,-71.1494445800781
9000000.00016833,-71.3138885498047
9000000.00016833,-71.4620971679688
9000000.00016834,-71.6080932617188
9000000.00016834,-71.749382019043
9000000.00016835,-71.8834686279297
9000000.00016835,-72.0078811645508
9000000.00016836,-72.1201095581055
9000000.00016836,-72.2176895141602
9000000.00016837,-72.2981109619141
9000000.00016837,-72.3589019775391
9000000.00016838,-72.3975677490234
9000000.00016838,-72.41162109375
9000000.00016839,-72.398567199707
9000000.00016839,-72.3559341430664
9000000.0001684,-72.2801666259766
9000000.0001684,-72.1683197021484
9000000.00016841,-72.0238876342773
9000000.00016841,-71.8507308959961
9000000.00016842,-71.6527099609375
9000000.00016842,-71.433708190918
9000000.00016843,-71.1975784301758
9000000.00016843,-70.9482040405273
9000000.00016844,-70.6894378662109
9000000.00016844,-70.4251556396484
9000000.00016845,-70.1592178344727
9000000.00016845,-69.8955001831055
9000000.00016846,-69.6378631591797
9000000.00016846,-69.3883972167969
9000000.00016847,-69.1275329589844
9000000.00016847,-68.8515319824219
9000000.00016848,-68.5637664794922
9000000.00016848,-68.2675933837891
9000000.00016849,-67.9663848876953
9000000.00016849,-67.6635131835938
9000000.0001685,-67.3623504638672
9000000.0001685,-67.0662536621094
9000000.00016851,-66.7786026000977
9000000.00016851,-66.5027694702148
9000000.00016852,-66.2421112060547
9000000.00016852,-66
9000000.00016853,-65.7798156738281
9000000.00016853,-65.5731353759766
9000000.00016854,-65.3705291748047
9000000.00016854,-65.1738128662109
9000000.00016855,-64.9847793579102
9000000.00016855,-64.8052673339844
9000000.00016856,-64.6370697021484
9000000.00016856,-64.4820022583008
9000000.00016857,-64.3418884277344
9000000.00016857,-64.2185363769531
9000000.00016858,-64.1137542724609
9000000.00016858,-64.0293579101563
9000000.00016859,-63.9671592712402
9000000.00016859,-63.9289741516113
9000000.0001686,-63.9134559631348
9000000.0001686,-63.9119529724121
9000000.00016861,-63.9250450134277
9000000.00016861,-63.9540901184082
9000000.00016862,-64.0004501342773
9000000.00016862,-64.0654830932617
9000000.00016863,-64.1505508422852
9000000.00016863,-64.2570114135742
9000000.00016864,-64.3862228393555
9000000.00016864,-64.53955078125
9000000.00016865,-64.7183532714844
9000000.00016865,-64.9239883422852
9000000.00016866,-65.1578140258789
9000000.00016866,-65.4218826293945
9000000.00016867,-65.7248840332031
9000000.00016867,-66.0656890869141
9000000.00016868,-66.4399948120117
9000000.00016868,-66.8434982299805
9000000.00016869,-67.2718963623047
9000000.00016869,-67.7208862304688
9000000.0001687,-68.186164855957
9000000.0001687,-68.6634140014648
9000000.00016871,-69.1483459472656
9000000.00016871,-69.6366424560547
9000000.00016872,-70.1240005493164
9000000.00016872,-70.6061248779297
9000000.00016873,-71.0787048339844
9000000.00016873,-71.5750579833984
9000000.00016874,-72.1225051879883
9000000.00016874,-72.7077484130859
9000000.00016875,-73.3174896240234
9000000.00016875,-73.9384231567383
9000000.00016876,-74.5572509765625
9000000.00016876,-75.1606750488281
9000000.00016877,-75.7353897094727
9000000.00016877,-76.2680969238281
9000000.00016878,-76.7454986572266
9000000.00016878,-77.1542892456055
9000000.00016879,-77.4811782836914
9000000.00016879,-77.7128601074219
9000000.0001688,-77.8391265869141
9000000.0001688,-77.8682098388672
9000000.00016881,-77.8117980957031
9000000.00016881,-77.6813049316406
9000000.00016882,-77.4881210327148
9000000.00016882,-77.2436370849609
9000000.00016883,-76.9592514038086
9000000.00016883,-76.6463623046875
9000000.00016884,-76.3163604736328
9000000.00016884,-75.9806442260742
9000000.00016885,-75.6506118774414
9000000.00016885,-75.337646484375
9000000.00016886,-75.0531616210938
9000000.00016886,-74.8051528930664
9000000.00016887,-74.5583267211914
9000000.00016887,-74.3019027709961
9000000.00016888,-74.0379486083984
9000000.00016888,-73.7685165405273
9000000.00016889,-73.4956741333008
9000000.00016889,-73.2214889526367
9000000.0001689,-72.947998046875
9000000.0001689,-72.6772842407227
9000000.00016891,-72.4113998413086
9000000.00016891,-72.1524047851563
9000000.00016892,-71.9023590087891
9000000.00016892,-71.6633224487305
9000000.00016893,-71.4373550415039
9000000.00016893,-71.2204971313477
9000000.00016894,-71.0077743530273
9000000.00016894,-70.7997131347656
9000000.00016895,-70.5968551635742
9000000.00016895,-70.3997344970703
9000000.00016896,-70.2088775634766
9000000.00016896,-70.0248336791992
9000000.00016897,-69.8481292724609
9000000.00016897,-69.6792984008789
9000000.00016898,-69.5188751220703
9000000.00016898,-69.3674011230469
9000000.00016899,-69.2254104614258
9000000.00016899,-69.0934295654297
9000000.000169,-68.9690093994141
9000000.000169,-68.8439407348633
9000000.00016901,-68.7200164794922
9000000.00016901,-68.5998458862305
9000000.00016902,-68.4860000610352
9000000.00016902,-68.3810882568359
9000000.00016903,-68.2876892089844
9000000.00016903,-68.2084045410156
9000000.00016904,-68.1458206176758
9000000.00016904,-68.1025238037109
9000000.00016905,-68.0811157226563
9000000.00016905,-68.0841827392578
9000000.00016906,-68.1143112182617
9000000.00016906,-68.1734313964844
9000000.00016907,-68.2546005249023
9000000.00016907,-68.3554000854492
9000000.00016908,-68.4759063720703
9000000.00016908,-68.6161880493164
9000000.00016909,-68.7763290405273
9000000.00016909,-68.956413269043
9000000.0001691,-69.1565093994141
9000000.0001691,-69.3767013549805
9000000.00016911,-69.617057800293
9000000.00016911,-69.8776702880859
9000000.00016912,-70.1586151123047
9000000.00016912,-70.4599609375
9000000.00016913,-70.7817916870117
9000000.00016913,-71.1653518676758
9000000.00016914,-71.6384124755859
9000000.00016914,-72.1808624267578
9000000.00016915,-72.772590637207
9000000.00016915,-73.3934707641602
9000000.00016916,-74.0233917236328
9000000.00016916,-74.6422271728516
9000000.00016917,-75.2298812866211
9000000.00016917,-75.7662200927734
9000000.00016918,-76.2311325073242
9000000.00016918,-76.6045074462891
9000000.00016919,-76.8662185668945
9000000.00016919,-76.9961547851563
9000000.0001692,-76.9787750244141
9000000.0001692,-76.8261795043945
9000000.00016921,-76.5561904907227
9000000.00016921,-76.186149597168
9000000.00016922,-75.7334136962891
9000000.00016922,-75.2153472900391
9000000.00016923,-74.649299621582
9000000.00016923,-74.0526351928711
9000000.00016924,-73.4427108764648
9000000.00016924,-72.8368759155273
9000000.00016925,-72.2524871826172
9000000.00016925,-71.7069091796875
9000000.00016926,-71.2174911499023
9000000.00016926,-70.7966918945313
9000000.00016927,-70.3936767578125
9000000.00016927,-69.9920806884766
9000000.00016928,-69.5940017700195
9000000.00016928,-69.2015380859375
9000000.00016929,-68.8167953491211
9000000.00016929,-68.4418640136719
9000000.0001693,-68.0788497924805
9000000.0001693,-67.729850769043
9000000.00016931,-67.3969650268555
9000000.00016931,-67.0822906494141
9000000.00016932,-66.7879333496094
9000000.00016932,-66.515983581543
9000000.00016933,-66.2685470581055
9000000.00016933,-66.042350769043
9000000.00016934,-65.8328323364258
9000000.00016934,-65.6401672363281
9000000.00016935,-65.4645309448242
9000000.00016935,-65.3060989379883
9000000.00016936,-65.1650466918945
9000000.00016936,-65.0415420532227
9000000.00016937,-64.9357681274414
9000000.00016937,-64.8478851318359
9000000.00016938,-64.778076171875
9000000.00016938,-64.7265167236328
9000000.00016939,-64.6933746337891
9000000.00016939,-64.6788330078125
9000000.0001694,-64.6833801269531
9000000.0001694,-64.7079162597656
9000000.00016941,-64.7520065307617
9000000.00016941,-64.8151092529297
9000000.00016942,-64.8966827392578
9000000.00016942,-64.9961853027344
9000000.00016943,-65.1130905151367
9000000.00016943,-65.2468490600586
9000000.00016944,-65.3969192504883
9000000.00016944,-65.5627746582031
9000000.00016945,-65.7438735961914
9000000.00016945,-65.9396667480469
9000000.00016946,-66.1496353149414
9000000.00016946,-66.3741836547852
9000000.00016947,-66.6244583129883
9000000.00016947,-66.9010848999023
9000000.00016948,-67.2006301879883
9000000.00016948,-67.5196533203125
9000000.00016949,-67.8547210693359
9000000.00016949,-68.202392578125
9000000.0001695,-68.5592269897461
9000000.0001695,-68.9217910766602
9000000.00016951,-69.2866516113281
9000000.00016951,-69.6503524780273
9000000.00016952,-70.0094757080078
9000000.00016952,-70.3605728149414
9000000.00016953,-70.7002105712891
9000000.00016953,-71.0498733520508
9000000.00016954,-71.4279098510742
9000000.00016954,-71.8262023925781
9000000.00016955,-72.2366104125977
9000000.00016955,-72.6510162353516
9000000.00016956,-73.0612869262695
9000000.00016956,-73.4592895507813
9000000.00016957,-73.8368988037109
9000000.00016957,-74.1859893798828
9000000.00016958,-74.4984283447266
9000000.00016958,-74.7660903930664
9000000.00016959,-74.980842590332
9000000.00016959,-75.1345596313477
9000000.0001696,-75.2234497070313
9000000.0001696,-75.2592697143555
9000000.00016961,-75.2472305297852
9000000.00016961,-75.1916885375977
9000000.00016962,-75.0970153808594
9000000.00016962,-74.9675521850586
9000000.00016963,-74.8076858520508
9000000.00016963,-74.6217498779297
9000000.00016964,-74.4141235351563
9000000.00016964,-74.1891632080078
9000000.00016965,-73.9512252807617
9000000.00016965,-73.7046737670898
9000000.00016966,-73.4538726806641
9000000.00016966,-73.2005157470703
9000000.00016967,-72.9150772094727
9000000.00016967,-72.5932235717773
9000000.00016968,-72.2414016723633
9000000.00016968,-71.8660507202148
9000000.00016969,-71.4736175537109
9000000.00016969,-71.0705413818359
9000000.0001697,-70.6632766723633
9000000.0001697,-70.2582550048828
9000000.00016971,-69.8619384765625
9000000.00016971,-69.4807510375977
9000000.00016972,-69.1211471557617
9000000.00016972,-68.7895736694336
9000000.00016973,-68.4924621582031
9000000.00016973,-68.2160110473633
9000000.00016974,-67.9436645507813
9000000.00016974,-67.6778030395508
9000000.00016975,-67.4207992553711
9000000.00016975,-67.1750106811523
9000000.00016976,-66.9428176879883
9000000.00016976,-66.7265777587891
9000000.00016977,-66.5286636352539
9000000.00016977,-66.3514556884766
9000000.00016978,-66.1973114013672
9000000.00016978,-66.0685958862305
9000000.00016979,-65.9676971435547
9000000.00016979,-65.8969650268555
9000000.0001698,-65.8540267944336
9000000.0001698,-65.8258590698242
9000000.00016981,-65.813720703125
9000000.00016981,-65.8200454711914
9000000.00016982,-65.8472747802734
9000000.00016982,-65.8978424072266
9000000.00016983,-65.9742050170898
9000000.00016983,-66.0787887573242
9000000.00016984,-66.2140426635742
9000000.00016984,-66.3824081420898
9000000.00016985,-66.5863189697266
9000000.00016985,-66.8282241821289
9000000.00016986,-67.1105575561523
9000000.00016986,-67.4369506835938
9000000.00016987,-67.822380065918
9000000.00016987,-68.2648239135742
9000000.00016988,-68.7567749023438
9000000.00016988,-69.2907180786133
9000000.00016989,-69.8591537475586
9000000.00016989,-70.4545593261719
9000000.0001699,-71.0694274902344
9000000.0001699,-71.6962509155273
9000000.00016991,-72.327522277832
9000000.00016991,-72.9557113647461
9000000.00016992,-73.5733261108398
9000000.00016992,-74.1728515625
9000000.00016993,-74.7467727661133
9000000.00016993,-75.3374557495117
9000000.00016994,-75.9819259643555
9000000.00016994,-76.6646270751953
9000000.00016995,-77.3700485229492
9000000.00016995,-78.0826416015625
9000000.00016996,-78.786865234375
9000000.00016996,-79.4671936035156
9000000.00016997,-80.1080932617188
9000000.00016997,-80.6940231323242
9000000.00016998,-81.2094497680664
9000000.00016998,-81.6388397216797
9000000.00016999,-81.9666442871094
9000000.00016999,-82.1773529052734
9000000.00017,-82.2575378417969
9000000.00017,-82.2126770019531
9000000.00017001,-82.0576477050781
9000000.00017001,-81.8073425292969
9000000.00017002,-81.476676940918
9000000.00017002,-81.0805435180664
9000000.00017003,-80.6338424682617
9000000.00017003,-80.151481628418
9000000.00017004,-79.6483612060547
9000000.00017004,-79.1393890380859
9000000.00017005,-78.6394500732422
9000000.00017005,-78.163459777832
9000000.00017006,-77.726318359375
9000000.00017006,-77.3383102416992
9000000.00017007,-76.9508590698242
9000000.00017007,-76.5498580932617
9000000.00017008,-76.1388473510742
9000000.00017008,-75.7213592529297
9000000.00017009,-75.3009338378906
9000000.00017009,-74.881103515625
9000000.0001701,-74.4654083251953
9000000.0001701,-74.0573806762695
9000000.00017011,-73.6605606079102
9000000.00017011,-73.2784881591797
9000000.00017012,-72.9146881103516
9000000.00017012,-72.5727081298828
9000000.00017013,-72.2560729980469
9000000.00017013,-71.9601669311523
9000000.00017014,-71.6779098510742
9000000.00017014,-71.4091644287109
9000000.00017015,-71.1537933349609
9000000.00017015,-70.9116439819336
9000000.00017016,-70.6825942993164
9000000.00017016,-70.4665069580078
9000000.00017017,-70.2632293701172
9000000.00017017,-70.072624206543
9000000.00017018,-69.8945693969727
9000000.00017018,-69.7289123535156
9000000.00017019,-69.5755157470703
9000000.00017019,-69.4342422485352
9000000.0001702,-69.303955078125
9000000.0001702,-69.1819000244141
9000000.00017021,-69.0690155029297
9000000.00017021,-68.9665298461914
9000000.00017022,-68.8756408691406
9000000.00017022,-68.7975845336914
9000000.00017023,-68.7335662841797
9000000.00017023,-68.684814453125
9000000.00017024,-68.6525421142578
9000000.00017024,-68.6379547119141
9000000.00017025,-68.6422882080078
9000000.00017025,-68.6667556762695
9000000.00017026,-68.7125701904297
9000000.00017026,-68.7788848876953
9000000.00017027,-68.8418884277344
9000000.00017027,-68.9001693725586
9000000.00017028,-68.9610137939453
9000000.00017028,-69.0317306518555
9000000.00017029,-69.1195983886719
9000000.00017029,-69.2319107055664
9000000.0001703,-69.3759689331055
9000000.0001703,-69.5590667724609
9000000.00017031,-69.7884902954102
9000000.00017031,-70.0715408325195
9000000.00017032,-70.4155044555664
9000000.00017032,-70.8276824951172
9000000.00017033,-71.3153533935547
9000000.00017033,-71.9358749389648
9000000.00017034,-72.7198333740234
9000000.00017034,-73.634407043457
9000000.00017035,-74.6467742919922
9000000.00017035,-75.7241134643555
9000000.00017036,-76.8335952758789
9000000.00017036,-77.9424057006836
9000000.00017037,-79.017707824707
9000000.00017037,-80.0266876220703
9000000.00017038,-80.9365234375
9000000.00017038,-81.7143859863281
9000000.00017039,-82.3274612426758
9000000.00017039,-82.7429122924805
9000000.0001704,-82.9417266845703
9000000.0001704,-82.9611206054688
9000000.00017041,-82.8250885009766
9000000.00017041,-82.5552215576172
9000000.00017042,-82.1730728149414
9000000.00017042,-81.7002182006836
9000000.00017043,-81.1582260131836
9000000.00017043,-80.5686645507813
9000000.00017044,-79.9531021118164
9000000.00017044,-79.3331146240234
9000000.00017045,-78.7302627563477
9000000.00017045,-78.1661224365234
9000000.00017046,-77.6622619628906
9000000.00017046,-77.2340316772461
9000000.00017047,-76.8166580200195
9000000.00017047,-76.3897857666016
9000000.00017048,-75.9565887451172
9000000.00017048,-75.5202331542969
9000000.00017049,-75.0838928222656
9000000.00017049,-74.6507339477539
9000000.0001705,-74.2239227294922
9000000.0001705,-73.8066253662109
9000000.00017051,-73.4020233154297
9000000.00017051,-73.0132751464844
9000000.00017052,-72.6435470581055
9000000.00017052,-72.2960205078125
9000000.00017053,-71.9738616943359
9000000.00017053,-71.6741790771484
9000000.00017054,-71.3914947509766
9000000.00017054,-71.1250610351563
9000000.00017055,-70.874153137207
9000000.00017055,-70.6380157470703
9000000.00017056,-70.4159164428711
9000000.00017056,-70.2071151733398
9000000.00017057,-70.010871887207
9000000.00017057,-69.8264465332031
9000000.00017058,-69.6531066894531
9000000.00017058,-69.490104675293
9000000.00017059,-69.3367004394531
9000000.00017059,-69.1921615600586
9000000.0001706,-69.0546188354492
9000000.0001706,-68.9209518432617
9000000.00017061,-68.792854309082
9000000.00017061,-68.6723327636719
9000000.00017062,-68.5614013671875
9000000.00017062,-68.4620819091797
9000000.00017063,-68.3763885498047
9000000.00017063,-68.3063354492188
9000000.00017064,-68.2539443969727
9000000.00017064,-68.2212219238281
9000000.00017065,-68.2101821899414
9000000.00017065,-68.2228546142578
9000000.00017066,-68.2612380981445
9000000.00017066,-68.326057434082
9000000.00017067,-68.4027404785156
9000000.00017067,-68.4892730712891
9000000.00017068,-68.5889511108398
9000000.00017068,-68.7050857543945
9000000.00017069,-68.8409805297852
9000000.00017069,-68.9999237060547
9000000.0001707,-69.1852188110352
9000000.0001707,-69.4001770019531
9000000.00017071,-69.6480865478516
9000000.00017071,-69.932258605957
9000000.00017072,-70.2559967041016
9000000.00017072,-70.6225891113281
9000000.00017073,-71.0353469848633
9000000.00017073,-71.5423583984375
9000000.00017074,-72.1724319458008
9000000.00017074,-72.8999328613281
9000000.00017075,-73.6992492675781
9000000.00017075,-74.5447463989258
9000000.00017076,-75.4108047485352
9000000.00017076,-76.2717819213867
9000000.00017077,-77.1020660400391
9000000.00017077,-77.8760223388672
9000000.00017078,-78.5680236816406
9000000.00017078,-79.1524505615234
9000000.00017079,-79.6036758422852
9000000.00017079,-79.8960647583008
9000000.0001708,-80.0133285522461
9000000.0001708,-79.9805603027344
9000000.00017081,-79.8176574707031
9000000.00017081,-79.5429763793945
9000000.00017082,-79.1749038696289
9000000.00017082,-78.7318115234375
9000000.00017083,-78.2320709228516
9000000.00017083,-77.6940536499023
9000000.00017084,-77.1361389160156
9000000.00017084,-76.5766983032227
9000000.00017085,-76.0340957641602
9000000.00017085,-75.5267105102539
9000000.00017086,-75.0729217529297
9000000.00017086,-74.6859817504883
9000000.00017087,-74.3128814697266
9000000.00017087,-73.9363021850586
9000000.00017088,-73.5581893920898
9000000.00017088,-73.1804809570313
9000000.00017089,-72.8051147460938
9000000.00017089,-72.4340209960938
9000000.0001709,-72.0691452026367
9000000.0001709,-71.7124176025391
9000000.00017091,-71.3657760620117
9000000.00017091,-71.0311660766602
9000000.00017092,-70.7105255126953
9000000.00017092,-70.4057846069336
9000000.00017093,-70.1188812255859
9000000.00017093,-69.8474578857422
9000000.00017094,-69.587776184082
9000000.00017094,-69.3396530151367
9000000.00017095,-69.1029281616211
9000000.00017095,-68.8774490356445
9000000.00017096,-68.6630477905273
9000000.00017096,-68.4595489501953
9000000.00017097,-68.2667999267578
9000000.00017097,-68.0846405029297
9000000.00017098,-67.9128952026367
9000000.00017098,-67.7514114379883
9000000.00017099,-67.6000213623047
9000000.00017099,-67.4585571289063
9000000.000171,-67.3260803222656
9000000.000171,-67.2004699707031
9000000.00017101,-67.0825042724609
9000000.00017101,-66.9731903076172
9000000.00017102,-66.87353515625
9000000.00017102,-66.784538269043
9000000.00017103,-66.7072143554688
9000000.00017103,-66.6425552368164
9000000.00017104,-66.5915756225586
9000000.00017104,-66.5552673339844
9000000.00017105,-66.5346527099609
9000000.00017105,-66.5307235717773
9000000.00017106,-66.5444869995117
9000000.00017106,-66.5775451660156
9000000.00017107,-66.637321472168
9000000.00017107,-66.7229995727539
9000000.00017108,-66.8310394287109
9000000.00017108,-66.9579162597656
9000000.00017109,-67.1000900268555
9000000.00017109,-67.254020690918
9000000.0001711,-67.4161758422852
9000000.0001711,-67.5830230712891
9000000.00017111,-67.7510223388672
9000000.00017111,-67.9166412353516
9000000.00017112,-68.0763397216797
9000000.00017112,-68.2265930175781
9000000.00017113,-68.3638534545898
9000000.00017113,-68.501335144043
9000000.00017114,-68.6519165039063
9000000.00017114,-68.8115692138672
9000000.00017115,-68.9762420654297
9000000.00017115,-69.1418914794922
9000000.00017116,-69.3044967651367
9000000.00017116,-69.4600067138672
9000000.00017117,-69.6043853759766
9000000.00017117,-69.7335891723633
9000000.00017118,-69.8435897827148
9000000.00017118,-69.9303359985352
9000000.00017119,-69.9897994995117
9000000.00017119,-70.0179443359375
9000000.0001712,-70.0125732421875
9000000.0001712,-69.9787216186523
9000000.00017121,-69.9191970825195
9000000.00017121,-69.8365020751953
9000000.00017122,-69.7331161499023
9000000.00017122,-69.6115188598633
9000000.00017123,-69.4742050170898
9000000.00017123,-69.3236465454102
9000000.00017124,-69.1623306274414
9000000.00017124,-68.9927444458008
9000000.00017125,-68.8173751831055
9000000.00017125,-68.6387023925781
9000000.00017126,-68.4592208862305
9000000.00017126,-68.2799072265625
9000000.00017127,-68.0842590332031
9000000.00017127,-67.8697891235352
9000000.00017128,-67.6400833129883
9000000.00017128,-67.3986892700195
9000000.00017129,-67.1491851806641
9000000.00017129,-66.895133972168
9000000.0001713,-66.6400985717773
9000000.0001713,-66.3876419067383
9000000.00017131,-66.1413345336914
9000000.00017131,-65.9047393798828
9000000.00017132,-65.6814193725586
9000000.00017132,-65.4749450683594
9000000.00017133,-65.2888793945313
9000000.00017133,-65.1136856079102
9000000.00017134,-64.9389572143555
9000000.00017134,-64.7669067382813
9000000.00017135,-64.5997695922852
9000000.00017135,-64.4397735595703
9000000.00017136,-64.2891387939453
9000000.00017136,-64.1500930786133
9000000.00017137,-64.0248641967773
9000000.00017137,-63.9156875610352
9000000.00017138,-63.824779510498
9000000.00017138,-63.7543678283691
9000000.00017139,-63.7066841125488
9000000.00017139,-63.683952331543
9000000.0001714,-63.6825065612793
9000000.0001714,-63.686164855957
9000000.00017141,-63.6972389221191
9000000.00017141,-63.7195510864258
9000000.00017142,-63.7569160461426
9000000.00017142,-63.8131523132324
9000000.00017143,-63.8920822143555
9000000.00017143,-63.9975204467773
9000000.00017144,-64.1332855224609
9000000.00017144,-64.3031997680664
9000000.00017145,-64.5110778808594
9000000.00017145,-64.7607345581055
9000000.00017146,-65.0559997558594
9000000.00017146,-65.4037780761719
9000000.00017147,-65.8420486450195
9000000.00017147,-66.3678512573242
9000000.00017148,-66.9643020629883
9000000.00017148,-67.6145095825195
9000000.00017149,-68.3015899658203
9000000.00017149,-69.008659362793
9000000.0001715,-69.7188186645508
9000000.0001715,-70.4151840209961
9000000.00017151,-71.0808639526367
9000000.00017151,-71.6989822387695
9000000.00017152,-72.2526473999023
9000000.00017152,-72.7249603271484
9000000.00017153,-73.0990447998047
9000000.00017153,-73.3921737670898
9000000.00017154,-73.634895324707
9000000.00017154,-73.8302001953125
9000000.00017155,-73.9811019897461
9000000.00017155,-74.0906066894531
9000000.00017156,-74.1617202758789
9000000.00017156,-74.1974411010742
9000000.00017157,-74.2007827758789
9000000.00017157,-74.1747436523438
9000000.00017158,-74.1223373413086
9000000.00017158,-74.0465621948242
9000000.00017159,-73.9504241943359
9000000.00017159,-73.8369369506836
9000000.0001716,-73.6978378295898
9000000.0001716,-73.5021743774414
9000000.00017161,-73.2557144165039
9000000.00017161,-72.9671173095703
9000000.00017162,-72.6450729370117
9000000.00017162,-72.2982482910156
9000000.00017163,-71.9353179931641
9000000.00017163,-71.5649642944336
9000000.00017164,-71.1958618164063
9000000.00017164,-70.8366851806641
9000000.00017165,-70.4961013793945
9000000.00017165,-70.1827926635742
9000000.00017166,-69.9054412841797
9000000.00017166,-69.6708602905273
9000000.00017167,-69.4606704711914
9000000.00017167,-69.2667846679688
9000000.00017168,-69.087776184082
9000000.00017168,-68.9222030639648
9000000.00017169,-68.7686386108398
9000000.00017169,-68.6256637573242
9000000.0001717,-68.491828918457
9000000.0001717,-68.36572265625
9000000.00017171,-68.2458953857422
9000000.00017171,-68.1309356689453
9000000.00017172,-68.019401550293
9000000.00017172,-67.9098587036133
9000000.00017173,-67.8008880615234
9000000.00017173,-67.6956405639648
9000000.00017174,-67.5978393554688
9000000.00017174,-67.5069274902344
9000000.00017175,-67.4223251342773
9000000.00017175,-67.3434677124023
9000000.00017176,-67.2697982788086
9000000.00017176,-67.2007293701172
9000000.00017177,-67.1357040405273
9000000.00017177,-67.0741577148438
9000000.00017178,-67.015510559082
9000000.00017178,-66.9592056274414
9000000.00017179,-66.9046630859375
9000000.00017179,-66.8513259887695
9000000.0001718,-66.7966079711914
9000000.0001718,-66.7349548339844
9000000.00017181,-66.6685791015625
9000000.00017181,-66.6002502441406
9000000.00017182,-66.5327301025391
9000000.00017182,-66.4687957763672
9000000.00017183,-66.4112167358398
9000000.00017183,-66.3627624511719
9000000.00017184,-66.3261947631836
9000000.00017184,-66.3042984008789
9000000.00017185,-66.2998275756836
9000000.00017185,-66.3155670166016
9000000.00017186,-66.3542785644531
9000000.00017186,-66.4178848266602
9000000.00017187,-66.4974746704102
9000000.00017187,-66.5904159545898
9000000.00017188,-66.6973342895508
9000000.00017188,-66.81884765625
9000000.00017189,-66.9555740356445
9000000.00017189,-67.1081237792969
9000000.0001719,-67.2771224975586
9000000.0001719,-67.4631805419922
9000000.00017191,-67.6669235229492
9000000.00017191,-67.8889617919922
9000000.00017192,-68.1299209594727
9000000.00017192,-68.3904113769531
9000000.00017193,-68.6710510253906
9000000.00017193,-69.0066528320313
9000000.00017194,-69.4200210571289
9000000.00017194,-69.8938217163086
9000000.00017195,-70.4107055664063
9000000.00017195,-70.9533233642578
9000000.00017196,-71.5043258666992
9000000.00017196,-72.0463638305664
9000000.00017197,-72.5621032714844
9000000.00017197,-73.0341796875
9000000.00017198,-73.4452590942383
9000000.00017198,-73.7779846191406
9000000.00017199,-74.0150146484375
9000000.00017199,-74.1389999389648
9000000.000172,-74.1375579833984
9000000.000172,-74.0239181518555
9000000.00017201,-73.8126373291016
9000000.00017201,-73.5175933837891
9000000.00017202,-73.1526718139648
9000000.00017202,-72.7317657470703
9000000.00017203,-72.2687530517578
9000000.00017203,-71.7775192260742
9000000.00017204,-71.2719573974609
9000000.00017204,-70.7659454345703
9000000.00017205,-70.2733688354492
9000000.00017205,-69.8081130981445
9000000.00017206,-69.3840713500977
9000000.00017206,-69.0109024047852
9000000.00017207,-68.6444625854492
9000000.00017207,-68.2716064453125
9000000.00017208,-67.8952560424805
9000000.00017208,-67.5183029174805
9000000.00017209,-67.143669128418
9000000.00017209,-66.7742538452148
9000000.0001721,-66.412971496582
9000000.0001721,-66.0627288818359
9000000.00017211,-65.7264404296875
9000000.00017211,-65.4070053100586
9000000.00017212,-65.1073379516602
9000000.00017212,-64.8303375244141
9000000.00017213,-64.5789260864258
9000000.00017213,-64.3483428955078
9000000.00017214,-64.1321105957031
9000000.00017214,-63.9305953979492
9000000.00017215,-63.7441368103027
9000000.00017215,-63.5730857849121
9000000.00017216,-63.417797088623
9000000.00017216,-63.2786140441895
9000000.00017217,-63.155891418457
9000000.00017217,-63.049976348877
9000000.00017218,-62.9612159729004
9000000.00017218,-62.8899688720703
9000000.00017219,-62.8365745544434
9000000.00017219,-62.8013877868652
9000000.0001722,-62.7842864990234
9000000.0001722,-62.7839660644531
9000000.00017221,-62.8004341125488
9000000.00017221,-62.8338088989258
9000000.00017222,-62.8842124938965
9000000.00017222,-62.9517593383789
9000000.00017223,-63.0365715026855
9000000.00017223,-63.1387672424316
9000000.00017224,-63.2584648132324
9000000.00017224,-63.3957862854004
9000000.00017225,-63.5508460998535
9000000.00017225,-63.7237663269043
9000000.00017226,-63.914665222168
9000000.00017226,-64.1225509643555
9000000.00017227,-64.3343963623047
9000000.00017227,-64.549919128418
9000000.00017228,-64.7736129760742
9000000.00017228,-65.0099639892578
9000000.00017229,-65.2634658813477
9000000.00017229,-65.5386047363281
9000000.0001723,-65.8398742675781
9000000.0001723,-66.171760559082
9000000.00017231,-66.5387573242188
9000000.00017231,-66.9453582763672
9000000.00017232,-67.3960418701172
9000000.00017232,-67.8953018188477
9000000.00017233,-68.4476318359375
9000000.00017233,-69.1061782836914
9000000.00017234,-69.9018402099609
9000000.00017234,-70.8057174682617
9000000.00017235,-71.788932800293
9000000.00017235,-72.8225860595703
9000000.00017236,-73.877799987793
9000000.00017236,-74.9256744384766
9000000.00017237,-75.9373168945313
9000000.00017237,-76.8838500976563
9000000.00017238,-77.7363739013672
9000000.00017238,-78.4660034179688
9000000.00017239,-79.0438537597656
9000000.00017239,-79.4410247802734
9000000.0001724,-79.6391372680664
9000000.0001724,-79.6664123535156
9000000.00017241,-79.545295715332
9000000.00017241,-79.2965240478516
9000000.00017242,-78.9408264160156
9000000.00017242,-78.4989471435547
9000000.00017243,-77.9916076660156
9000000.00017243,-77.4395599365234
9000000.00017244,-76.8635177612305
9000000.00017244,-76.2842407226563
9000000.00017245,-75.7224426269531
9000000.00017245,-75.1988677978516
9000000.00017246,-74.7342529296875
9000000.00017246,-74.3432464599609
9000000.00017247,-73.9625015258789
9000000.00017247,-73.5724258422852
9000000.00017248,-73.1764526367188
9000000.00017248,-72.7780303955078
9000000.00017249,-72.3805770874023
9000000.00017249,-71.9875411987305
9000000.0001725,-71.6023559570313
9000000.0001725,-71.2284622192383
9000000.00017251,-70.8692855834961
9000000.00017251,-70.5282669067383
9000000.00017252,-70.2088394165039
9000000.00017252,-69.9144439697266
9000000.00017253,-69.6485214233398
9000000.00017253,-69.4091339111328
9000000.00017254,-69.191162109375
9000000.00017254,-68.9932098388672
9000000.00017255,-68.8138885498047
9000000.00017255,-68.6518173217773
9000000.00017256,-68.5056076049805
9000000.00017256,-68.3738708496094
9000000.00017257,-68.2552185058594
9000000.00017257,-68.1482696533203
9000000.00017258,-68.0516357421875
9000000.00017258,-67.9639205932617
9000000.00017259,-67.8837509155273
9000000.00017259,-67.8097381591797
9000000.0001726,-67.7411193847656
9000000.0001726,-67.6796264648438
9000000.00017261,-67.626220703125
9000000.00017261,-67.5817642211914
9000000.00017262,-67.5471115112305
9000000.00017262,-67.5231170654297
9000000.00017263,-67.5106353759766
9000000.00017263,-67.5105209350586
9000000.00017264,-67.5236282348633
9000000.00017264,-67.5508041381836
9000000.00017265,-67.5929183959961
9000000.00017265,-67.6508178710938
9000000.00017266,-67.7253570556641
9000000.00017266,-67.8175201416016
9000000.00017267,-67.9290466308594
9000000.00017267,-68.059196472168
9000000.00017268,-68.2065658569336
9000000.00017268,-68.3697662353516
9000000.00017269,-68.5473785400391
9000000.00017269,-68.7380142211914
9000000.0001727,-68.9402770996094
9000000.0001727,-69.1527633666992
9000000.00017271,-69.3740692138672
9000000.00017271,-69.6027984619141
9000000.00017272,-69.8375473022461
9000000.00017272,-70.0769195556641
9000000.00017273,-70.3195190429688
9000000.00017273,-70.5854721069336
9000000.00017274,-70.8899459838867
9000000.00017274,-71.2240982055664
9000000.00017275,-71.5790710449219
9000000.00017275,-71.9460296630859
9000000.00017276,-72.3161087036133
9000000.00017276,-72.6804733276367
9000000.00017277,-73.0302658081055
9000000.00017277,-73.3566436767578
9000000.00017278,-73.6507568359375
9000000.00017278,-73.9037628173828
9000000.00017279,-74.1067962646484
9000000.00017279,-74.2510223388672
9000000.0001728,-74.3305511474609
9000000.0001728,-74.3533172607422
9000000.00017281,-74.3263931274414
9000000.00017281,-74.2564163208008
9000000.00017282,-74.1500091552734
9000000.00017282,-74.013786315918
9000000.00017283,-73.854377746582
9000000.00017283,-73.6784057617188
9000000.00017284,-73.4925079345703
9000000.00017284,-73.3032913208008
9000000.00017285,-73.1173858642578
9000000.00017285,-72.9414215087891
9000000.00017286,-72.7820129394531
9000000.00017286,-72.6439895629883
9000000.00017287,-72.5086364746094
9000000.00017287,-72.3697204589844
9000000.00017288,-72.2277984619141
9000000.00017288,-72.0834197998047
9000000.00017289,-71.937141418457
9000000.00017289,-71.7895126342773
9000000.0001729,-71.6410980224609
9000000.0001729,-71.492431640625
9000000.00017291,-71.3440856933594
9000000.00017291,-71.1966018676758
9000000.00017292,-71.0505447387695
9000000.00017292,-70.9064483642578
9000000.00017293,-70.7648849487305
9000000.00017293,-70.6249008178711
9000000.00017294,-70.485221862793
9000000.00017294,-70.345947265625
9000000.00017295,-70.207160949707
9000000.00017295,-70.068962097168
9000000.00017296,-69.9314270019531
9000000.00017296,-69.7946548461914
9000000.00017297,-69.6587295532227
9000000.00017297,-69.5237350463867
9000000.00017298,-69.389778137207
9000000.00017298,-69.2569274902344
9000000.00017299,-69.1252899169922
9000000.00017299,-68.9949417114258
9000000.000173,-68.8627624511719
9000000.000173,-68.7198638916016
9000000.00017301,-68.568717956543
9000000.00017301,-68.4126663208008
9000000.00017302,-68.2550354003906
9000000.00017302,-68.0991592407227
9000000.00017303,-67.9483795166016
9000000.00017303,-67.8060302734375
9000000.00017304,-67.6754379272461
9000000.00017304,-67.559944152832
9000000.00017305,-67.4628753662109
9000000.00017305,-67.387580871582
9000000.00017306,-67.3373794555664
9000000.00017306,-67.3134613037109
9000000.00017307,-67.2917633056641
9000000.00017307,-67.2689590454102
9000000.00017308,-67.25048828125
9000000.00017308,-67.2418060302734
9000000.00017309,-67.2483596801758
9000000.00017309,-67.2755889892578
9000000.0001731,-67.3289413452148
9000000.0001731,-67.4138717651367
9000000.00017311,-67.5358200073242
9000000.00017311,-67.7002334594727
9000000.00017312,-67.9125671386719
9000000.00017312,-68.1782531738281
9000000.00017313,-68.5027542114258
9000000.00017313,-68.9296112060547
9000000.00017314,-69.4821624755859
9000000.00017314,-70.1355514526367
9000000.00017315,-70.8649063110352
9000000.00017315,-71.6453552246094
9000000.00017316,-72.452033996582
9000000.00017316,-73.2600784301758
9000000.00017317,-74.0446243286133
9000000.00017317,-74.7807998657227
9000000.00017318,-75.443733215332
9000000.00017318,-76.0085754394531
9000000.00017319,-76.450439453125
9000000.00017319,-76.7444686889648
9000000.0001732,-76.8777694702148
9000000.0001732,-76.8827133178711
9000000.00017321,-76.7762832641602
9000000.00017321,-76.5732040405273
9000000.00017322,-76.288200378418
9000000.00017322,-75.9359970092773
9000000.00017323,-75.5313186645508
9000000.00017323,-75.0888900756836
9000000.00017324,-74.6234283447266
9000000.00017324,-74.1496658325195
9000000.00017325,-73.6823196411133
9000000.00017325,-73.2361221313477
9000000.00017326,-72.825798034668
9000000.00017326,-72.4611740112305
9000000.00017327,-72.090461730957
9000000.00017327,-71.6996688842773
9000000.00017328,-71.2936325073242
9000000.00017328,-70.8771896362305
9000000.00017329,-70.4551773071289
9000000.00017329,-70.0324401855469
9000000.0001733,-69.6138000488281
9000000.0001733,-69.2041091918945
9000000.00017331,-68.8082046508789
9000000.00017331,-68.4309158325195
9000000.00017332,-68.0770797729492
9000000.00017332,-67.7515487670898
9000000.00017333,-67.4591445922852
9000000.00017333,-67.1923675537109
9000000.00017334,-66.9407272338867
9000000.00017334,-66.7046203613281
9000000.00017335,-66.4844284057617
9000000.00017335,-66.2805328369141
9000000.00017336,-66.0933227539063
9000000.00017336,-65.9231796264648
9000000.00017337,-65.7704925537109
9000000.00017337,-65.6356430053711
9000000.00017338,-65.5190124511719
9000000.00017338,-65.4209976196289
9000000.00017339,-65.3419799804688
9000000.00017339,-65.2823333740234
9000000.0001734,-65.2426528930664
9000000.0001734,-65.2234878540039
9000000.00017341,-65.2242660522461
9000000.00017341,-65.2443542480469
9000000.00017342,-65.2831192016602
9000000.00017342,-65.3399276733398
9000000.00017343,-65.4141387939453
9000000.00017343,-65.5051193237305
9000000.00017344,-65.6122283935547
9000000.00017344,-65.7348480224609
9000000.00017345,-65.8723220825195
9000000.00017345,-66.0240249633789
9000000.00017346,-66.189323425293
9000000.00017346,-66.3687591552734
9000000.00017347,-66.5759506225586
9000000.00017347,-66.8116455078125
9000000.00017348,-67.0716247558594
9000000.00017348,-67.3516540527344
9000000.00017349,-67.6475143432617
9000000.00017349,-67.9549789428711
9000000.0001735,-68.2698135375977
9000000.0001735,-68.5877914428711
9000000.00017351,-68.9046936035156
9000000.00017351,-69.2162933349609
9000000.00017352,-69.5183563232422
9000000.00017352,-69.8066635131836
9000000.00017353,-70.0769882202148
9000000.00017353,-70.3465423583984
9000000.00017354,-70.6316986083984
9000000.00017354,-70.9269180297852
9000000.00017355,-71.226692199707
9000000.00017355,-71.5254974365234
9000000.00017356,-71.8178024291992
9000000.00017356,-72.0980834960938
9000000.00017357,-72.3608322143555
9000000.00017357,-72.6005249023438
9000000.00017358,-72.8116226196289
9000000.00017358,-72.9886169433594
9000000.00017359,-73.1259841918945
9000000.00017359,-73.2182006835938
9000000.0001736,-73.2626647949219
9000000.0001736,-73.2673187255859
9000000.00017361,-73.235710144043
9000000.00017361,-73.1708221435547
9000000.00017362,-73.0756454467773
9000000.00017362,-72.9531631469727
9000000.00017363,-72.8063583374023
9000000.00017363,-72.6382141113281
9000000.00017364,-72.4517059326172
9000000.00017364,-72.2498321533203
9000000.00017365,-72.0355682373047
9000000.00017365,-71.8119049072266
9000000.00017366,-71.5818176269531
9000000.00017366,-71.3461380004883
9000000.00017367,-71.0807266235352
9000000.00017367,-70.7825546264648
9000000.00017368,-70.4574356079102
9000000.00017368,-70.1111526489258
9000000.00017369,-69.7495269775391
9000000.00017369,-69.3783416748047
9000000.0001737,-69.0034027099609
9000000.0001737,-68.6305160522461
9000000.00017371,-68.2654724121094
9000000.00017371,-67.9140853881836
9000000.00017372,-67.582145690918
9000000.00017372,-67.2754516601563
9000000.00017373,-66.9998092651367
9000000.00017373,-66.7435531616211
9000000.00017374,-66.4923324584961
9000000.00017374,-66.2478866577148
9000000.00017375,-66.0119781494141
9000000.00017375,-65.7863693237305
9000000.00017376,-65.5727996826172
9000000.00017376,-65.3730316162109
9000000.00017377,-65.1888122558594
9000000.00017377,-65.0219039916992
9000000.00017378,-64.8740615844727
9000000.00017378,-64.7470321655273
9000000.00017379,-64.642578125
9000000.00017379,-64.5624465942383
9000000.0001738,-64.5052871704102
9000000.0001738,-64.4625930786133
9000000.00017381,-64.4349517822266
9000000.00017381,-64.4237442016602
9000000.00017382,-64.4303283691406
9000000.00017382,-64.4560928344727
9000000.00017383,-64.5024032592773
9000000.00017383,-64.5706253051758
9000000.00017384,-64.6621322631836
9000000.00017384,-64.7782974243164
9000000.00017385,-64.9204864501953
9000000.00017385,-65.0900726318359
9000000.00017386,-65.2884368896484
9000000.00017386,-65.5169448852539
9000000.00017387,-65.7762222290039
9000000.00017387,-66.0650482177734
9000000.00017388,-66.3819427490234
9000000.00017388,-66.7254333496094
9000000.00017389,-67.0940475463867
9000000.00017389,-67.4863128662109
9000000.0001739,-67.9007568359375
9000000.0001739,-68.3359146118164
9000000.00017391,-68.7903060913086
9000000.00017391,-69.2624588012695
9000000.00017392,-69.7509002685547
9000000.00017392,-70.2541580200195
9000000.00017393,-70.7707672119141
9000000.00017393,-71.3543853759766
9000000.00017394,-72.0429077148438
9000000.00017394,-72.8112335205078
9000000.00017395,-73.6342468261719
9000000.00017395,-74.4868392944336
9000000.00017396,-75.3439025878906
9000000.00017396,-76.1803131103516
9000000.00017397,-76.9709777832031
9000000.00017397,-77.6907653808594
9000000.00017398,-78.3145751953125
9000000.00017398,-78.8172988891602
9000000.00017399,-79.1738128662109
9000000.00017399,-79.359016418457
9000000.000174,-79.3514175415039
9000000.000174,-79.1603240966797
9000000.00017401,-78.8096542358398
9000000.00017401,-78.3233032226563
9000000.00017402,-77.7251739501953
9000000.00017402,-77.0391616821289
9000000.00017403,-76.289176940918
9000000.00017403,-75.4991149902344
9000000.00017404,-74.6928863525391
9000000.00017404,-73.8943939208984
9000000.00017405,-73.1275253295898
9000000.00017405,-72.4161987304688
9000000.00017406,-71.784309387207
9000000.00017406,-71.2494201660156
9000000.00017407,-70.7463912963867
9000000.00017407,-70.2527313232422
9000000.00017408,-69.7696380615234
9000000.00017408,-69.2982711791992
9000000.00017409,-68.8398208618164
9000000.00017409,-68.3954544067383
9000000.0001741,-67.9663619995117
9000000.0001741,-67.5537109375
9000000.00017411,-67.1586837768555
9000000.00017411,-66.7824554443359
9000000.00017412,-66.4262008666992
9000000.00017412,-66.0911102294922
9000000.00017413,-65.7783432006836
9000000.00017413,-65.4858245849609
9000000.00017414,-65.2108383178711
9000000.00017414,-64.9535827636719
9000000.00017415,-64.7142944335938
9000000.00017415,-64.4931869506836
9000000.00017416,-64.2904739379883
9000000.00017416,-64.1063766479492
9000000.00017417,-63.9411201477051
9000000.00017417,-63.7949142456055
9000000.00017418,-63.6679801940918
9000000.00017418,-63.5605354309082
9000000.00017419,-63.4728012084961
9000000.00017419,-63.4049949645996
9000000.0001742,-63.3558235168457
9000000.0001742,-63.3211135864258
9000000.00017421,-63.3018417358398
9000000.00017421,-63.2993812561035
9000000.00017422,-63.3150978088379
9000000.00017422,-63.3503684997559
9000000.00017423,-63.406566619873
9000000.00017423,-63.4850578308105
9000000.00017424,-63.5872192382813
9000000.00017424,-63.7144241333008
9000000.00017425,-63.8680381774902
9000000.00017425,-64.0494384765625
9000000.00017426,-64.2599945068359
9000000.00017426,-64.5010147094727
9000000.00017427,-64.7722396850586
9000000.00017427,-65.0724258422852
9000000.00017428,-65.4004135131836
9000000.00017428,-65.7550430297852
9000000.00017429,-66.135139465332
9000000.00017429,-66.53955078125
9000000.0001743,-66.9671173095703
9000000.0001743,-67.4166641235352
9000000.00017431,-67.8870391845703
9000000.00017431,-68.3770751953125
9000000.00017432,-68.8856048583984
9000000.00017432,-69.4114761352539
9000000.00017433,-69.9535217285156
9000000.00017433,-70.5662460327148
9000000.00017434,-71.2877960205078
9000000.00017434,-72.0924301147461
9000000.00017435,-72.9544143676758
9000000.00017435,-73.848014831543
9000000.00017436,-74.7474975585938
9000000.00017436,-75.6271209716797
9000000.00017437,-76.4611663818359
9000000.00017437,-77.223876953125
9000000.00017438,-77.8895416259766
9000000.00017438,-78.4324111938477
9000000.00017439,-78.8267517089844
9000000.00017439,-79.0468292236328
9000000.0001744,-79.0711898803711
9000000.0001744,-78.9109497070313
9000000.00017441,-78.5901489257813
9000000.00017441,-78.132682800293
9000000.00017442,-77.5624389648438
9000000.00017442,-76.9032974243164
9000000.00017443,-76.1791687011719
9000000.00017443,-75.4139251708984
9000000.00017444,-74.631462097168
9000000.00017444,-73.8556671142578
9000000.00017445,-73.1104431152344
9000000.00017445,-72.4196624755859
9000000.00017446,-71.8072280883789
9000000.00017446,-71.2906646728516
9000000.00017447,-70.8044509887695
9000000.00017447,-70.3261337280273
9000000.00017448,-69.8570175170898
9000000.00017448,-69.3984222412109
9000000.00017449,-68.9516677856445
9000000.00017449,-68.5180511474609
9000000.0001745,-68.0989074707031
9000000.0001745,-67.6955337524414
9000000.00017451,-67.3092575073242
9000000.00017451,-66.9413833618164
9000000.00017452,-66.5932312011719
9000000.00017452,-66.26611328125
9000000.00017453,-65.9613418579102
9000000.00017453,-65.6767730712891
9000000.00017454,-65.4094924926758
9000000.00017454,-65.1596450805664
9000000.00017455,-64.9273986816406
9000000.00017455,-64.7129058837891
9000000.00017456,-64.5163192749023
9000000.00017456,-64.3377914428711
9000000.00017457,-64.177490234375
9000000.00017457,-64.0355682373047
9000000.00017458,-63.9121780395508
9000000.00017458,-63.8074798583984
9000000.00017459,-63.7216262817383
9000000.00017459,-63.6547737121582
9000000.0001746,-63.6073265075684
9000000.0001746,-63.5799713134766
9000000.00017461,-63.5723457336426
9000000.00017461,-63.5840110778809
9000000.00017462,-63.6145324707031
9000000.00017462,-63.6634750366211
9000000.00017463,-63.730396270752
9000000.00017463,-63.814868927002
9000000.00017464,-63.9164505004883
9000000.00017464,-64.0347061157227
9000000.00017465,-64.1691970825195
9000000.00017465,-64.3194961547852
9000000.00017466,-64.4851531982422
9000000.00017466,-64.666877746582
9000000.00017467,-64.8778457641602
9000000.00017467,-65.1186141967773
9000000.00017468,-65.3849487304688
9000000.00017468,-65.6725769042969
9000000.00017469,-65.9772567749023
9000000.00017469,-66.2947387695313
9000000.0001747,-66.6207580566406
9000000.0001747,-66.9510726928711
9000000.00017471,-67.2814331054688
9000000.00017471,-67.6075744628906
9000000.00017472,-67.9252471923828
9000000.00017472,-68.2302017211914
9000000.00017473,-68.5181884765625
9000000.00017473,-68.8083419799805
9000000.00017474,-69.1183471679688
9000000.00017474,-69.4417572021484
9000000.00017475,-69.7721481323242
9000000.00017475,-70.1030807495117
9000000.00017476,-70.428108215332
9000000.00017476,-70.7408065795898
9000000.00017477,-71.0347213745117
9000000.00017477,-71.3034286499023
9000000.00017478,-71.5404815673828
9000000.00017478,-71.7394485473633
9000000.00017479,-71.8938903808594
9000000.00017479,-71.9973678588867
9000000.0001748,-72.0456085205078
9000000.0001748,-72.0444183349609
9000000.00017481,-71.9989318847656
9000000.00017481,-71.9139633178711
9000000.00017482,-71.794319152832
9000000.00017482,-71.6448135375977
9000000.00017483,-71.4702453613281
9000000.00017483,-71.2754287719727
9000000.00017484,-71.0651702880859
9000000.00017484,-70.8442840576172
9000000.00017485,-70.6175765991211
9000000.00017485,-70.3898544311523
9000000.00017486,-70.1659317016602
9000000.00017486,-69.9483871459961
9000000.00017487,-69.7129592895508
9000000.00017487,-69.4549713134766
9000000.00017488,-69.1786117553711
9000000.00017488,-68.8880386352539
9000000.00017489,-68.5874481201172
9000000.00017489,-68.281005859375
9000000.0001749,-67.9728851318359
9000000.0001749,-67.6672744750977
9000000.00017491,-67.3683395385742
9000000.00017491,-67.0802612304688
9000000.00017492,-66.8072204589844
9000000.00017492,-66.5533828735352
9000000.00017493,-66.3229293823242
9000000.00017493,-66.1069030761719
9000000.00017494,-65.8945846557617
9000000.00017494,-65.6875152587891
9000000.00017495,-65.4872207641602
9000000.00017495,-65.2952423095703
9000000.00017496,-65.1131134033203
9000000.00017496,-64.9423828125
9000000.00017497,-64.7845764160156
9000000.00017497,-64.641227722168
9000000.00017498,-64.5138854980469
9000000.00017498,-64.4040756225586
9000000.00017499,-64.3133392333984
9000000.00017499,-64.2432174682617
9000000.000175,-64.1938323974609
9000000.000175,-64.1613464355469
9000000.00017501,-64.1452407836914
9000000.00017501,-64.1453247070313
9000000.00017502,-64.1613922119141
9000000.00017502,-64.1932373046875
9000000.00017503,-64.2406692504883
9000000.00017503,-64.3034973144531
9000000.00017504,-64.3815078735352
9000000.00017504,-64.4745025634766
9000000.00017505,-64.5822906494141
9000000.00017505,-64.7046661376953
9000000.00017506,-64.841438293457
9000000.00017506,-64.9928588867188
9000000.00017507,-65.1641845703125
9000000.00017507,-65.3556671142578
9000000.00017508,-65.5656356811523
9000000.00017508,-65.7924118041992
9000000.00017509,-66.0343170166016
9000000.00017509,-66.289680480957
9000000.0001751,-66.5568161010742
9000000.0001751,-66.8340606689453
9000000.00017511,-67.1197280883789
9000000.00017511,-67.4121475219727
9000000.00017512,-67.7096405029297
9000000.00017512,-68.0105285644531
9000000.00017513,-68.3131408691406
9000000.00017513,-68.6403732299805
9000000.00017514,-69.0095596313477
9000000.00017514,-69.4107131958008
9000000.00017515,-69.8338088989258
9000000.00017515,-70.2688446044922
9000000.00017516,-70.7058181762695
9000000.00017516,-71.1347198486328
9000000.00017517,-71.5455474853516
9000000.00017517,-71.9282913208008
9000000.00017518,-72.2729415893555
9000000.00017518,-72.5694961547852
9000000.00017519,-72.8079452514648
9000000.00017519,-72.9782867431641
9000000.0001752,-73.0764541625977
9000000.0001752,-73.1185760498047
9000000.00017521,-73.1106033325195
9000000.00017521,-73.057243347168
9000000.00017522,-72.9632263183594
9000000.00017522,-72.8332824707031
9000000.00017523,-72.6721420288086
9000000.00017523,-72.4845199584961
9000000.00017524,-72.2751388549805
9000000.00017524,-72.0487365722656
9000000.00017525,-71.8100280761719
9000000.00017525,-71.5637435913086
9000000.00017526,-71.3146057128906
9000000.00017526,-71.0646514892578
9000000.00017527,-70.7841110229492
9000000.00017527,-70.4683303833008
9000000.00017528,-70.1234893798828
9000000.00017528,-69.7557907104492
9000000.00017529,-69.3714218139648
9000000.00017529,-68.9765853881836
9000000.0001753,-68.5774688720703
9000000.0001753,-68.1802673339844
9000000.00017531,-67.7911758422852
9000000.00017531,-67.416389465332
9000000.00017532,-67.0621032714844
9000000.00017532,-66.734504699707
9000000.00017533,-66.4397888183594
9000000.00017533,-66.1661605834961
9000000.00017534,-65.8987350463867
9000000.00017534,-65.6390609741211
9000000.00017535,-65.3887023925781
9000000.00017535,-65.1491928100586
9000000.00017536,-64.9221038818359
9000000.00017536,-64.7089767456055
9000000.00017537,-64.5113754272461
9000000.00017537,-64.3308410644531
9000000.00017538,-64.1689376831055
9000000.00017538,-64.027214050293
9000000.00017539,-63.9072227478027
9000000.00017539,-63.8105163574219
9000000.0001754,-63.7359848022461
9000000.0001754,-63.6763038635254
9000000.00017541,-63.6319427490234
9000000.00017541,-63.6040267944336
9000000.00017542,-63.593692779541
9000000.00017542,-63.6020622253418
9000000.00017543,-63.6302604675293
9000000.00017543,-63.6794242858887
9000000.00017544,-63.7506790161133
9000000.00017544,-63.8451499938965
9000000.00017545,-63.9639663696289
9000000.00017545,-64.1082611083984
9000000.00017546,-64.2791519165039
9000000.00017546,-64.4746551513672
9000000.00017547,-64.6584014892578
9000000.00017547,-64.8288955688477
9000000.00017548,-64.9979400634766
9000000.00017548,-65.1773376464844
9000000.00017549,-65.3788986206055
9000000.00017549,-65.6144180297852
9000000.0001755,-65.8956985473633
9000000.0001755,-66.2345428466797
9000000.00017551,-66.6427536010742
9000000.00017551,-67.1321411132813
9000000.00017552,-67.7145004272461
9000000.00017552,-68.4016342163086
9000000.00017553,-69.2053527832031
9000000.00017553,-70.2190170288086
9000000.00017554,-71.4925308227539
9000000.00017554,-72.9724960327148
9000000.00017555,-74.6055145263672
9000000.00017555,-76.3381881713867
9000000.00017556,-78.1171264648438
9000000.00017556,-79.8889236450195
9000000.00017557,-81.6001892089844
9000000.00017557,-83.1975250244141
9000000.00017558,-84.6275329589844
9000000.00017558,-85.8368072509766
9000000.00017559,-86.7719650268555
9000000.00017559,-87.3795928955078
9000000.0001756,-87.6229705810547
9000000.0001756,-87.5466766357422
9000000.00017561,-87.1943740844727
9000000.00017561,-86.6073226928711
9000000.00017562,-85.826789855957
9000000.00017562,-84.8940277099609
9000000.00017563,-83.8502960205078
9000000.00017563,-82.7368545532227
9000000.00017564,-81.5949630737305
9000000.00017564,-80.4658813476563
9000000.00017565,-79.3908615112305
9000000.00017565,-78.4111709594727
9000000.00017566,-77.5680618286133
9000000.00017566,-76.8925323486328
9000000.00017567,-76.2798919677734
9000000.00017567,-75.6914749145508
9000000.00017568,-75.1265487670898
9000000.00017568,-74.5843963623047
9000000.00017569,-74.0643005371094
9000000.00017569,-73.565544128418
9000000.0001757,-73.08740234375
9000000.0001757,-72.6291656494141
9000000.00017571,-72.1901016235352
9000000.00017571,-71.7695083618164
9000000.00017572,-71.3666458129883
9000000.00017572,-70.9808120727539
9000000.00017573,-70.6112899780273
9000000.00017573,-70.2607116699219
9000000.00017574,-69.9316940307617
9000000.00017574,-69.623420715332
9000000.00017575,-69.335090637207
9000000.00017575,-69.0659027099609
9000000.00017576,-68.8150482177734
9000000.00017576,-68.5817184448242
9000000.00017577,-68.3651123046875
9000000.00017577,-68.1644287109375
9000000.00017578,-67.9788665771484
9000000.00017578,-67.8076095581055
9000000.00017579,-67.6498565673828
9000000.00017579,-67.5048065185547
9000000.0001758,-67.3718109130859
9000000.0001758,-67.2512664794922
9000000.00017581,-67.143913269043
9000000.00017581,-67.0504760742188
9000000.00017582,-66.9716796875
9000000.00017582,-66.9082489013672
9000000.00017583,-66.8609085083008
9000000.00017583,-66.8303833007813
9000000.00017584,-66.8173980712891
9000000.00017584,-66.8226928710938
9000000.00017585,-66.8469696044922
9000000.00017585,-66.8909683227539
9000000.00017586,-66.9554138183594
9000000.00017586,-67.0419769287109
9000000.00017587,-67.1620254516602
9000000.00017587,-67.315055847168
9000000.00017588,-67.4963912963867
9000000.00017588,-67.7013549804688
9000000.00017589,-67.9252624511719
9000000.00017589,-68.163444519043
9000000.0001759,-68.4112243652344
9000000.0001759,-68.6639175415039
9000000.00017591,-68.9168472290039
9000000.00017591,-69.1653366088867
9000000.00017592,-69.4047164916992
9000000.00017592,-69.6302947998047
9000000.00017593,-69.8373947143555
9000000.00017593,-70.0426330566406
9000000.00017594,-70.2624282836914
9000000.00017594,-70.4918746948242
9000000.00017595,-70.7260589599609
9000000.00017595,-70.9600677490234
9000000.00017596,-71.1889877319336
9000000.00017596,-71.4079055786133
9000000.00017597,-71.6119003295898
9000000.00017597,-71.7960662841797
9000000.00017598,-71.9554824829102
9000000.00017598,-72.0852355957031
9000000.00017599,-72.180419921875
9000000.00017599,-72.2361068725586
9000000.000176,-72.2475051879883
9000000.000176,-72.2147598266602
9000000.00017601,-72.1430282592773
9000000.00017601,-72.0376434326172
9000000.00017602,-71.9039077758789
9000000.00017602,-71.7471618652344
9000000.00017603,-71.5727233886719
9000000.00017603,-71.3859024047852
9000000.00017604,-71.1920318603516
9000000.00017604,-70.9964294433594
9000000.00017605,-70.8044128417969
9000000.00017605,-70.6213073730469
9000000.00017606,-70.4524307250977
9000000.00017606,-70.3014984130859
9000000.00017607,-70.1516189575195
9000000.00017607,-69.9977493286133
9000000.00017608,-69.8409957885742
9000000.00017608,-69.6824722290039
9000000.00017609,-69.5232772827148
9000000.00017609,-69.3645095825195
9000000.0001761,-69.207275390625
9000000.0001761,-69.0526885986328
9000000.00017611,-68.9018402099609
9000000.00017611,-68.7558364868164
9000000.00017612,-68.6157913208008
9000000.00017612,-68.4828033447266
9000000.00017613,-68.3579711914063
9000000.00017613,-68.2393493652344
9000000.00017614,-68.1243743896484
9000000.00017614,-68.0132598876953
9000000.00017615,-67.9062042236328
9000000.00017615,-67.8034210205078
9000000.00017616,-67.7051010131836
9000000.00017616,-67.611457824707
9000000.00017617,-67.5226974487305
9000000.00017617,-67.4390258789063
9000000.00017618,-67.3606414794922
9000000.00017618,-67.2877502441406
9000000.00017619,-67.2205505371094
9000000.00017619,-67.1592636108398
9000000.0001762,-67.101692199707
9000000.0001762,-67.0412445068359
9000000.00017621,-66.979606628418
9000000.00017621,-66.9191055297852
9000000.00017622,-66.8620681762695
9000000.00017622,-66.8108139038086
9000000.00017623,-66.7676620483398
9000000.00017623,-66.7349395751953
9000000.00017624,-66.714973449707
9000000.00017624,-66.7100830078125
9000000.00017625,-66.7225952148438
9000000.00017625,-66.7548294067383
9000000.00017626,-66.8091125488281
9000000.00017626,-66.8878326416016
9000000.00017627,-66.9925994873047
9000000.00017627,-67.1213455200195
9000000.00017628,-67.271369934082
9000000.00017628,-67.4399795532227
9000000.00017629,-67.6244812011719
9000000.00017629,-67.8221817016602
9000000.0001763,-68.030387878418
9000000.0001763,-68.2464065551758
9000000.00017631,-68.4675445556641
9000000.00017631,-68.6911087036133
9000000.00017632,-68.9143981933594
9000000.00017632,-69.1347274780273
9000000.00017633,-69.3494033813477
9000000.00017633,-69.5771408081055
9000000.00017634,-69.8336181640625
9000000.00017634,-70.1115341186523
9000000.00017635,-70.4036026000977
9000000.00017635,-70.7025375366211
9000000.00017636,-71.0010375976563
9000000.00017636,-71.2918243408203
9000000.00017637,-71.5675964355469
9000000.00017637,-71.8210678100586
9000000.00017638,-72.0449523925781
9000000.00017638,-72.2319488525391
9000000.00017639,-72.3747787475586
9000000.00017639,-72.4661483764648
9000000.0001764,-72.5005035400391
9000000.0001764,-72.4824600219727
9000000.00017641,-72.4184112548828
9000000.00017641,-72.3145599365234
9000000.00017642,-72.1771011352539
9000000.00017642,-72.0122451782227
9000000.00017643,-71.8261795043945
9000000.00017643,-71.6251220703125
9000000.00017644,-71.4152603149414
9000000.00017644,-71.2028045654297
9000000.00017645,-70.9939498901367
9000000.00017645,-70.7948989868164
9000000.00017646,-70.6118545532227
9000000.00017646,-70.4489135742188
9000000.00017647,-70.2837600708008
9000000.00017647,-70.1104736328125
9000000.00017648,-69.9312896728516
9000000.00017648,-69.748420715332
9000000.00017649,-69.5640869140625
9000000.00017649,-69.3805084228516
9000000.0001765,-69.1998977661133
9000000.0001765,-69.0244750976563
9000000.00017651,-68.8564605712891
9000000.00017651,-68.6980743408203
9000000.00017652,-68.5515289306641
9000000.00017652,-68.4190521240234
9000000.00017653,-68.302848815918
9000000.00017653,-68.2000732421875
9000000.00017654,-68.1063079833984
9000000.00017654,-68.0214462280273
9000000.00017655,-67.9453811645508
9000000.00017655,-67.8780059814453
9000000.00017656,-67.819206237793
9000000.00017656,-67.7688827514648
9000000.00017657,-67.726921081543
9000000.00017657,-67.6932144165039
9000000.00017658,-67.6676559448242
9000000.00017658,-67.650146484375
9000000.00017659,-67.6405639648438
9000000.00017659,-67.638801574707
9000000.0001766,-67.6430282592773
9000000.0001766,-67.6484451293945
9000000.00017661,-67.6565551757813
9000000.00017661,-67.669319152832
9000000.00017662,-67.688720703125
9000000.00017662,-67.7167129516602
9000000.00017663,-67.7552795410156
9000000.00017663,-67.8063735961914
9000000.00017664,-67.8719787597656
9000000.00017664,-67.9540634155273
9000000.00017665,-68.0545806884766
9000000.00017665,-68.1755218505859
9000000.00017666,-68.3188400268555
9000000.00017666,-68.4857330322266
9000000.00017667,-68.6678848266602
9000000.00017667,-68.8634033203125
9000000.00017668,-69.0734176635742
9000000.00017668,-69.2990875244141
9000000.00017669,-69.5415344238281
9000000.00017669,-69.8019104003906
9000000.0001767,-70.0813598632813
9000000.0001767,-70.3810043334961
9000000.00017671,-70.7020034790039
9000000.00017671,-71.0454864501953
9000000.00017672,-71.41259765625
9000000.00017672,-71.8044815063477
9000000.00017673,-72.2222671508789
9000000.00017673,-72.712043762207
9000000.00017674,-73.3036651611328
9000000.00017674,-73.9739456176758
9000000.00017675,-74.6996994018555
9000000.00017675,-75.4577407836914
9000000.00017676,-76.2248764038086
9000000.00017676,-76.9779281616211
9000000.00017677,-77.6937026977539
9000000.00017677,-78.3490219116211
9000000.00017678,-78.9206848144531
9000000.00017678,-79.3855133056641
9000000.00017679,-79.7203216552734
9000000.00017679,-79.9019241333008
9000000.0001768,-79.9130325317383
9000000.0001768,-79.7693634033203
9000000.00017681,-79.4909210205078
9000000.00017681,-79.097053527832
9000000.00017682,-78.6070709228516
9000000.00017682,-78.0403137207031
9000000.00017683,-77.4161071777344
9000000.00017683,-76.7537841796875
9000000.00017684,-76.0726776123047
9000000.00017684,-75.3921051025391
9000000.00017685,-74.7314147949219
9000000.00017685,-74.1099166870117
9000000.00017686,-73.5469436645508
9000000.00017686,-73.0562438964844
9000000.00017687,-72.5795822143555
9000000.00017687,-72.0987091064453
9000000.00017688,-71.6165313720703
9000000.00017688,-71.1359634399414
9000000.00017689,-70.6599044799805
9000000.00017689,-70.1912689208984
9000000.0001769,-69.7329635620117
9000000.0001769,-69.2878952026367
9000000.00017691,-68.8589706420898
9000000.00017691,-68.4490966796875
9000000.00017692,-68.0611801147461
9000000.00017692,-67.6981353759766
9000000.00017693,-67.3628692626953
9000000.00017693,-67.0496673583984
9000000.00017694,-66.7514343261719
9000000.00017694,-66.4689865112305
9000000.00017695,-66.203125
9000000.00017695,-65.9546661376953
9000000.00017696,-65.7244110107422
9000000.00017696,-65.5131759643555
9000000.00017697,-65.32177734375
9000000.00017697,-65.1510162353516
9000000.00017698,-65.001708984375
9000000.00017698,-64.8746566772461
9000000.00017699,-64.7706756591797
9000000.00017699,-64.6905746459961
9000000.000177,-64.6329193115234
9000000.000177,-64.5915222167969
9000000.00017701,-64.5673065185547
9000000.00017701,-64.5617752075195
9000000.00017702,-64.5764389038086
9000000.00017702,-64.6128005981445
9000000.00017703,-64.6723556518555
9000000.00017703,-64.7566146850586
9000000.00017704,-64.867073059082
9000000.00017704,-65.005241394043
9000000.00017705,-65.1726226806641
9000000.00017705,-65.3707122802734
9000000.00017706,-65.6010208129883
9000000.00017706,-65.8647384643555
9000000.00017707,-66.1587905883789
9000000.00017707,-66.4817733764648
9000000.00017708,-66.8334121704102
9000000.00017708,-67.2134017944336
9000000.00017709,-67.621467590332
9000000.00017709,-68.0573272705078
9000000.0001771,-68.5206756591797
9000000.0001771,-69.0112380981445
9000000.00017711,-69.5287246704102
9000000.00017711,-70.0728454589844
9000000.00017712,-70.643310546875
9000000.00017712,-71.2398452758789
9000000.00017713,-71.8621520996094
9000000.00017713,-72.5683670043945
9000000.00017714,-73.3981094360352
9000000.00017714,-74.3232727050781
9000000.00017715,-75.3157806396484
9000000.00017715,-76.347541809082
9000000.00017716,-77.3904571533203
9000000.00017716,-78.4164352416992
9000000.00017717,-79.3973922729492
9000000.00017717,-80.3052368164063
9000000.00017718,-81.1118774414063
9000000.00017718,-81.7892150878906
9000000.00017719,-82.3091735839844
9000000.00017719,-82.6436538696289
9000000.0001772,-82.7704849243164
9000000.0001772,-82.7052612304688
9000000.00017721,-82.4732208251953
9000000.00017721,-82.0991134643555
9000000.00017722,-81.6076812744141
9000000.00017722,-81.0236587524414
9000000.00017723,-80.3717956542969
9000000.00017723,-79.6768264770508
9000000.00017724,-78.963508605957
9000000.00017724,-78.2565612792969
9000000.00017725,-77.5807495117188
9000000.00017725,-76.9608001708984
9000000.00017726,-76.4214630126953
9000000.00017726,-75.9811706542969
9000000.00017727,-75.5754623413086
9000000.00017727,-75.1811065673828
9000000.00017728,-74.7982864379883
9000000.00017728,-74.4271621704102
9000000.00017729,-74.0679016113281
9000000.00017729,-73.7206649780273
9000000.0001773,-73.385627746582
9000000.0001773,-73.0629577636719
9000000.00017731,-72.752815246582
9000000.00017731,-72.4553756713867
9000000.00017732,-72.1708068847656
9000000.00017732,-71.8992691040039
9000000.00017733,-71.6409301757813
9000000.00017733,-71.3976669311523
9000000.00017734,-71.1705322265625
9000000.00017734,-70.9585266113281
9000000.00017735,-70.760612487793
9000000.00017735,-70.5757827758789
9000000.00017736,-70.4030075073242
9000000.00017736,-70.2412719726563
9000000.00017737,-70.0895614624023
9000000.00017737,-69.9468383789063
9000000.00017738,-69.8120956420898
9000000.00017738,-69.6843109130859
9000000.00017739,-69.5624542236328
9000000.00017739,-69.4455261230469
9000000.0001774,-69.3324356079102
9000000.0001774,-69.2230224609375
9000000.00017741,-69.1184234619141
9000000.00017741,-69.0198135375977
9000000.00017742,-68.9283752441406
9000000.00017742,-68.8452911376953
9000000.00017743,-68.7717437744141
9000000.00017743,-68.7089080810547
9000000.00017744,-68.6579666137695
9000000.00017744,-68.6201019287109
9000000.00017745,-68.5965042114258
9000000.00017745,-68.5883407592773
9000000.00017746,-68.5968017578125
9000000.00017746,-68.6215286254883
9000000.00017747,-68.6448516845703
9000000.00017747,-68.6654891967773
9000000.00017748,-68.6885833740234
9000000.00017748,-68.7192916870117
9000000.00017749,-68.7627716064453
9000000.00017749,-68.8241653442383
9000000.0001775,-68.9086380004883
9000000.0001775,-69.0213470458984
9000000.00017751,-69.1674346923828
9000000.00017751,-69.3520584106445
9000000.00017752,-69.5803756713867
9000000.00017752,-69.857536315918
9000000.00017753,-70.1886978149414
9000000.00017753,-70.6126251220703
9000000.00017754,-71.1497497558594
9000000.00017754,-71.7777252197266
9000000.00017755,-72.4742202758789
9000000.00017755,-73.2168960571289
9000000.00017756,-73.9834060668945
9000000.00017756,-74.7514114379883
9000000.00017757,-75.4985656738281
9000000.00017757,-76.2025375366211
9000000.00017758,-76.8409881591797
9000000.00017758,-77.3915710449219
9000000.00017759,-77.8319396972656
9000000.00017759,-78.1397705078125
9000000.0001776,-78.306037902832
9000000.0001776,-78.3669509887695
9000000.00017761,-78.3357086181641
9000000.00017761,-78.2227935791016
9000000.00017762,-78.0386810302734
9000000.00017762,-77.7938537597656
9000000.00017763,-77.4987869262695
9000000.00017763,-77.1639709472656
9000000.00017764,-76.7998809814453
9000000.00017764,-76.4169921875
9000000.00017765,-76.0257949829102
9000000.00017765,-75.6367568969727
9000000.00017766,-75.260368347168
9000000.00017766,-74.9026412963867
9000000.00017767,-74.5151596069336
9000000.00017767,-74.0878219604492
9000000.00017768,-73.6281356811523
9000000.00017768,-73.1436309814453
9000000.00017769,-72.6418304443359
9000000.00017769,-72.130241394043
9000000.0001777,-71.6163940429688
9000000.0001777,-71.1078033447266
9000000.00017771,-70.6119995117188
9000000.00017771,-70.1364898681641
9000000.00017772,-69.6888046264648
9000000.00017772,-69.2764511108398
9000000.00017773,-68.9069671630859
9000000.00017773,-68.5687484741211
9000000.00017774,-68.2455673217773
9000000.00017774,-67.9379806518555
9000000.00017775,-67.6465454101563
9000000.00017775,-67.3718185424805
9000000.00017776,-67.1143569946289
9000000.00017776,-66.8747253417969
9000000.00017777,-66.6534805297852
9000000.00017777,-66.451171875
9000000.00017778,-66.2683639526367
9000000.00017778,-66.1056137084961
9000000.00017779,-65.9634780883789
9000000.00017779,-65.8425216674805
9000000.0001778,-65.7433013916016
9000000.0001778,-65.6658172607422
9000000.00017781,-65.609489440918
9000000.00017781,-65.5736999511719
9000000.00017782,-65.5578231811523
9000000.00017782,-65.5612487792969
9000000.00017783,-65.5833587646484
9000000.00017783,-65.62353515625
9000000.00017784,-65.6811599731445
9000000.00017784,-65.7556228637695
9000000.00017785,-65.846305847168
9000000.00017785,-65.9525833129883
9000000.00017786,-66.0738525390625
9000000.00017786,-66.2106552124023
9000000.00017787,-66.3764877319336
9000000.00017787,-66.5720977783203
9000000.00017788,-66.7932815551758
9000000.00017788,-67.0358276367188
9000000.00017789,-67.2955322265625
9000000.00017789,-67.5682067871094
9000000.0001779,-67.8496398925781
9000000.0001779,-68.135627746582
9000000.00017791,-68.4219665527344
9000000.00017791,-68.704460144043
9000000.00017792,-68.9789047241211
9000000.00017792,-69.241096496582
9000000.00017793,-69.4868316650391
9000000.00017793,-69.7339706420898
9000000.00017794,-69.999267578125
9000000.00017794,-70.2768707275391
9000000.00017795,-70.5609436035156
9000000.00017795,-70.8456344604492
9000000.00017796,-71.1250991821289
9000000.00017796,-71.3934860229492
9000000.00017797,-71.6449508666992
9000000.00017797,-71.873649597168
9000000.00017798,-72.07373046875
9000000.00017798,-72.2393493652344
9000000.00017799,-72.3646545410156
9000000.00017799,-72.4438018798828
9000000.000178,-72.4729232788086
9000000.000178,-72.4573211669922
9000000.00017801,-72.4016571044922
9000000.00017801,-72.3102798461914
9000000.00017802,-72.1875534057617
9000000.00017802,-72.0378265380859
9000000.00017803,-71.8654556274414
9000000.00017803,-71.6747970581055
9000000.00017804,-71.4701995849609
9000000.00017804,-71.2560272216797
9000000.00017805,-71.0366287231445
9000000.00017805,-70.8163681030273
9000000.00017806,-70.5995864868164
9000000.00017806,-70.3886337280273
9000000.00017807,-70.1615142822266
9000000.00017807,-69.9139938354492
9000000.00017808,-69.6498718261719
9000000.00017808,-69.372932434082
9000000.00017809,-69.0869598388672
9000000.00017809,-68.7957382202148
9000000.0001781,-68.503059387207
9000000.0001781,-68.2127151489258
9000000.00017811,-67.9284896850586
9000000.00017811,-67.654167175293
9000000.00017812,-67.3935394287109
9000000.00017812,-67.1503982543945
9000000.00017813,-66.9285202026367
9000000.00017813,-66.7199554443359
9000000.00017814,-66.5150909423828
9000000.00017814,-66.3152389526367
9000000.00017815,-66.121711730957
9000000.00017815,-65.9358291625977
9000000.00017816,-65.7588958740234
9000000.00017816,-65.5922241210938
9000000.00017817,-65.4371337890625
9000000.00017817,-65.2949295043945
9000000.00017818,-65.1669311523438
9000000.00017818,-65.054443359375
9000000.00017819,-64.9587783813477
9000000.00017819,-64.8812561035156
9000000.0001782,-64.8214874267578
9000000.0001782,-64.7748107910156
9000000.00017821,-64.7411804199219
9000000.00017821,-64.7209701538086
9000000.00017822,-64.7145309448242
9000000.00017822,-64.7222290039063
9000000.00017823,-64.7444229125977
9000000.00017823,-64.7814788818359
9000000.00017824,-64.8337554931641
9000000.00017824,-64.9016189575195
9000000.00017825,-64.9854202270508
9000000.00017825,-65.0855331420898
9000000.00017826,-65.2023162841797
9000000.00017826,-65.3357391357422
9000000.00017827,-65.4813079833984
9000000.00017827,-65.6386413574219
9000000.00017828,-65.8089981079102
9000000.00017828,-65.9936294555664
9000000.00017829,-66.1937789916992
9000000.00017829,-66.4107055664063
9000000.0001783,-66.6456680297852
9000000.0001783,-66.8999099731445
9000000.00017831,-67.174690246582
9000000.00017831,-67.4712524414063
9000000.00017832,-67.7908630371094
9000000.00017832,-68.1347732543945
9000000.00017833,-68.5042266845703
9000000.00017833,-68.9342727661133
9000000.00017834,-69.4471893310547
9000000.00017834,-70.0250778198242
9000000.00017835,-70.6500549316406
9000000.00017835,-71.3042144775391
9000000.00017836,-71.9696655273438
9000000.00017836,-72.6285095214844
9000000.00017837,-73.2628555297852
9000000.00017837,-73.8548049926758
9000000.00017838,-74.3864669799805
9000000.00017838,-74.8399429321289
9000000.00017839,-75.1973342895508
9000000.00017839,-75.4407501220703
9000000.0001784,-75.5606384277344
9000000.0001784,-75.5795516967773
9000000.00017841,-75.5099258422852
9000000.00017841,-75.3626480102539
9000000.00017842,-75.1485900878906
9000000.00017842,-74.878662109375
9000000.00017843,-74.5637283325195
9000000.00017843,-74.2146835327148
9000000.00017844,-73.842414855957
9000000.00017844,-73.4578094482422
9000000.00017845,-73.0717391967773
9000000.00017845,-72.6951065063477
9000000.00017846,-72.3387908935547
9000000.00017846,-72.0096282958984
9000000.00017847,-71.6643295288086
9000000.00017847,-71.29248046875
9000000.00017848,-70.8994216918945
9000000.00017848,-70.4905014038086
9000000.00017849,-70.0710678100586
9000000.00017849,-69.6464614868164
9000000.0001785,-69.2220306396484
9000000.0001785,-68.8031234741211
9000000.00017851,-68.3950805664063
9000000.00017851,-68.0032501220703
9000000.00017852,-67.6329803466797
9000000.00017852,-67.2896118164063
9000000.00017853,-66.9784927368164
9000000.00017853,-66.6908340454102
9000000.00017854,-66.4147262573242
9000000.00017854,-66.1508331298828
9000000.00017855,-65.8998107910156
9000000.00017855,-65.6623306274414
9000000.00017856,-65.4390563964844
9000000.00017856,-65.2306594848633
9000000.00017857,-65.0377883911133
9000000.00017857,-64.8611145019531
9000000.00017858,-64.7013092041016
9000000.00017858,-64.5590209960938
9000000.00017859,-64.434928894043
9000000.00017859,-64.3296890258789
9000000.0001786,-64.2441635131836
9000000.0001786,-64.1789093017578
9000000.00017861,-64.1330642700195
9000000.00017861,-64.1056747436523
9000000.00017862,-64.0958099365234
9000000.00017862,-64.1025238037109
9000000.00017863,-64.1248779296875
9000000.00017863,-64.1619186401367
9000000.00017864,-64.2127151489258
9000000.00017864,-64.2763214111328
9000000.00017865,-64.3517990112305
9000000.00017865,-64.4381942749023
9000000.00017866,-64.5345764160156
9000000.00017866,-64.6407318115234
9000000.00017867,-64.7648620605469
9000000.00017867,-64.9079284667969
9000000.00017868,-65.0679016113281
9000000.00017868,-65.2427368164063
9000000.00017869,-65.4303970336914
9000000.00017869,-65.6288452148438
9000000.0001787,-65.836051940918
9000000.0001787,-66.0499649047852
9000000.00017871,-66.2685623168945
9000000.00017871,-66.4898071289063
9000000.00017872,-66.7116470336914
9000000.00017872,-66.9320602416992
9000000.00017873,-67.1490020751953
9000000.00017873,-67.3757858276367
9000000.00017874,-67.6236953735352
9000000.00017874,-67.8876266479492
9000000.00017875,-68.162467956543
9000000.00017875,-68.4431304931641
9000000.00017876,-68.724494934082
9000000.00017876,-69.0014801025391
9000000.00017877,-69.2689666748047
9000000.00017877,-69.5218658447266
9000000.00017878,-69.7550659179688
9000000.00017878,-69.9634704589844
9000000.00017879,-70.1419830322266
9000000.00017879,-70.2854843139648
9000000.0001788,-70.3945159912109
9000000.0001788,-70.4844360351563
9000000.00017881,-70.5562210083008
9000000.00017881,-70.609504699707
9000000.00017882,-70.6439361572266
9000000.00017882,-70.6591644287109
9000000.00017883,-70.6548309326172
9000000.00017883,-70.6305770874023
9000000.00017884,-70.586051940918
9000000.00017884,-70.5208969116211
9000000.00017885,-70.4347610473633
9000000.00017885,-70.3272857666016
9000000.00017886,-70.198112487793
9000000.00017886,-70.0454406738281
9000000.00017887,-69.8520660400391
9000000.00017887,-69.6180953979492
9000000.00017888,-69.3499069213867
9000000.00017888,-69.0539016723633
9000000.00017889,-68.7364883422852
9000000.00017889,-68.4040451049805
9000000.0001789,-68.0629806518555
9000000.0001789,-67.7196807861328
9000000.00017891,-67.3805465698242
9000000.00017891,-67.0519790649414
9000000.00017892,-66.740364074707
9000000.00017892,-66.4520950317383
9000000.00017893,-66.1935806274414
9000000.00017893,-65.9507369995117
9000000.00017894,-65.706916809082
9000000.00017894,-65.4646301269531
9000000.00017895,-65.2264175415039
9000000.00017895,-64.9947967529297
9000000.00017896,-64.7723007202148
9000000.00017896,-64.5614471435547
9000000.00017897,-64.3647766113281
9000000.00017897,-64.1847991943359
9000000.00017898,-64.0240478515625
9000000.00017898,-63.8850555419922
9000000.00017899,-63.7703399658203
9000000.00017899,-63.682430267334
9000000.000179,-63.6196823120117
9000000.000179,-63.5706596374512
9000000.00017901,-63.5359878540039
9000000.00017901,-63.5173225402832
9000000.00017902,-63.5163192749023
9000000.00017902,-63.5346260070801
9000000.00017903,-63.573902130127
9000000.00017903,-63.635799407959
9000000.00017904,-63.7219734191895
9000000.00017904,-63.8340721130371
9000000.00017905,-63.9737586975098
9000000.00017905,-64.1426773071289
9000000.00017906,-64.3424911499023
9000000.00017906,-64.5749053955078
9000000.00017907,-64.8412322998047
9000000.00017907,-65.1400146484375
9000000.00017908,-65.4692535400391
9000000.00017908,-65.8269958496094
9000000.00017909,-66.2112426757813
9000000.00017909,-66.6200408935547
9000000.0001791,-67.0513916015625
9000000.0001791,-67.5033416748047
9000000.00017911,-67.9738998413086
9000000.00017911,-68.4610977172852
9000000.00017912,-68.9629592895508
9000000.00017912,-69.4775009155273
9000000.00017913,-70.0027618408203
9000000.00017913,-70.5856246948242
9000000.00017914,-71.2599868774414
9000000.00017914,-72.0043640136719
9000000.00017915,-72.7972946166992
9000000.00017915,-73.6172790527344
9000000.00017916,-74.4428482055664
9000000.00017916,-75.2525177001953
9000000.00017917,-76.0248184204102
9000000.00017917,-76.7382583618164
9000000.00017918,-77.3713684082031
9000000.00017918,-77.9026641845703
9000000.00017919,-78.310676574707
9000000.00017919,-78.5739059448242
9000000.0001792,-78.6763229370117
9000000.0001792,-78.6323394775391
9000000.00017921,-78.4605331420898
9000000.00017921,-78.1788635253906
9000000.00017922,-77.8052825927734
9000000.00017922,-77.3577423095703
9000000.00017923,-76.8542022705078
9000000.00017923,-76.312614440918
9000000.00017924,-75.7509307861328
9000000.00017924,-75.1871032714844
9000000.00017925,-74.6390838623047
9000000.00017925,-74.1248321533203
9000000.00017926,-73.6623077392578
9000000.00017926,-73.2642669677734
9000000.00017927,-72.8768310546875
9000000.00017927,-72.483039855957
9000000.00017928,-72.0855255126953
9000000.00017928,-71.6869430541992
9000000.00017929,-71.289909362793
9000000.00017929,-70.8970642089844
9000000.0001793,-70.5110473632813
9000000.0001793,-70.1344909667969
9000000.00017931,-69.7700347900391
9000000.00017931,-69.4203033447266
9000000.00017932,-69.0879364013672
9000000.00017932,-68.7755737304688
9000000.00017933,-68.4858474731445
9000000.00017933,-68.2132110595703
9000000.00017934,-67.9509811401367
9000000.00017934,-67.7000579833984
9000000.00017935,-67.4613800048828
9000000.00017935,-67.2358474731445
9000000.00017936,-67.0243835449219
9000000.00017936,-66.8279113769531
9000000.00017937,-66.6473388671875
9000000.00017937,-66.4835891723633
9000000.00017938,-66.3375701904297
9000000.00017938,-66.2102127075195
9000000.00017939,-66.102424621582
9000000.00017939,-66.0151290893555
9000000.0001794,-65.9479904174805
9000000.0001794,-65.8976058959961
9000000.00017941,-65.8639831542969
9000000.00017941,-65.8474426269531
9000000.00017942,-65.8482894897461
9000000.00017942,-65.8668441772461
9000000.00017943,-65.9034194946289
9000000.00017943,-65.9583282470703
9000000.00017944,-66.0318756103516
9000000.00017944,-66.1243896484375
9000000.00017945,-66.2361755371094
9000000.00017945,-66.367546081543
9000000.00017946,-66.5188140869141
9000000.00017946,-66.6911010742188
9000000.00017947,-66.8940505981445
9000000.00017947,-67.1274948120117
9000000.00017948,-67.3877487182617
9000000.00017948,-67.6711273193359
9000000.00017949,-67.9739379882813
9000000.00017949,-68.2925109863281
9000000.0001795,-68.6231460571289
9000000.0001795,-68.962158203125
9000000.00017951,-69.3058700561523
9000000.00017951,-69.6505813598633
9000000.00017952,-69.9926223754883
9000000.00017952,-70.3282928466797
9000000.00017953,-70.6539154052734
9000000.00017953,-70.9934921264648
9000000.00017954,-71.3673629760742
9000000.00017954,-71.7663497924805
9000000.00017955,-72.1812515258789
9000000.00017955,-72.6028823852539
9000000.00017956,-73.0220489501953
9000000.00017956,-73.429573059082
9000000.00017957,-73.8162612915039
9000000.00017957,-74.1729202270508
9000000.00017958,-74.490364074707
9000000.00017958,-74.759407043457
9000000.00017959,-74.9708557128906
9000000.00017959,-75.1155242919922
9000000.0001796,-75.1883773803711
9000000.0001796,-75.2006683349609
9000000.00017961,-75.1588821411133
9000000.00017961,-75.0687255859375
9000000.00017962,-74.9359283447266
9000000.00017962,-74.7662124633789
9000000.00017963,-74.5652923583984
9000000.00017963,-74.3388824462891
9000000.00017964,-74.0927124023438
9000000.00017964,-73.8324966430664
9000000.00017965,-73.5639572143555
9000000.00017965,-73.2928085327148
9000000.00017966,-73.024772644043
9000000.00017966,-72.7627334594727
9000000.00017967,-72.4755783081055
9000000.00017967,-72.1577224731445
9000000.00017968,-71.8149261474609
9000000.00017968,-71.4529495239258
9000000.00017969,-71.0775604248047
9000000.00017969,-70.6945190429688
9000000.0001797,-70.3095855712891
9000000.0001797,-69.9285278320313
9000000.00017971,-69.5571060180664
9000000.00017971,-69.2010803222656
9000000.00017972,-68.8662109375
9000000.00017972,-68.5582656860352
9000000.00017973,-68.2830047607422
9000000.00017973,-68.0295639038086
9000000.00017974,-67.7841720581055
9000000.00017974,-67.548210144043
9000000.00017975,-67.3230743408203
9000000.00017975,-67.1101531982422
9000000.00017976,-66.9108428955078
9000000.00017976,-66.7265319824219
9000000.00017977,-66.5586166381836
9000000.00017977,-66.4084854125977
9000000.00017978,-66.2775268554688
9000000.00017978,-66.1671371459961
9000000.00017979,-66.0787048339844
9000000.00017979,-66.0136184692383
9000000.0001798,-65.9741821289063
9000000.0001798,-65.9628982543945
9000000.00017981,-65.9775695800781
9000000.00017981,-66.0157089233398
9000000.00017982,-66.0748062133789
9000000.00017982,-66.1523666381836
9000000.00017983,-66.2459030151367
9000000.00017983,-66.3529052734375
9000000.00017984,-66.4708786010742
9000000.00017984,-66.5973358154297
9000000.00017985,-66.7297668457031
9000000.00017985,-66.8656768798828
9000000.00017986,-67.002571105957
9000000.00017986,-67.1393966674805
9000000.00017987,-67.2921676635742
9000000.00017987,-67.4633560180664
9000000.00017988,-67.6495895385742
9000000.00017988,-67.8474884033203
9000000.00017989,-68.0536880493164
9000000.00017989,-68.2648086547852
9000000.0001799,-68.4774780273438
9000000.0001799,-68.6883163452148
9000000.00017991,-68.8939666748047
9000000.00017991,-69.0910339355469
9000000.00017992,-69.2761611938477
9000000.00017992,-69.4459609985352
9000000.00017993,-69.5970764160156
9000000.00017993,-69.7349395751953
9000000.00017994,-69.8670120239258
9000000.00017994,-69.9929122924805
9000000.00017995,-70.1122817993164
9000000.00017995,-70.224739074707
9000000.00017996,-70.3299179077148
9000000.00017996,-70.4274520874023
9000000.00017997,-70.5169525146484
9000000.00017997,-70.5980682373047
9000000.00017998,-70.6704177856445
9000000.00017998,-70.7336349487305
9000000.00017999,-70.7873458862305
9000000.00017999,-70.8311767578125
9000000.00018,-70.8641357421875
9000000.00018,-70.8844833374023
9000000.00018001,-70.8931274414063
9000000.00018001,-70.8911285400391
9000000.00018002,-70.8795776367188
9000000.00018002,-70.8595352172852
9000000.00018003,-70.8320922851563
9000000.00018003,-70.7983093261719
9000000.00018004,-70.75927734375
9000000.00018004,-70.716064453125
9000000.00018005,-70.6697540283203
9000000.00018005,-70.6214141845703
9000000.00018006,-70.5721206665039
9000000.00018006,-70.5224304199219
9000000.00018007,-70.4666519165039
9000000.00018007,-70.4037170410156
9000000.00018008,-70.3346710205078
9000000.00018008,-70.2605438232422
9000000.00018009,-70.1823577880859
9000000.00018009,-70.1011505126953
9000000.0001801,-70.017951965332
9000000.0001801,-69.9337844848633
9000000.00018011,-69.8496932983398
9000000.00018011,-69.7666931152344
9000000.00018012,-69.6858291625977
9000000.00018012,-69.6081237792969
9000000.00018013,-69.5346069335938
9000000.00018013,-69.4606323242188
9000000.00018014,-69.3819122314453
9000000.00018014,-69.3000030517578
9000000.00018015,-69.2164840698242
9000000.00018015,-69.1329040527344
9000000.00018016,-69.0508346557617
9000000.00018016,-68.9718399047852
9000000.00018017,-68.8974838256836
9000000.00018017,-68.8293304443359
9000000.00018018,-68.7689514160156
9000000.00018018,-68.7178955078125
9000000.00018019,-68.6777420043945
9000000.00018019,-68.6500549316406
9000000.0001802,-68.6309432983398
9000000.0001802,-68.6054382324219
9000000.00018021,-68.5762023925781
9000000.00018021,-68.5473251342773
9000000.00018022,-68.5228729248047
9000000.00018022,-68.5069122314453
9000000.00018023,-68.503532409668
9000000.00018023,-68.5167999267578
9000000.00018024,-68.5507965087891
9000000.00018024,-68.6095886230469
9000000.00018025,-68.6972579956055
9000000.00018025,-68.8178787231445
9000000.00018026,-68.9755172729492
9000000.00018026,-69.1745529174805
9000000.00018027,-69.4199752807617
9000000.00018027,-69.7081756591797
9000000.00018028,-70.0336608886719
9000000.00018028,-70.3909454345703
9000000.00018029,-70.7745513916016
9000000.00018029,-71.1789779663086
9000000.0001803,-71.598747253418
9000000.0001803,-72.0283813476563
9000000.00018031,-72.4623794555664
9000000.00018031,-72.895263671875
9000000.00018032,-73.3215484619141
9000000.00018032,-73.7357482910156
9000000.00018033,-74.1323699951172
9000000.00018033,-74.5426483154297
9000000.00018034,-74.9938125610352
9000000.00018034,-75.4743804931641
9000000.00018035,-75.9728622436523
9000000.00018035,-76.4777755737305
9000000.00018036,-76.9776229858398
9000000.00018036,-77.4609298706055
9000000.00018037,-77.9162063598633
9000000.00018037,-78.3319625854492
9000000.00018038,-78.6967163085938
9000000.00018038,-78.9989852905273
9000000.00018039,-79.2272644042969
9000000.00018039,-79.3700866699219
9000000.0001804,-79.4190216064453
9000000.0001804,-79.3822402954102
9000000.00018041,-79.26953125
9000000.00018041,-79.0903396606445
9000000.00018042,-78.8540802001953
9000000.00018042,-78.570198059082
9000000.00018043,-78.2481002807617
9000000.00018043,-77.8972320556641
9000000.00018044,-77.5270156860352
9000000.00018044,-77.1468734741211
9000000.00018045,-76.766242980957
9000000.00018045,-76.3945465087891
9000000.00018046,-76.0412139892578
9000000.00018046,-75.7121505737305
9000000.00018047,-75.3696212768555
9000000.00018047,-75.0046005249023
9000000.00018048,-74.6218032836914
9000000.00018048,-74.2259521484375
9000000.00018049,-73.8217391967773
9000000.00018049,-73.4139022827148
9000000.0001805,-73.0071334838867
9000000.0001805,-72.6061553955078
9000000.00018051,-72.2156829833984
9000000.00018051,-71.8404235839844
9000000.00018052,-71.4850997924805
9000000.00018052,-71.154411315918
9000000.00018053,-70.8530807495117
9000000.00018053,-70.5714797973633
9000000.00018054,-70.2978439331055
9000000.00018054,-70.0336685180664
9000000.00018055,-69.7804489135742
9000000.00018055,-69.5396881103516
9000000.00018056,-69.3128814697266
9000000.00018056,-69.1015243530273
9000000.00018057,-68.907112121582
9000000.00018057,-68.7311553955078
9000000.00018058,-68.5751342773438
9000000.00018058,-68.4405517578125
9000000.00018059,-68.3289184570313
9000000.00018059,-68.2417144775391
9000000.0001806,-68.1753005981445
9000000.0001806,-68.1155319213867
9000000.00018061,-68.0649108886719
9000000.00018061,-68.0272598266602
9000000.00018062,-68.0064086914063
9000000.00018062,-68.0061874389648
9000000.00018063,-68.0304183959961
9000000.00018063,-68.0829315185547
9000000.00018064,-68.1675643920898
9000000.00018064,-68.2881240844727
9000000.00018065,-68.4484558105469
9000000.00018065,-68.6523818969727
9000000.00018066,-68.9037246704102
9000000.00018066,-69.2094573974609
9000000.00018067,-69.6080017089844
9000000.00018067,-70.0964126586914
9000000.00018068,-70.6576156616211
9000000.00018068,-71.2745666503906
9000000.00018069,-71.9301986694336
9000000.00018069,-72.6074600219727
9000000.0001807,-73.2892837524414
9000000.0001807,-73.9586181640625
9000000.00018071,-74.5984039306641
9000000.00018071,-75.1915893554688
9000000.00018072,-75.7211074829102
9000000.00018072,-76.1698989868164
9000000.00018073,-76.5209121704102
9000000.00018073,-76.7968902587891
9000000.00018074,-77.0322647094727
9000000.00018074,-77.2274856567383
9000000.00018075,-77.3830184936523
9000000.00018075,-77.4993286132813
9000000.00018076,-77.5768585205078
9000000.00018076,-77.6160888671875
9000000.00018077,-77.6174621582031
9000000.00018077,-77.5814437866211
9000000.00018078,-77.5084915161133
9000000.00018078,-77.3990707397461
9000000.00018079,-77.2536392211914
9000000.00018079,-77.0726470947266
9000000.0001808,-76.8466567993164
9000000.0001808,-76.5483703613281
9000000.00018081,-76.1851654052734
9000000.00018081,-75.7671127319336
9000000.00018082,-75.3042602539063
9000000.00018082,-74.8066635131836
9000000.00018083,-74.2843627929688
9000000.00018083,-73.7474136352539
9000000.00018084,-73.2058792114258
9000000.00018084,-72.6697998046875
9000000.00018085,-72.1492385864258
9000000.00018085,-71.6542358398438
9000000.00018086,-71.1948547363281
9000000.00018086,-70.7781524658203
9000000.00018087,-70.3729400634766
9000000.00018087,-69.9697189331055
9000000.00018088,-69.5703277587891
9000000.00018088,-69.1765975952148
9000000.00018089,-68.7903518676758
9000000.00018089,-68.4134292602539
9000000.0001809,-68.0476608276367
9000000.0001809,-67.6948776245117
9000000.00018091,-67.3569107055664
9000000.00018091,-67.0356063842773
9000000.00018092,-66.732780456543
9000000.00018092,-66.4502716064453
9000000.00018093,-66.1899108886719
9000000.00018093,-65.9474716186523
9000000.00018094,-65.7180557250977
9000000.00018094,-65.5024795532227
9000000.00018095,-65.3015594482422
9000000.00018095,-65.1161117553711
9000000.00018096,-64.9469604492188
9000000.00018096,-64.7949142456055
9000000.00018097,-64.6607971191406
9000000.00018097,-64.5454177856445
9000000.00018098,-64.4496078491211
9000000.00018098,-64.3741760253906
9000000.00018099,-64.319938659668
9000000.00018099,-64.2877197265625
9000000.000181,-64.2780609130859
9000000.000181,-64.2902526855469
9000000.00018101,-64.3236312866211
9000000.00018101,-64.377571105957
9000000.00018102,-64.4514694213867
9000000.00018102,-64.5447006225586
9000000.00018103,-64.6566467285156
9000000.00018103,-64.7866897583008
9000000.00018104,-64.9342193603516
9000000.00018104,-65.0986099243164
9000000.00018105,-65.2792434692383
9000000.00018105,-65.4755096435547
9000000.00018106,-65.6867828369141
9000000.00018106,-65.913948059082
9000000.00018107,-66.1743850708008
9000000.00018107,-66.468879699707
9000000.00018108,-66.791862487793
9000000.00018108,-67.1377563476563
9000000.00018109,-67.5009994506836
9000000.00018109,-67.8760147094727
9000000.0001811,-68.2572326660156
9000000.0001811,-68.6390914916992
9000000.00018111,-69.0160064697266
9000000.00018111,-69.3824157714844
9000000.00018112,-69.7327423095703
9000000.00018112,-70.0614166259766
9000000.00018113,-70.3628768920898
9000000.00018113,-70.6559295654297
9000000.00018114,-70.9595031738281
9000000.00018114,-71.2682113647461
9000000.00018115,-71.5766754150391
9000000.00018115,-71.8794937133789
9000000.00018116,-72.1712875366211
9000000.00018116,-72.4466781616211
9000000.00018117,-72.7002563476563
9000000.00018117,-72.9266510009766
9000000.00018118,-73.120475769043
9000000.00018118,-73.2763290405273
9000000.00018119,-73.3888397216797
9000000.00018119,-73.4526138305664
9000000.0001812,-73.4636840820313
9000000.0001812,-73.4258804321289
9000000.00018121,-73.3437957763672
9000000.00018121,-73.2218627929688
9000000.00018122,-73.0645141601563
9000000.00018122,-72.8761672973633
9000000.00018123,-72.6612548828125
9000000.00018123,-72.4242095947266
9000000.00018124,-72.1694564819336
9000000.00018124,-71.9014205932617
9000000.00018125,-71.6245422363281
9000000.00018125,-71.3432388305664
9000000.00018126,-71.0619430541992
9000000.00018126,-70.782585144043
9000000.00018127,-70.4775848388672
9000000.00018127,-70.142578125
9000000.00018128,-69.7832565307617
9000000.00018128,-69.4053039550781
9000000.00018129,-69.0144348144531
9000000.00018129,-68.616325378418
9000000.0001813,-68.216682434082
9000000.0001813,-67.8211898803711
9000000.00018131,-67.4355545043945
9000000.00018131,-67.0654602050781
9000000.00018132,-66.7166061401367
9000000.00018132,-66.3946838378906
9000000.00018133,-66.1053924560547
9000000.00018133,-65.8373947143555
9000000.00018134,-65.5766906738281
9000000.00018134,-65.3249282836914
9000000.00018135,-65.0837860107422
9000000.00018135,-64.8549118041992
9000000.00018136,-64.6399765014648
9000000.00018136,-64.4406433105469
9000000.00018137,-64.2585754394531
9000000.00018137,-64.0954284667969
9000000.00018138,-63.9528770446777
9000000.00018138,-63.832576751709
9000000.00018139,-63.7361946105957
9000000.00018139,-63.6653938293457
9000000.0001814,-63.6190223693848
9000000.0001814,-63.5893821716309
9000000.00018141,-63.5769386291504
9000000.00018141,-63.5828437805176
9000000.00018142,-63.6082534790039
9000000.00018142,-63.6543273925781
9000000.00018143,-63.7222213745117
9000000.00018143,-63.8130874633789
9000000.00018144,-63.9280853271484
9000000.00018144,-64.0683746337891
9000000.00018145,-64.2350997924805
9000000.00018145,-64.4294281005859
9000000.00018146,-64.6525115966797
9000000.00018146,-64.9054336547852
9000000.00018147,-65.187744140625
9000000.00018147,-65.4983901977539
9000000.00018148,-65.8364868164063
9000000.00018148,-66.2011184692383
9000000.00018149,-66.5913925170898
9000000.00018149,-67.0064163208008
9000000.0001815,-67.4452896118164
9000000.0001815,-67.9071044921875
9000000.00018151,-68.3909759521484
9000000.00018151,-68.89599609375
9000000.00018152,-69.4212646484375
9000000.00018152,-69.9658889770508
9000000.00018153,-70.5289764404297
9000000.00018153,-71.1622543334961
9000000.00018154,-71.9017105102539
9000000.00018154,-72.7227630615234
9000000.00018155,-73.6008453369141
9000000.00018155,-74.5114059448242
9000000.00018156,-75.4298629760742
9000000.00018156,-76.331657409668
9000000.00018157,-77.1922225952148
9000000.00018157,-77.9869918823242
9000000.00018158,-78.6913986206055
9000000.00018158,-79.2808837890625
9000000.00018159,-79.7308654785156
9000000.00018159,-80.0167846679688
9000000.0001816,-80.1192321777344
9000000.0001816,-80.0517883300781
9000000.00018161,-79.836540222168
9000000.00018161,-79.4951477050781
9000000.00018162,-79.0492858886719
9000000.00018162,-78.5205917358398
9000000.00018163,-77.9307479858398
9000000.00018163,-77.3014068603516
9000000.00018164,-76.6542205810547
9000000.00018164,-76.0108642578125
9000000.00018165,-75.3929824829102
9000000.00018165,-74.8222503662109
9000000.00018166,-74.3203201293945
9000000.00018166,-73.903076171875
9000000.00018167,-73.5110626220703
9000000.00018167,-73.1239013671875
9000000.00018168,-72.742805480957
9000000.00018168,-72.3689956665039
9000000.00018169,-72.0036849975586
9000000.00018169,-71.6480941772461
9000000.0001817,-71.3034362792969
9000000.0001817,-70.9709243774414
9000000.00018171,-70.6517715454102
9000000.00018171,-70.3472061157227
9000000.00018172,-70.0584335327148
9000000.00018172,-69.7866668701172
9000000.00018173,-69.5331344604492
9000000.00018173,-69.2967376708984
9000000.00018174,-69.0754013061523
9000000.00018174,-68.8688125610352
9000000.00018175,-68.6766967773438
9000000.00018175,-68.4987411499023
9000000.00018176,-68.3346710205078
9000000.00018176,-68.1841735839844
9000000.00018177,-68.0469665527344
9000000.00018177,-67.9227600097656
9000000.00018178,-67.8112487792969
9000000.00018178,-67.7121429443359
9000000.00018179,-67.6251525878906
9000000.00018179,-67.5499725341797
9000000.0001818,-67.4853439331055
9000000.0001818,-67.4285354614258
9000000.00018181,-67.3806533813477
9000000.00018181,-67.3430633544922
9000000.00018182,-67.317138671875
9000000.00018182,-67.3042526245117
9000000.00018183,-67.3057708740234
9000000.00018183,-67.3230743408203
9000000.00018184,-67.357536315918
9000000.00018184,-67.410514831543
9000000.00018185,-67.4833984375
9000000.00018185,-67.5775451660156
9000000.00018186,-67.6943359375
9000000.00018186,-67.8357543945313
9000000.00018187,-68.0095138549805
9000000.00018187,-68.214469909668
9000000.00018188,-68.4466552734375
9000000.00018188,-68.7020797729492
9000000.00018189,-68.9767913818359
9000000.00018189,-69.2667846679688
9000000.0001819,-69.5681076049805
9000000.0001819,-69.8767700195313
9000000.00018191,-70.1887969970703
9000000.00018191,-70.5002212524414
9000000.00018192,-70.8070526123047
9000000.00018192,-71.1053237915039
9000000.00018193,-71.3910522460938
9000000.00018193,-71.6878433227539
9000000.00018194,-72.0160751342773
9000000.00018194,-72.3669586181641
9000000.00018195,-72.7317047119141
9000000.00018195,-73.1015090942383
9000000.00018196,-73.4675903320313
9000000.00018196,-73.8211517333984
9000000.00018197,-74.1533966064453
9000000.00018197,-74.4555435180664
9000000.00018198,-74.7187805175781
9000000.00018198,-74.9343338012695
9000000.00018199,-75.0934066772461
9000000.00018199,-75.1871948242188
9000000.000182,-75.2101516723633
9000000.000182,-75.1709518432617
9000000.00018201,-75.0763931274414
9000000.00018201,-74.9327697753906
9000000.00018202,-74.746337890625
9000000.00018202,-74.5233764648438
9000000.00018203,-74.2701644897461
9000000.00018203,-73.9929809570313
9000000.00018204,-73.6980895996094
9000000.00018204,-73.3917694091797
9000000.00018205,-73.0802993774414
9000000.00018205,-72.7699508666992
9000000.00018206,-72.4670028686523
9000000.00018206,-72.1749114990234
9000000.00018207,-71.8629989624023
9000000.00018207,-71.5252075195313
9000000.00018208,-71.166618347168
9000000.00018208,-70.7923355102539
9000000.00018209,-70.4074478149414
9000000.00018209,-70.0170669555664
9000000.0001821,-69.6262741088867
9000000.0001821,-69.2401657104492
9000000.00018211,-68.8638458251953
9000000.00018211,-68.5024108886719
9000000.00018212,-68.1609573364258
9000000.00018212,-67.8445739746094
9000000.00018213,-67.5583572387695
9000000.00018213,-67.2913513183594
9000000.00018214,-67.0304489135742
9000000.00018214,-66.7775421142578
9000000.00018215,-66.5345230102539
9000000.00018215,-66.3032760620117
9000000.00018216,-66.085693359375
9000000.00018216,-65.883674621582
9000000.00018217,-65.699104309082
9000000.00018217,-65.5338745117188
9000000.00018218,-65.3898773193359
9000000.00018218,-65.2690048217773
9000000.00018219,-65.1731414794922
9000000.00018219,-65.1041870117188
9000000.0001822,-65.0615997314453
9000000.0001822,-65.0387496948242
9000000.00018221,-65.0355606079102
9000000.00018221,-65.0525131225586
9000000.00018222,-65.0900955200195
9000000.00018222,-65.1488189697266
9000000.00018223,-65.2291641235352
9000000.00018223,-65.3316268920898
9000000.00018224,-65.4566955566406
9000000.00018224,-65.604866027832
9000000.00018225,-65.7766418457031
9000000.00018225,-65.9724960327148
9000000.00018226,-66.1929397583008
9000000.00018226,-66.4412460327148
9000000.00018227,-66.7505111694336
9000000.00018227,-67.1207122802734
9000000.00018228,-67.5397262573242
9000000.00018228,-67.9954299926758
9000000.00018229,-68.4756927490234
9000000.00018229,-68.9683837890625
9000000.0001823,-69.4613876342773
9000000.0001823,-69.9425659179688
9000000.00018231,-70.3998031616211
9000000.00018231,-70.8209686279297
9000000.00018232,-71.1939315795898
9000000.00018232,-71.5065765380859
9000000.00018233,-71.7467651367188
9000000.00018233,-71.9276275634766
9000000.00018234,-72.0715866088867
9000000.00018234,-72.1804428100586
9000000.00018235,-72.2560043334961
9000000.00018235,-72.3000793457031
9000000.00018236,-72.3144836425781
9000000.00018236,-72.3010101318359
9000000.00018237,-72.261474609375
9000000.00018237,-72.1976776123047
9000000.00018238,-72.1114349365234
9000000.00018238,-72.0045471191406
9000000.00018239,-71.8788299560547
9000000.00018239,-71.736083984375
9000000.0001824,-71.5706329345703
9000000.0001824,-71.3619003295898
9000000.00018241,-71.1139144897461
9000000.00018241,-70.832649230957
9000000.00018242,-70.5240859985352
9000000.00018242,-70.194206237793
9000000.00018243,-69.8489761352539
9000000.00018243,-69.4943771362305
9000000.00018244,-69.1363906860352
9000000.00018244,-68.7809906005859
9000000.00018245,-68.4341506958008
9000000.00018245,-68.1018524169922
9000000.00018246,-67.7900772094727
9000000.00018246,-67.502799987793
9000000.00018247,-67.2189102172852
9000000.00018247,-66.9327239990234
9000000.00018248,-66.6462326049805
9000000.00018248,-66.3614349365234
9000000.00018249,-66.0803298950195
9000000.00018249,-65.8049240112305
9000000.0001825,-65.5371932983398
9000000.0001825,-65.2791519165039
9000000.00018251,-65.0327987670898
9000000.00018251,-64.8001174926758
9000000.00018252,-64.5831069946289
9000000.00018252,-64.3837738037109
9000000.00018253,-64.2041091918945
9000000.00018253,-64.0393218994141
9000000.00018254,-63.8839416503906
9000000.00018254,-63.7389526367188
9000000.00018255,-63.6053314208984
9000000.00018255,-63.4840660095215
9000000.00018256,-63.3761405944824
9000000.00018256,-63.282527923584
9000000.00018257,-63.2042198181152
9000000.00018257,-63.1421928405762
9000000.00018258,-63.0974349975586
9000000.00018258,-63.0709190368652
9000000.00018259,-63.0636367797852
9000000.00018259,-63.0765647888184
9000000.0001826,-63.1094245910645
9000000.0001826,-63.1587448120117
9000000.00018261,-63.2244911193848
9000000.00018261,-63.3069267272949
9000000.00018262,-63.4063148498535
9000000.00018262,-63.5229148864746
9000000.00018263,-63.6569938659668
9000000.00018263,-63.8088150024414
9000000.00018264,-63.9786415100098
9000000.00018264,-64.1667327880859
9000000.00018265,-64.3733596801758
9000000.00018265,-64.5987777709961
9000000.00018266,-64.8432464599609
9000000.00018266,-65.1082153320313
9000000.00018267,-65.4075698852539
9000000.00018267,-65.7412567138672
9000000.00018268,-66.104133605957
9000000.00018268,-66.4910507202148
9000000.00018269,-66.8968658447266
9000000.00018269,-67.3164291381836
9000000.0001827,-67.7446060180664
9000000.0001827,-68.1762466430664
9000000.00018271,-68.6062088012695
9000000.00018271,-69.0293350219727
9000000.00018272,-69.4404983520508
9000000.00018272,-69.8345489501953
9000000.00018273,-70.2063369750977
9000000.00018273,-70.5748901367188
9000000.00018274,-70.9588088989258
9000000.00018274,-71.3523178100586
9000000.00018275,-71.749626159668
9000000.00018275,-72.1449737548828
9000000.00018276,-72.5325698852539
9000000.00018276,-72.9066314697266
9000000.00018277,-73.2613906860352
9000000.00018277,-73.591064453125
9000000.00018278,-73.8898696899414
9000000.00018278,-74.1520233154297
9000000.00018279,-74.3717651367188
9000000.00018279,-74.5432968139648
9000000.0001828,-74.6630935668945
9000000.0001828,-74.7372055053711
9000000.00018281,-74.7700042724609
9000000.00018281,-74.7654800415039
9000000.00018282,-74.7276306152344
9000000.00018282,-74.6604385375977
9000000.00018283,-74.5679092407227
9000000.00018283,-74.4540252685547
9000000.00018284,-74.3227767944336
9000000.00018284,-74.1781692504883
9000000.00018285,-74.0241775512695
9000000.00018285,-73.8648071289063
9000000.00018286,-73.7040481567383
9000000.00018286,-73.5440216064453
9000000.00018287,-73.3644485473633
9000000.00018287,-73.1614303588867
9000000.00018288,-72.9384994506836
9000000.00018288,-72.6991729736328
9000000.00018289,-72.4469757080078
9000000.00018289,-72.1854248046875
9000000.0001829,-71.9180526733398
9000000.0001829,-71.6483688354492
9000000.00018291,-71.3798980712891
9000000.00018291,-71.1161651611328
9000000.00018292,-70.8606948852539
9000000.00018292,-70.6169967651367
9000000.00018293,-70.3886032104492
9000000.00018293,-70.1677322387695
9000000.00018294,-69.9452056884766
9000000.00018294,-69.7224273681641
9000000.00018295,-69.5007934570313
9000000.00018295,-69.2817077636719
9000000.00018296,-69.0665664672852
9000000.00018296,-68.8567810058594
9000000.00018297,-68.6537475585938
9000000.00018297,-68.458869934082
9000000.00018298,-68.273551940918
9000000.00018298,-68.0991897583008
9000000.00018299,-67.9371871948242
9000000.00018299,-67.7889404296875
9000000.000183,-67.6520309448242
9000000.000183,-67.5159301757813
9000000.00018301,-67.3821792602539
9000000.00018301,-67.2533264160156
9000000.00018302,-67.1319122314453
9000000.00018302,-67.0204544067383
9000000.00018303,-66.9214935302734
9000000.00018303,-66.8375625610352
9000000.00018304,-66.7712097167969
9000000.00018304,-66.7249526977539
9000000.00018305,-66.7013397216797
9000000.00018305,-66.7028884887695
9000000.00018306,-66.7321548461914
9000000.00018306,-66.7887878417969
9000000.00018307,-66.8400421142578
9000000.00018307,-66.8831939697266
9000000.00018308,-66.927490234375
9000000.00018308,-66.9821853637695
9000000.00018309,-67.056510925293
9000000.00018309,-67.1597213745117
9000000.0001831,-67.3010711669922
9000000.0001831,-67.4897918701172
9000000.00018311,-67.7351455688477
9000000.00018311,-68.0463638305664
9000000.00018312,-68.4327011108398
9000000.00018312,-68.9034118652344
9000000.00018313,-69.4677276611328
9000000.00018313,-70.2031631469727
9000000.00018314,-71.1517639160156
9000000.00018314,-72.2695770263672
9000000.00018315,-73.5126419067383
9000000.00018315,-74.8370056152344
9000000.00018316,-76.1987075805664
9000000.00018316,-77.5538024902344
9000000.00018317,-78.8583297729492
9000000.00018317,-80.0683288574219
9000000.00018318,-81.1398468017578
9000000.00018318,-82.028938293457
9000000.00018319,-82.6916351318359
9000000.00018319,-83.083984375
9000000.0001832,-83.1750259399414
9000000.0001832,-82.9994201660156
9000000.00018321,-82.5937118530273
9000000.00018321,-81.9926452636719
9000000.00018322,-81.23095703125
9000000.00018322,-80.343391418457
9000000.00018323,-79.3647003173828
9000000.00018323,-78.3296203613281
9000000.00018324,-77.2729034423828
9000000.00018324,-76.2292861938477
9000000.00018325,-75.233512878418
9000000.00018325,-74.3203353881836
9000000.00018326,-73.5244827270508
9000000.00018326,-72.8719253540039
9000000.00018327,-72.272834777832
9000000.00018327,-71.6946182250977
9000000.00018328,-71.1372451782227
9000000.00018328,-70.6007232666016
9000000.00018329,-70.0850219726563
9000000.00018329,-69.5901260375977
9000000.0001833,-69.1160278320313
9000000.0001833,-68.662712097168
9000000.00018331,-68.2301559448242
9000000.00018331,-67.818359375
9000000.00018332,-67.4272918701172
9000000.00018332,-67.0569458007813
9000000.00018333,-66.7073059082031
9000000.00018333,-66.3789672851563
9000000.00018334,-66.0723648071289
9000000.00018334,-65.7872009277344
9000000.00018335,-65.5232009887695
9000000.00018335,-65.2800903320313
9000000.00018336,-65.0575714111328
9000000.00018336,-64.8553771972656
9000000.00018337,-64.6732177734375
9000000.00018337,-64.5108108520508
9000000.00018338,-64.3678817749023
9000000.00018338,-64.244140625
9000000.00018339,-64.1393051147461
9000000.00018339,-64.0531005859375
9000000.0001834,-63.985710144043
9000000.0001834,-63.9384078979492
9000000.00018341,-63.9111213684082
9000000.00018341,-63.9036712646484
9000000.00018342,-63.9158668518066
9000000.00018342,-63.9475288391113
9000000.00018343,-63.9984664916992
9000000.00018343,-64.0684967041016
9000000.00018344,-64.1574325561523
9000000.00018344,-64.2650985717773
9000000.00018345,-64.3912963867188
9000000.00018345,-64.5358505249023
9000000.00018346,-64.6985626220703
9000000.00018346,-64.880256652832
9000000.00018347,-65.0924682617188
9000000.00018347,-65.3355178833008
9000000.00018348,-65.6055068969727
9000000.00018348,-65.8985214233398
9000000.00018349,-66.2106475830078
9000000.00018349,-66.5379791259766
9000000.0001835,-66.8766098022461
9000000.0001835,-67.2226333618164
9000000.00018351,-67.5721435546875
9000000.00018351,-67.9212188720703
9000000.00018352,-68.2659606933594
9000000.00018352,-68.6024627685547
9000000.00018353,-68.9268112182617
9000000.00018353,-69.2605285644531
9000000.00018354,-69.6225204467773
9000000.00018354,-70.0049667358398
9000000.00018355,-70.400032043457
9000000.00018355,-70.7998809814453
9000000.00018356,-71.1966934204102
9000000.00018356,-71.5826416015625
9000000.00018357,-71.9498901367188
9000000.00018357,-72.2906112670898
9000000.00018358,-72.5969772338867
9000000.00018358,-72.8611602783203
9000000.00018359,-73.075325012207
9000000.00018359,-73.2316513061523
9000000.0001836,-73.3264236450195
9000000.0001836,-73.3708114624023
9000000.00018361,-73.3698883056641
9000000.00018361,-73.3278961181641
9000000.00018362,-73.2491073608398
9000000.00018362,-73.1377792358398
9000000.00018363,-72.998176574707
9000000.00018363,-72.8345489501953
9000000.00018364,-72.6511688232422
9000000.00018364,-72.4522857666016
9000000.00018365,-72.2421722412109
9000000.00018365,-72.0250701904297
9000000.00018366,-71.8052597045898
9000000.00018366,-71.584602355957
9000000.00018367,-71.3367233276367
9000000.00018367,-71.0574340820313
9000000.00018368,-70.7521438598633
9000000.00018368,-70.4262771606445
9000000.00018369,-70.0852584838867
9000000.00018369,-69.7345123291016
9000000.0001837,-69.3794479370117
9000000.0001837,-69.0254898071289
9000000.00018371,-68.6780700683594
9000000.00018371,-68.3425903320313
9000000.00018372,-68.0244903564453
9000000.00018372,-67.7291793823242
9000000.00018373,-67.4620819091797
9000000.00018373,-67.2118453979492
9000000.00018374,-66.9647369384766
9000000.00018374,-66.7226181030273
9000000.00018375,-66.4873580932617
9000000.00018375,-66.2608108520508
9000000.00018376,-66.0448379516602
9000000.00018376,-65.8413009643555
9000000.00018377,-65.6520614624023
9000000.00018377,-65.4789810180664
9000000.00018378,-65.3239212036133
9000000.00018378,-65.1887359619141
9000000.00018379,-65.0753021240234
9000000.00018379,-64.9854736328125
9000000.0001838,-64.9195175170898
9000000.0001838,-64.8731079101563
9000000.00018381,-64.8455276489258
9000000.00018381,-64.8364105224609
9000000.00018382,-64.8453826904297
9000000.00018382,-64.8720932006836
9000000.00018383,-64.9161682128906
9000000.00018383,-64.9772491455078
9000000.00018384,-65.0549697875977
9000000.00018384,-65.1489639282227
9000000.00018385,-65.2588653564453
9000000.00018385,-65.3843154907227
9000000.00018386,-65.5249404907227
9000000.00018386,-65.6814804077148
9000000.00018387,-65.8666305541992
9000000.00018387,-66.0808944702148
9000000.00018388,-66.3201217651367
9000000.00018388,-66.5801620483398
9000000.00018389,-66.8568496704102
9000000.00018389,-67.1460418701172
9000000.0001839,-67.4435806274414
9000000.0001839,-67.7453155517578
9000000.00018391,-68.0470886230469
9000000.00018391,-68.3447494506836
9000000.00018392,-68.6341552734375
9000000.00018392,-68.9111328125
9000000.00018393,-69.1715469360352
9000000.00018393,-69.4269409179688
9000000.00018394,-69.6897811889648
9000000.00018394,-69.9572296142578
9000000.00018395,-70.2264862060547
9000000.00018395,-70.4947357177734
9000000.00018396,-70.759147644043
9000000.00018396,-71.0169143676758
9000000.00018397,-71.2652130126953
9000000.00018397,-71.5012359619141
9000000.00018398,-71.72216796875
9000000.00018398,-71.925178527832
9000000.00018399,-72.1074676513672
9000000.00018399,-72.2662048339844
9000000.000184,-72.400390625
9000000.000184,-72.5149230957031
9000000.00018401,-72.6113815307617
9000000.00018401,-72.6909332275391
9000000.00018402,-72.7547836303711
9000000.00018402,-72.8041152954102
9000000.00018403,-72.8401184082031
9000000.00018403,-72.8639755249023
9000000.00018404,-72.8768768310547
9000000.00018404,-72.880012512207
9000000.00018405,-72.8745651245117
9000000.00018405,-72.8617248535156
9000000.00018406,-72.8426742553711
9000000.00018406,-72.8180923461914
9000000.00018407,-72.7822265625
9000000.00018407,-72.7339477539063
9000000.00018408,-72.674186706543
9000000.00018408,-72.603874206543
9000000.00018409,-72.5239562988281
9000000.00018409,-72.4353637695313
9000000.0001841,-72.3390426635742
9000000.0001841,-72.2359237670898
9000000.00018411,-72.126953125
9000000.00018411,-72.013053894043
9000000.00018412,-71.8951797485352
9000000.00018412,-71.7742538452148
9000000.00018413,-71.6512222290039
9000000.00018413,-71.5198593139648
9000000.00018414,-71.3749084472656
9000000.00018414,-71.2187652587891
9000000.00018415,-71.053825378418
9000000.00018415,-70.8824844360352
9000000.00018416,-70.7071304321289
9000000.00018416,-70.5301742553711
9000000.00018417,-70.3539962768555
9000000.00018417,-70.1810073852539
9000000.00018418,-70.0135803222656
9000000.00018418,-69.8541259765625
9000000.00018419,-69.7050399780273
9000000.00018419,-69.5687103271484
9000000.0001842,-69.4413986206055
9000000.0001842,-69.3062210083008
9000000.00018421,-69.16552734375
9000000.00018421,-69.0232009887695
9000000.00018422,-68.8831558227539
9000000.00018422,-68.7492828369141
9000000.00018423,-68.62548828125
9000000.00018423,-68.5156631469727
9000000.00018424,-68.423713684082
9000000.00018424,-68.3535308837891
9000000.00018425,-68.3090209960938
9000000.00018425,-68.294075012207
9000000.00018426,-68.3126068115234
9000000.00018426,-68.3657836914063
9000000.00018427,-68.4231338500977
9000000.00018427,-68.4807357788086
9000000.00018428,-68.5457763671875
9000000.00018428,-68.6254653930664
9000000.00018429,-68.7269821166992
9000000.00018429,-68.8575439453125
9000000.0001843,-69.0243377685547
9000000.0001843,-69.2345504760742
9000000.00018431,-69.4953994750977
9000000.00018431,-69.8140563964844
9000000.00018432,-70.1977386474609
9000000.00018432,-70.6536407470703
9000000.00018433,-71.1889495849609
9000000.00018433,-71.8772430419922
9000000.00018434,-72.7601928710938
9000000.00018434,-73.7971572875977
9000000.00018435,-74.9474639892578
9000000.00018435,-76.1704635620117
9000000.00018436,-77.4254989624023
9000000.00018436,-78.6719131469727
9000000.00018437,-79.8690490722656
9000000.00018437,-80.9762573242188
9000000.00018438,-81.952880859375
9000000.00018438,-82.7582550048828
9000000.00018439,-83.3517227172852
9000000.00018439,-83.6926422119141
9000000.0001844,-83.7517700195313
9000000.0001844,-83.5595550537109
9000000.00018441,-83.1502685546875
9000000.00018441,-82.5566635131836
9000000.00018442,-81.8115005493164
9000000.00018442,-80.9475479125977
9000000.00018443,-79.9975738525391
9000000.00018443,-78.9943313598633
9000000.00018444,-77.970588684082
9000000.00018444,-76.9591064453125
9000000.00018445,-75.9926452636719
9000000.00018445,-75.1039733886719
9000000.00018446,-74.3258438110352
9000000.00018446,-73.6825866699219
9000000.00018447,-73.0875549316406
9000000.00018447,-72.5100021362305
9000000.00018448,-71.9505844116211
9000000.00018448,-71.4099731445313
9000000.00018449,-70.8888244628906
9000000.00018449,-70.3878173828125
9000000.0001845,-69.907600402832
9000000.0001845,-69.448844909668
9000000.00018451,-69.0122222900391
9000000.00018451,-68.598388671875
9000000.00018452,-68.2080154418945
9000000.00018452,-67.8417663574219
9000000.00018453,-67.5002975463867
9000000.00018453,-67.1836471557617
9000000.00018454,-66.8910827636719
9000000.00018454,-66.6221466064453
9000000.00018455,-66.3763732910156
9000000.00018455,-66.1532974243164
9000000.00018456,-65.9524688720703
9000000.00018456,-65.7734146118164
9000000.00018457,-65.6156845092773
9000000.00018457,-65.4788055419922
9000000.00018458,-65.3623275756836
9000000.00018458,-65.2657775878906
9000000.00018459,-65.1887054443359
9000000.00018459,-65.1306381225586
9000000.0001846,-65.0933837890625
9000000.0001846,-65.0831298828125
9000000.00018461,-65.0985717773438
9000000.00018461,-65.1378326416016
9000000.00018462,-65.1990127563477
9000000.00018462,-65.2802124023438
9000000.00018463,-65.3795471191406
9000000.00018463,-65.4951324462891
9000000.00018464,-65.6250610351563
9000000.00018464,-65.767448425293
9000000.00018465,-65.9204025268555
9000000.00018465,-66.08203125
9000000.00018466,-66.2504501342773
9000000.00018466,-66.4252700805664
9000000.00018467,-66.6236267089844
9000000.00018467,-66.8474502563477
9000000.00018468,-67.0924301147461
9000000.00018468,-67.3542404174805
9000000.00018469,-67.6285705566406
9000000.00018469,-67.9110946655273
9000000.0001847,-68.197509765625
9000000.0001847,-68.4834899902344
9000000.00018471,-68.7647247314453
9000000.00018471,-69.0368881225586
9000000.00018472,-69.2956695556641
9000000.00018472,-69.5367584228516
9000000.00018473,-69.7558212280273
9000000.00018473,-69.9652252197266
9000000.00018474,-70.1781311035156
9000000.00018474,-70.3914489746094
9000000.00018475,-70.6020889282227
9000000.00018475,-70.8069534301758
9000000.00018476,-71.0029525756836
9000000.00018476,-71.1869964599609
9000000.00018477,-71.3559799194336
9000000.00018477,-71.5068283081055
9000000.00018478,-71.6364364624023
9000000.00018478,-71.7417144775391
9000000.00018479,-71.8195724487305
9000000.00018479,-71.8669128417969
9000000.0001848,-71.8805847167969
9000000.0001848,-71.8603591918945
9000000.00018481,-71.8095703125
9000000.00018481,-71.7317047119141
9000000.00018482,-71.630241394043
9000000.00018482,-71.508659362793
9000000.00018483,-71.3704299926758
9000000.00018483,-71.2190399169922
9000000.00018484,-71.057975769043
9000000.00018484,-70.8907089233398
9000000.00018485,-70.7207183837891
9000000.00018485,-70.5514831542969
9000000.00018486,-70.3864898681641
9000000.00018486,-70.2274703979492
9000000.00018487,-70.0552825927734
9000000.00018487,-69.8665390014648
9000000.00018488,-69.6648025512695
9000000.00018488,-69.4536666870117
9000000.00018489,-69.236701965332
9000000.00018489,-69.0174942016602
9000000.0001849,-68.7996139526367
9000000.0001849,-68.5866546630859
9000000.00018491,-68.3821792602539
9000000.00018491,-68.1897735595703
9000000.00018492,-68.0130233764648
9000000.00018492,-67.8554992675781
9000000.00018493,-67.7207794189453
9000000.00018493,-67.6044616699219
9000000.00018494,-67.4995574951172
9000000.00018494,-67.4057922363281
9000000.00018495,-67.3229064941406
9000000.00018495,-67.2506103515625
9000000.00018496,-67.1886520385742
9000000.00018496,-67.1367492675781
9000000.00018497,-67.0946350097656
9000000.00018497,-67.0620269775391
9000000.00018498,-67.0386657714844
9000000.00018498,-67.0242767333984
9000000.00018499,-67.0185852050781
9000000.00018499,-67.0213241577148
9000000.000185,-67.0319137573242
9000000.000185,-67.0494995117188
9000000.00018501,-67.0746154785156
9000000.00018501,-67.1079025268555
9000000.00018502,-67.1499633789063
9000000.00018502,-67.2014465332031
9000000.00018503,-67.2629623413086
9000000.00018503,-67.3351440429688
9000000.00018504,-67.4186096191406
9000000.00018504,-67.5139999389648
9000000.00018505,-67.6219253540039
9000000.00018505,-67.7430191040039
9000000.00018506,-67.8779067993164
9000000.00018506,-68.0281448364258
9000000.00018507,-68.2049713134766
9000000.00018507,-68.4079666137695
9000000.00018508,-68.6325836181641
9000000.00018508,-68.8742980957031
9000000.00018509,-69.1285705566406
9000000.00018509,-69.390869140625
9000000.0001851,-69.6566543579102
9000000.0001851,-69.9213943481445
9000000.00018511,-70.1805419921875
9000000.00018511,-70.4295806884766
9000000.00018512,-70.6639633178711
9000000.00018512,-70.879150390625
9000000.00018513,-71.0706253051758
9000000.00018513,-71.2529830932617
9000000.00018514,-71.4411773681641
9000000.00018514,-71.6311569213867
9000000.00018515,-71.8188781738281
9000000.00018515,-72.0002975463867
9000000.00018516,-72.1713638305664
9000000.00018516,-72.3280410766602
9000000.00018517,-72.4662628173828
9000000.00018517,-72.5820083618164
9000000.00018518,-72.6712112426758
9000000.00018518,-72.7298355102539
9000000.00018519,-72.7538299560547
9000000.00018519,-72.7391510009766
9000000.0001852,-72.6812744140625
9000000.0001852,-72.5787811279297
9000000.00018521,-72.4363708496094
9000000.00018521,-72.2590179443359
9000000.00018522,-72.0517044067383
9000000.00018522,-71.8194046020508
9000000.00018523,-71.5671157836914
9000000.00018523,-71.2998123168945
9000000.00018524,-71.0224685668945
9000000.00018524,-70.7400665283203
9000000.00018525,-70.4575958251953
9000000.00018525,-70.1800308227539
9000000.00018526,-69.912353515625
9000000.00018526,-69.6573944091797
9000000.00018527,-69.3917846679688
9000000.00018527,-69.1107177734375
9000000.00018528,-68.8178939819336
9000000.00018528,-68.5170059204102
9000000.00018529,-68.2117614746094
9000000.00018529,-67.9058532714844
9000000.0001853,-67.6029891967773
9000000.0001853,-67.3068695068359
9000000.00018531,-67.0211868286133
9000000.00018531,-66.7496490478516
9000000.00018532,-66.4959564208984
9000000.00018532,-66.263801574707
9000000.00018533,-66.056884765625
9000000.00018533,-65.8662338256836
9000000.00018534,-65.6816329956055
9000000.00018534,-65.5049667358398
9000000.00018535,-65.3380966186523
9000000.00018535,-65.1828918457031
9000000.00018536,-65.0412216186523
9000000.00018536,-64.9149551391602
9000000.00018537,-64.8059616088867
9000000.00018537,-64.7161178588867
9000000.00018538,-64.6472854614258
9000000.00018538,-64.6013412475586
9000000.00018539,-64.5801467895508
9000000.00018539,-64.585578918457
9000000.0001854,-64.6174621582031
9000000.0001854,-64.6702194213867
9000000.00018541,-64.7434921264648
9000000.00018541,-64.8373794555664
9000000.00018542,-64.9519958496094
9000000.00018542,-65.0874328613281
9000000.00018543,-65.2438125610352
9000000.00018543,-65.4212417602539
9000000.00018544,-65.6198120117188
9000000.00018544,-65.8396453857422
9000000.00018545,-66.0808410644531
9000000.00018545,-66.3435134887695
9000000.00018546,-66.6277618408203
9000000.00018546,-66.9363708496094
9000000.00018547,-67.3008270263672
9000000.00018547,-67.7214584350586
9000000.00018548,-68.1870346069336
9000000.00018548,-68.6863555908203
9000000.00018549,-69.2082061767578
9000000.00018549,-69.7413711547852
9000000.0001855,-70.2746353149414
9000000.0001855,-70.7967834472656
9000000.00018551,-71.2966156005859
9000000.00018551,-71.7629089355469
9000000.00018552,-72.1844482421875
9000000.00018552,-72.5500335693359
9000000.00018553,-72.8484344482422
9000000.00018553,-73.0929794311523
9000000.00018554,-73.3052062988281
9000000.00018554,-73.4862060546875
9000000.00018555,-73.6370620727539
9000000.00018555,-73.7588806152344
9000000.00018556,-73.8527603149414
9000000.00018556,-73.9197845458984
9000000.00018557,-73.961051940918
9000000.00018557,-73.9776611328125
9000000.00018558,-73.9706954956055
9000000.00018558,-73.9412689208984
9000000.00018559,-73.8904571533203
9000000.00018559,-73.8193740844727
9000000.0001856,-73.7248229980469
9000000.0001856,-73.5950698852539
9000000.00018561,-73.4323348999023
9000000.00018561,-73.2399749755859
9000000.00018562,-73.0213317871094
9000000.00018562,-72.7797317504883
9000000.00018563,-72.5185394287109
9000000.00018563,-72.241081237793
9000000.00018564,-71.9507141113281
9000000.00018564,-71.6507720947266
9000000.00018565,-71.344596862793
9000000.00018565,-71.035530090332
9000000.00018566,-70.7269287109375
9000000.00018566,-70.4200973510742
9000000.00018567,-70.0925216674805
9000000.00018567,-69.7408905029297
9000000.00018568,-69.3700866699219
9000000.00018568,-68.9850158691406
9000000.00018569,-68.590576171875
9000000.00018569,-68.191650390625
9000000.0001857,-67.7931518554688
9000000.0001857,-67.3999557495117
9000000.00018571,-67.0169677734375
9000000.00018571,-66.6490859985352
9000000.00018572,-66.3012008666992
9000000.00018572,-65.9782104492188
9000000.00018573,-65.6850051879883
9000000.00018573,-65.4116439819336
9000000.00018574,-65.1459274291992
9000000.00018574,-64.8893890380859
9000000.00018575,-64.6435699462891
9000000.00018575,-64.4099884033203
9000000.00018576,-64.1901931762695
9000000.00018576,-63.9857025146484
9000000.00018577,-63.7980613708496
9000000.00018577,-63.6287956237793
9000000.00018578,-63.4794387817383
9000000.00018578,-63.3515281677246
9000000.00018579,-63.2465896606445
9000000.00018579,-63.1661643981934
9000000.0001858,-63.1092796325684
9000000.0001858,-63.0690879821777
9000000.00018581,-63.0459442138672
9000000.00018581,-63.0408172607422
9000000.00018582,-63.0546760559082
9000000.00018582,-63.0884895324707
9000000.00018583,-63.1432304382324
9000000.00018583,-63.2198600769043
9000000.00018584,-63.3193588256836
9000000.00018584,-63.442684173584
9000000.00018585,-63.5908126831055
9000000.00018585,-63.7647132873535
9000000.00018586,-63.9653549194336
9000000.00018586,-64.1936569213867
9000000.00018587,-64.4494094848633
9000000.00018587,-64.7317504882813
9000000.00018588,-65.0398559570313
9000000.00018588,-65.3729095458984
9000000.00018589,-65.7301025390625
9000000.00018589,-66.1106185913086
9000000.0001859,-66.5136489868164
9000000.0001859,-66.9383697509766
9000000.00018591,-67.3839797973633
9000000.00018591,-67.8496551513672
9000000.00018592,-68.334587097168
9000000.00018592,-68.8379592895508
9000000.00018593,-69.3589553833008
9000000.00018593,-69.9426727294922
9000000.00018594,-70.620475769043
9000000.00018594,-71.3709945678711
9000000.00018595,-72.1728363037109
9000000.00018595,-73.0046081542969
9000000.00018596,-73.8449325561523
9000000.00018596,-74.6724166870117
9000000.00018597,-75.4656753540039
9000000.00018597,-76.2033309936523
9000000.00018598,-76.8639907836914
9000000.00018598,-77.4262619018555
9000000.00018599,-77.8687744140625
9000000.00018599,-78.1701278686523
9000000.000186,-78.314567565918
9000000.000186,-78.3170623779297
9000000.00018601,-78.1959228515625
9000000.00018601,-77.9688034057617
9000000.00018602,-77.6533508300781
9000000.00018602,-77.2671890258789
9000000.00018603,-76.8279800415039
9000000.00018603,-76.3533477783203
9000000.00018604,-75.8609466552734
9000000.00018604,-75.3684158325195
9000000.00018605,-74.8934020996094
9000000.00018605,-74.4535446166992
9000000.00018606,-74.0664749145508
9000000.00018606,-73.7450256347656
9000000.00018607,-73.4393463134766
9000000.00018607,-73.1328277587891
9000000.00018608,-72.8269577026367
9000000.00018608,-72.5232238769531
9000000.00018609,-72.2231216430664
9000000.00018609,-71.9281234741211
9000000.0001861,-71.6397323608398
9000000.0001861,-71.3594360351563
9000000.00018611,-71.0887145996094
9000000.00018611,-70.8290557861328
9000000.00018612,-70.5819549560547
9000000.00018612,-70.3488998413086
9000000.00018613,-70.1313705444336
9000000.00018613,-69.9278564453125
9000000.00018614,-69.7356491088867
9000000.00018614,-69.5544967651367
9000000.00018615,-69.3841323852539
9000000.00018615,-69.2242889404297
9000000.00018616,-69.07470703125
9000000.00018616,-68.9351196289063
9000000.00018617,-68.8052597045898
9000000.00018617,-68.6848678588867
9000000.00018618,-68.5736770629883
9000000.00018618,-68.4714202880859
9000000.00018619,-68.3778381347656
9000000.00018619,-68.2926712036133
9000000.0001862,-68.2149353027344
9000000.0001862,-68.1426544189453
9000000.00018621,-68.0766830444336
9000000.00018621,-68.0180740356445
9000000.00018622,-67.9678802490234
9000000.00018622,-67.9271469116211
9000000.00018623,-67.8969345092773
9000000.00018623,-67.878288269043
9000000.00018624,-67.8722686767578
9000000.00018624,-67.8799209594727
9000000.00018625,-67.9022903442383
9000000.00018625,-67.9404449462891
9000000.00018626,-67.9954223632813
9000000.00018626,-68.066276550293
9000000.00018627,-68.1296920776367
9000000.00018627,-68.1844253540039
9000000.00018628,-68.2377319335938
9000000.00018628,-68.2968826293945
9000000.00018629,-68.3691329956055
9000000.00018629,-68.4617385864258
9000000.0001863,-68.5819702148438
9000000.0001863,-68.7370910644531
9000000.00018631,-68.9343566894531
9000000.00018631,-69.1810302734375
9000000.00018632,-69.484375
9000000.00018632,-69.8516464233398
9000000.00018633,-70.2901229858398
9000000.00018633,-70.8553009033203
9000000.00018634,-71.5765838623047
9000000.00018634,-72.4220733642578
9000000.00018635,-73.3598327636719
9000000.00018635,-74.3579635620117
9000000.00018636,-75.3845367431641
9000000.00018636,-76.4076538085938
9000000.00018637,-77.395393371582
9000000.00018637,-78.3158340454102
9000000.00018638,-79.1370697021484
9000000.00018638,-79.8271865844727
9000000.00018639,-80.3542633056641
9000000.00018639,-80.686393737793
9000000.0001864,-80.804573059082
9000000.0001864,-80.7435913085938
9000000.00018641,-80.5272064208984
9000000.00018641,-80.1769256591797
9000000.00018642,-79.7142486572266
9000000.00018642,-79.1606903076172
9000000.00018643,-78.5377578735352
9000000.00018643,-77.8669662475586
9000000.00018644,-77.1698226928711
9000000.00018644,-76.4678268432617
9000000.00018645,-75.7824935913086
9000000.00018645,-75.1353378295898
9000000.00018646,-74.5478591918945
9000000.00018646,-74.0350189208984
9000000.00018647,-73.5281448364258
9000000.00018647,-73.0068817138672
9000000.00018648,-72.4758453369141
9000000.00018648,-71.9396209716797
9000000.00018649,-71.4028244018555
9000000.00018649,-70.8700485229492
9000000.0001865,-70.3459091186523
9000000.0001865,-69.8349914550781
9000000.00018651,-69.3419036865234
9000000.00018651,-68.8712539672852
9000000.00018652,-68.4276428222656
9000000.00018652,-68.0156707763672
9000000.00018653,-67.6399383544922
9000000.00018653,-67.2937545776367
9000000.00018654,-66.9674453735352
9000000.00018654,-66.6611633300781
9000000.00018655,-66.3750610351563
9000000.00018655,-66.1092834472656
9000000.00018656,-65.8639755249023
9000000.00018656,-65.6392822265625
9000000.00018657,-65.4353561401367
9000000.00018657,-65.2523498535156
9000000.00018658,-65.0904006958008
9000000.00018658,-64.9496688842773
9000000.00018659,-64.8302917480469
9000000.00018659,-64.732421875
9000000.0001866,-64.655517578125
9000000.0001866,-64.5976867675781
9000000.00018661,-64.559326171875
9000000.00018661,-64.5409927368164
9000000.00018662,-64.5432739257813
9000000.00018662,-64.5667190551758
9000000.00018663,-64.6119079589844
9000000.00018663,-64.6794052124023
9000000.00018664,-64.7697906494141
9000000.00018664,-64.8836212158203
9000000.00018665,-65.0214691162109
9000000.00018665,-65.1839065551758
9000000.00018666,-65.3715057373047
9000000.00018666,-65.5833282470703
9000000.00018667,-65.8019866943359
9000000.00018667,-66.026725769043
9000000.00018668,-66.2631759643555
9000000.00018668,-66.5169525146484
9000000.00018669,-66.7936782836914
9000000.00018669,-67.0989837646484
9000000.0001867,-67.4384765625
9000000.0001867,-67.8177947998047
9000000.00018671,-68.2425537109375
9000000.00018671,-68.7183685302734
9000000.00018672,-69.250862121582
9000000.00018672,-69.8456649780273
9000000.00018673,-70.5083923339844
9000000.00018673,-71.3125610351563
9000000.00018674,-72.3015594482422
9000000.00018674,-73.4358215332031
9000000.00018675,-74.6757965087891
9000000.00018675,-75.9819107055664
9000000.00018676,-77.3146133422852
9000000.00018676,-78.6343383789063
9000000.00018677,-79.9015197753906
9000000.00018677,-81.0765991210938
9000000.00018678,-82.1200256347656
9000000.00018678,-82.9922256469727
9000000.00018679,-83.6536407470703
9000000.00018679,-84.0647125244141
9000000.0001868,-84.1947860717773
9000000.0001868,-84.0674285888672
9000000.00018681,-83.7177276611328
9000000.00018681,-83.1799087524414
9000000.00018682,-82.4882049560547
9000000.00018682,-81.6768493652344
9000000.00018683,-80.7800521850586
9000000.00018683,-79.8320541381836
9000000.00018684,-78.8670806884766
9000000.00018684,-77.9193572998047
9000000.00018685,-77.0231170654297
9000000.00018685,-76.2125778198242
9000000.00018686,-75.5219802856445
9000000.00018686,-74.9772796630859
9000000.00018687,-74.4947052001953
9000000.00018687,-74.0421905517578
9000000.00018688,-73.6180725097656
9000000.00018688,-73.2206726074219
9000000.00018689,-72.8483123779297
9000000.00018689,-72.4993286132813
9000000.0001869,-72.1720352172852
9000000.0001869,-71.8647689819336
9000000.00018691,-71.5758438110352
9000000.00018691,-71.3035888671875
9000000.00018692,-71.0463409423828
9000000.00018692,-70.8024063110352
9000000.00018693,-70.5701293945313
9000000.00018693,-70.3592147827148
9000000.00018694,-70.1781005859375
9000000.00018694,-70.023193359375
9000000.00018695,-69.8908920288086
9000000.00018695,-69.7776031494141
9000000.00018696,-69.6797332763672
9000000.00018696,-69.5936889648438
9000000.00018697,-69.5158767700195
9000000.00018697,-69.4426956176758
9000000.00018698,-69.3705596923828
9000000.00018698,-69.2958602905273
9000000.00018699,-69.2150192260742
9000000.00018699,-69.1244201660156
9000000.000187,-69.0217361450195
9000000.000187,-68.9103012084961
9000000.00018701,-68.7929611206055
9000000.00018701,-68.6723556518555
9000000.00018702,-68.5511322021484
9000000.00018702,-68.4319381713867
9000000.00018703,-68.3174133300781
9000000.00018703,-68.210205078125
9000000.00018704,-68.1129531860352
9000000.00018704,-68.0283050537109
9000000.00018705,-67.9589080810547
9000000.00018705,-67.9074020385742
9000000.00018706,-67.8764343261719
9000000.00018706,-67.8668594360352
9000000.00018707,-67.8586502075195
9000000.00018707,-67.8491516113281
9000000.00018708,-67.8430252075195
9000000.00018708,-67.8449249267578
9000000.00018709,-67.859489440918
9000000.00018709,-67.8913879394531
9000000.0001871,-67.9452667236328
9000000.0001871,-68.0257797241211
9000000.00018711,-68.137580871582
9000000.00018711,-68.2853240966797
9000000.00018712,-68.4736709594727
9000000.00018712,-68.7072601318359
9000000.00018713,-68.9907531738281
9000000.00018713,-69.3606414794922
9000000.00018714,-69.8363800048828
9000000.00018714,-70.3970718383789
9000000.00018715,-71.0218276977539
9000000.00018715,-71.6897430419922
9000000.00018716,-72.3799209594727
9000000.00018716,-73.0714721679688
9000000.00018717,-73.7434921264648
9000000.00018717,-74.3750839233398
9000000.00018718,-74.9453582763672
9000000.00018718,-75.4334106445313
9000000.00018719,-75.8183441162109
9000000.00018719,-76.0792617797852
9000000.0001872,-76.207389831543
9000000.0001872,-76.2355804443359
9000000.00018721,-76.1764755249023
9000000.00018721,-76.0402679443359
9000000.00018722,-75.8371276855469
9000000.00018722,-75.5772552490234
9000000.00018723,-75.2708282470703
9000000.00018723,-74.9280395507813
9000000.00018724,-74.5590744018555
9000000.00018724,-74.1741104125977
9000000.00018725,-73.7833404541016
9000000.00018725,-73.3969573974609
9000000.00018726,-73.0251312255859
9000000.00018726,-72.6737823486328
9000000.00018727,-72.2965240478516
9000000.00018727,-71.8835372924805
9000000.00018728,-71.44189453125
9000000.00018728,-70.9786605834961
9000000.00018729,-70.5009155273438
9000000.00018729,-70.0157318115234
9000000.0001873,-69.5301666259766
9000000.0001873,-69.0513076782227
9000000.00018731,-68.5862121582031
9000000.00018731,-68.141960144043
9000000.00018732,-67.7256164550781
9000000.00018732,-67.3442611694336
9000000.00018733,-67.0049514770508
9000000.00018733,-66.6957015991211
9000000.00018734,-66.4004898071289
9000000.00018734,-66.1203918457031
9000000.00018735,-65.8564529418945
9000000.00018735,-65.609748840332
9000000.00018736,-65.3813247680664
9000000.00018736,-65.172248840332
9000000.00018737,-64.9835815429688
9000000.00018737,-64.8163833618164
9000000.00018738,-64.6717147827148
9000000.00018738,-64.5506286621094
9000000.00018739,-64.4542007446289
9000000.00018739,-64.3834762573242
9000000.0001874,-64.3380661010742
9000000.0001874,-64.3139953613281
9000000.00018741,-64.311279296875
9000000.00018741,-64.3303070068359
9000000.00018742,-64.371452331543
9000000.00018742,-64.4350891113281
9000000.00018743,-64.521598815918
9000000.00018743,-64.6313629150391
9000000.00018744,-64.7647476196289
9000000.00018744,-64.9221420288086
9000000.00018745,-65.1039199829102
9000000.00018745,-65.3104553222656
9000000.00018746,-65.5421295166016
9000000.00018746,-65.8012466430664
9000000.00018747,-66.1107025146484
9000000.00018747,-66.4704437255859
9000000.00018748,-66.8720550537109
9000000.00018748,-67.3071136474609
9000000.00018749,-67.7671966552734
9000000.00018749,-68.2438812255859
9000000.0001875,-68.7287445068359
9000000.0001875,-69.2133712768555
9000000.00018751,-69.6893310546875
9000000.00018751,-70.1482162475586
9000000.00018752,-70.5815887451172
9000000.00018752,-70.9810409545898
9000000.00018753,-71.3381423950195
9000000.00018753,-71.6767654418945
9000000.00018754,-72.0224685668945
9000000.00018754,-72.3693161010742
9000000.00018755,-72.7113800048828
9000000.00018755,-73.0427398681641
9000000.00018756,-73.3574676513672
9000000.00018756,-73.6496353149414
9000000.00018757,-73.9133224487305
9000000.00018757,-74.1425933837891
9000000.00018758,-74.3315277099609
9000000.00018758,-74.4742050170898
9000000.00018759,-74.5646896362305
9000000.00018759,-74.597053527832
9000000.0001876,-74.5634078979492
9000000.0001876,-74.4581451416016
9000000.00018761,-74.2891464233398
9000000.00018761,-74.0650863647461
9000000.00018762,-73.7946166992188
9000000.00018762,-73.4863891601563
9000000.00018763,-73.1490707397461
9000000.00018763,-72.7913055419922
9000000.00018764,-72.4217529296875
9000000.00018764,-72.0490798950195
9000000.00018765,-71.6819381713867
9000000.00018765,-71.3289794921875
9000000.00018766,-70.9988632202148
9000000.00018766,-70.6974182128906
9000000.00018767,-70.3946838378906
9000000.00018767,-70.0824432373047
9000000.00018768,-69.7633666992188
9000000.00018768,-69.4401168823242
9000000.00018769,-69.115364074707
9000000.00018769,-68.7917861938477
9000000.0001877,-68.4720458984375
9000000.0001877,-68.158821105957
9000000.00018771,-67.8547668457031
9000000.00018771,-67.5625610351563
9000000.00018772,-67.2848815917969
9000000.00018772,-67.0243759155273
9000000.00018773,-66.7837371826172
9000000.00018773,-66.5566253662109
9000000.00018774,-66.3357772827148
9000000.00018774,-66.1224746704102
9000000.00018775,-65.9179992675781
9000000.00018775,-65.7236099243164
9000000.00018776,-65.5405960083008
9000000.00018776,-65.3702239990234
9000000.00018777,-65.2137680053711
9000000.00018777,-65.0725173950195
9000000.00018778,-64.9477310180664
9000000.00018778,-64.8406982421875
9000000.00018779,-64.7526779174805
9000000.00018779,-64.6849594116211
9000000.0001878,-64.6375503540039
9000000.0001878,-64.6069869995117
9000000.00018781,-64.5929183959961
9000000.00018781,-64.5952911376953
9000000.00018782,-64.6140365600586
9000000.00018782,-64.6491012573242
9000000.00018783,-64.7004241943359
9000000.00018783,-64.767936706543
9000000.00018784,-64.8515853881836
9000000.00018784,-64.9513092041016
9000000.00018785,-65.0670394897461
9000000.00018785,-65.19873046875
9000000.00018786,-65.3463134765625
9000000.00018786,-65.5110702514648
9000000.00018787,-65.7088165283203
9000000.00018787,-65.939811706543
9000000.00018788,-66.1985244750977
9000000.00018788,-66.4794387817383
9000000.00018789,-66.7770309448242
9000000.00018789,-67.0857696533203
9000000.0001879,-67.4001312255859
9000000.0001879,-67.714599609375
9000000.00018791,-68.0236434936523
9000000.00018791,-68.3217391967773
9000000.00018792,-68.6033706665039
9000000.00018792,-68.8629989624023
9000000.00018793,-69.0951156616211
9000000.00018793,-69.3134765625
9000000.00018794,-69.533561706543
9000000.00018794,-69.7524032592773
9000000.00018795,-69.9670333862305
9000000.00018795,-70.1744995117188
9000000.00018796,-70.3718185424805
9000000.00018796,-70.556037902832
9000000.00018797,-70.7241821289063
9000000.00018797,-70.8732986450195
9000000.00018798,-71.0004119873047
9000000.00018798,-71.1025619506836
9000000.00018799,-71.1767807006836
9000000.00018799,-71.220100402832
9000000.000188,-71.2300415039063
9000000.000188,-71.2078475952148
9000000.00018801,-71.1562957763672
9000000.00018801,-71.0781631469727
9000000.00018802,-70.976203918457
9000000.00018802,-70.8531875610352
9000000.00018803,-70.7118835449219
9000000.00018803,-70.5550537109375
9000000.00018804,-70.3854675292969
9000000.00018804,-70.2058944702148
9000000.00018805,-70.0190887451172
9000000.00018805,-69.8278350830078
9000000.00018806,-69.6348876953125
9000000.00018806,-69.441291809082
9000000.00018807,-69.2279510498047
9000000.00018807,-68.9920959472656
9000000.00018808,-68.7379608154297
9000000.00018808,-68.4697647094727
9000000.00018809,-68.1917190551758
9000000.00018809,-67.9080505371094
9000000.0001881,-67.6229705810547
9000000.0001881,-67.3407135009766
9000000.00018811,-67.0654907226563
9000000.00018811,-66.8015213012695
9000000.00018812,-66.5530319213867
9000000.00018812,-66.3242340087891
9000000.00018813,-66.1193542480469
9000000.00018813,-65.9286804199219
9000000.00018814,-65.7409210205078
9000000.00018814,-65.5579681396484
9000000.00018815,-65.3816833496094
9000000.00018815,-65.2139511108398
9000000.00018816,-65.056640625
9000000.00018816,-64.91162109375
9000000.00018817,-64.7807693481445
9000000.00018817,-64.6659698486328
9000000.00018818,-64.5690841674805
9000000.00018818,-64.4919891357422
9000000.00018819,-64.4365615844727
9000000.00018819,-64.4046783447266
9000000.0001882,-64.3965148925781
9000000.0001882,-64.4074554443359
9000000.00018821,-64.4368591308594
9000000.00018821,-64.4844360351563
9000000.00018822,-64.5499420166016
9000000.00018822,-64.6330947875977
9000000.00018823,-64.7336349487305
9000000.00018823,-64.8512802124023
9000000.00018824,-64.9857788085938
9000000.00018824,-65.1368560791016
9000000.00018825,-65.3042449951172
9000000.00018825,-65.487678527832
9000000.00018826,-65.686882019043
9000000.00018826,-65.9029159545898
9000000.00018827,-66.1512145996094
9000000.00018827,-66.4322204589844
9000000.00018828,-66.7407302856445
9000000.00018828,-67.0715408325195
9000000.00018829,-67.4194488525391
9000000.00018829,-67.7792510986328
9000000.0001883,-68.145751953125
9000000.0001883,-68.5137329101563
9000000.00018831,-68.8779983520508
9000000.00018831,-69.2333450317383
9000000.00018832,-69.5745697021484
9000000.00018832,-69.8964691162109
9000000.00018833,-70.1938400268555
9000000.00018833,-70.486946105957
9000000.00018834,-70.795280456543
9000000.00018834,-71.1125030517578
9000000.00018835,-71.4322814941406
9000000.00018835,-71.7482681274414
9000000.00018836,-72.0541305541992
9000000.00018836,-72.3435211181641
9000000.00018837,-72.6100997924805
9000000.00018837,-72.8475341796875
9000000.00018838,-73.0494842529297
9000000.00018838,-73.209602355957
9000000.00018839,-73.3215560913086
9000000.00018839,-73.3789978027344
9000000.0001884,-73.3762588500977
9000000.0001884,-73.3150177001953
9000000.00018841,-73.2015075683594
9000000.00018841,-73.0420227050781
9000000.00018842,-72.8428497314453
9000000.00018842,-72.6102905273438
9000000.00018843,-72.3506546020508
9000000.00018843,-72.0702133178711
9000000.00018844,-71.7752838134766
9000000.00018844,-71.4721527099609
9000000.00018845,-71.167121887207
9000000.00018845,-70.8664779663086
9000000.00018846,-70.576530456543
9000000.00018846,-70.3008499145508
9000000.00018847,-70.0099792480469
9000000.00018847,-69.6978302001953
9000000.00018848,-69.3690643310547
9000000.00018848,-69.0283279418945
9000000.00018849,-68.6802825927734
9000000.00018849,-68.3295593261719
9000000.0001885,-67.980827331543
9000000.0001885,-67.6387329101563
9000000.00018851,-67.3079299926758
9000000.00018851,-66.9930648803711
9000000.00018852,-66.6987991333008
9000000.00018852,-66.4297714233398
9000000.00018853,-66.1906433105469
9000000.00018853,-65.9724426269531
9000000.00018854,-65.763916015625
9000000.00018854,-65.5662841796875
9000000.00018855,-65.3807601928711
9000000.00018855,-65.2085723876953
9000000.00018856,-65.0509338378906
9000000.00018856,-64.909065246582
9000000.00018857,-64.7841873168945
9000000.00018857,-64.6775207519531
9000000.00018858,-64.5902786254883
9000000.00018858,-64.5236892700195
9000000.00018859,-64.4789657592773
9000000.00018859,-64.4573287963867
9000000.0001886,-64.4595413208008
9000000.0001886,-64.484375
9000000.00018861,-64.530891418457
9000000.00018861,-64.5982284545898
9000000.00018862,-64.6855316162109
9000000.00018862,-64.7919387817383
9000000.00018863,-64.9165878295898
9000000.00018863,-65.0586166381836
9000000.00018864,-65.2171630859375
9000000.00018864,-65.3913726806641
9000000.00018865,-65.5803833007813
9000000.00018865,-65.783332824707
9000000.00018866,-65.9993591308594
9000000.00018866,-66.2288360595703
9000000.00018867,-66.4858322143555
9000000.00018867,-66.7713165283203
9000000.00018868,-67.0811004638672
9000000.00018868,-67.411003112793
9000000.00018869,-67.7568435668945
9000000.00018869,-68.1144256591797
9000000.0001887,-68.4795837402344
9000000.0001887,-68.8481216430664
9000000.00018871,-69.2158584594727
9000000.00018871,-69.5786056518555
9000000.00018872,-69.9321899414063
9000000.00018872,-70.2724227905273
9000000.00018873,-70.5951156616211
9000000.00018873,-70.9152984619141
9000000.00018874,-71.2477798461914
9000000.00018874,-71.5880813598633
9000000.00018875,-71.9317321777344
9000000.00018875,-72.2742538452148
9000000.00018876,-72.6111526489258
9000000.00018876,-72.9379653930664
9000000.00018877,-73.2502059936523
9000000.00018877,-73.5433883666992
9000000.00018878,-73.8130340576172
9000000.00018878,-74.0546798706055
9000000.00018879,-74.2638244628906
9000000.00018879,-74.4359970092773
9000000.0001888,-74.5693359375
9000000.0001888,-74.6709136962891
9000000.00018881,-74.7434310913086
9000000.00018881,-74.7890548706055
9000000.00018882,-74.8099594116211
9000000.00018882,-74.8083114624023
9000000.00018883,-74.7862777709961
9000000.00018883,-74.7460327148438
9000000.00018884,-74.6897354125977
9000000.00018884,-74.6195678710938
9000000.00018885,-74.5376968383789
9000000.00018885,-74.4462814331055
9000000.00018886,-74.3474960327148
9000000.00018886,-74.2422714233398
9000000.00018887,-74.1168594360352
9000000.00018887,-73.9691009521484
9000000.00018888,-73.801887512207
9000000.00018888,-73.6180801391602
9000000.00018889,-73.4205627441406
9000000.00018889,-73.2122116088867
9000000.0001889,-72.9958877563477
9000000.0001889,-72.7744750976563
9000000.00018891,-72.5508499145508
9000000.00018891,-72.3278732299805
9000000.00018892,-72.1084365844727
9000000.00018892,-71.8954010009766
9000000.00018893,-71.6916427612305
9000000.00018893,-71.4902648925781
9000000.00018894,-71.2833862304688
9000000.00018894,-71.0724258422852
9000000.00018895,-70.8587951660156
9000000.00018895,-70.6439208984375
9000000.00018896,-70.4292068481445
9000000.00018896,-70.2160797119141
9000000.00018897,-70.0059509277344
9000000.00018897,-69.8002395629883
9000000.00018898,-69.6003646850586
9000000.00018898,-69.4077377319336
9000000.00018899,-69.2237777709961
9000000.00018899,-69.0498962402344
9000000.000189,-68.8837127685547
9000000.000189,-68.7147674560547
9000000.00018901,-68.5445709228516
9000000.00018901,-68.375617980957
9000000.00018902,-68.2104034423828
9000000.00018902,-68.0514221191406
9000000.00018903,-67.9011611938477
9000000.00018903,-67.7621154785156
9000000.00018904,-67.6367721557617
9000000.00018904,-67.5276260375977
9000000.00018905,-67.4371719360352
9000000.00018905,-67.3678970336914
9000000.00018906,-67.3222961425781
9000000.00018906,-67.3023529052734
9000000.00018907,-67.3030624389648
9000000.00018907,-67.3220977783203
9000000.00018908,-67.3589706420898
9000000.00018908,-67.4131546020508
9000000.00018909,-67.4841461181641
9000000.00018909,-67.5714340209961
9000000.0001891,-67.6745147705078
9000000.0001891,-67.7928771972656
9000000.00018911,-67.9260101318359
9000000.00018911,-68.0734024047852
9000000.00018912,-68.2345581054688
9000000.00018912,-68.4089584350586
9000000.00018913,-68.5960922241211
9000000.00018913,-68.8137588500977
9000000.00018914,-69.0745620727539
9000000.00018914,-69.3701705932617
9000000.00018915,-69.6922912597656
9000000.00018915,-70.032585144043
9000000.00018916,-70.3827590942383
9000000.00018916,-70.7344818115234
9000000.00018917,-71.0794448852539
9000000.00018917,-71.4093399047852
9000000.00018918,-71.7158432006836
9000000.00018918,-71.9906463623047
9000000.00018919,-72.2254333496094
9000000.00018919,-72.4118804931641
9000000.0001892,-72.5502243041992
9000000.0001892,-72.6637878417969
9000000.00018921,-72.7546310424805
9000000.00018921,-72.8228530883789
9000000.00018922,-72.868537902832
9000000.00018922,-72.8917770385742
9000000.00018923,-72.8926696777344
9000000.00018923,-72.8712921142578
9000000.00018924,-72.8277435302734
9000000.00018924,-72.7621078491211
9000000.00018925,-72.6744842529297
9000000.00018925,-72.5649566650391
9000000.00018926,-72.4336090087891
9000000.00018926,-72.2789611816406
9000000.00018927,-72.0823135375977
9000000.00018927,-71.8433609008789
9000000.00018928,-71.5685958862305
9000000.00018928,-71.2645416259766
9000000.00018929,-70.9376983642578
9000000.00018929,-70.5945739746094
9000000.0001893,-70.2416915893555
9000000.0001893,-69.8855438232422
9000000.00018931,-69.5326461791992
9000000.00018931,-69.1895065307617
9000000.00018932,-68.8626403808594
9000000.00018932,-68.5585479736328
9000000.00018933,-68.2837448120117
9000000.00018933,-68.0226821899414
9000000.00018934,-67.7575988769531
9000000.00018934,-67.4916534423828
9000000.00018935,-67.2280044555664
9000000.00018935,-66.9698104858398
9000000.00018936,-66.7202453613281
9000000.00018936,-66.4824676513672
9000000.00018937,-66.259635925293
9000000.00018937,-66.0549163818359
9000000.00018938,-65.8714752197266
9000000.00018938,-65.7124633789063
9000000.00018939,-65.5810546875
9000000.00018939,-65.4804077148438
9000000.0001894,-65.4063568115234
9000000.0001894,-65.3388214111328
9000000.00018941,-65.2802429199219
9000000.00018941,-65.2349395751953
9000000.00018942,-65.2071990966797
9000000.00018942,-65.2013473510742
9000000.00018943,-65.2216720581055
9000000.00018943,-65.2724914550781
9000000.00018944,-65.3581085205078
9000000.00018944,-65.4828262329102
9000000.00018945,-65.6509552001953
9000000.00018945,-65.8667907714844
9000000.00018946,-66.134651184082
9000000.00018946,-66.462272644043
9000000.00018947,-66.8919067382813
9000000.00018947,-67.4201965332031
9000000.00018948,-68.0283126831055
9000000.00018948,-68.6974182128906
9000000.00018949,-69.4086685180664
9000000.00018949,-70.1432418823242
9000000.0001895,-70.8822937011719
9000000.0001895,-71.6069793701172
9000000.00018951,-72.2984771728516
9000000.00018951,-72.9379425048828
9000000.00018952,-73.5065383911133
9000000.00018952,-73.9854354858398
9000000.00018953,-74.3557891845703
9000000.00018953,-74.6383514404297
9000000.00018954,-74.8682022094727
9000000.00018954,-75.0479583740234
9000000.00018955,-75.1802597045898
9000000.00018955,-75.2677230834961
9000000.00018956,-75.3129959106445
9000000.00018956,-75.3187026977539
9000000.00018957,-75.287467956543
9000000.00018957,-75.2219314575195
9000000.00018958,-75.1247177124023
9000000.00018958,-74.9984512329102
9000000.00018959,-74.8457794189453
9000000.00018959,-74.669319152832
9000000.0001896,-74.4604568481445
9000000.0001896,-74.1882781982422
9000000.00018961,-73.8589172363281
9000000.00018961,-73.4814529418945
9000000.00018962,-73.0649642944336
9000000.00018962,-72.618522644043
9000000.00018963,-72.1512069702148
9000000.00018963,-71.6720886230469
9000000.00018964,-71.1902465820313
9000000.00018964,-70.7147521972656
9000000.00018965,-70.2546920776367
9000000.00018965,-69.8191223144531
9000000.00018966,-69.4171371459961
9000000.00018966,-69.0552139282227
9000000.00018967,-68.7064590454102
9000000.00018967,-68.3623199462891
9000000.00018968,-68.0240020751953
9000000.00018968,-67.6927032470703
9000000.00018969,-67.3696365356445
9000000.00018969,-67.0560150146484
9000000.0001897,-66.753044128418
9000000.0001897,-66.4619216918945
9000000.00018971,-66.1838684082031
9000000.00018971,-65.9200744628906
9000000.00018972,-65.6717681884766
9000000.00018972,-65.4401397705078
9000000.00018973,-65.2264099121094
9000000.00018973,-65.0276870727539
9000000.00018974,-64.8406982421875
9000000.00018974,-64.6660079956055
9000000.00018975,-64.5042114257813
9000000.00018975,-64.3558959960938
9000000.00018976,-64.2216262817383
9000000.00018976,-64.1020050048828
9000000.00018977,-63.9976043701172
9000000.00018977,-63.9090118408203
9000000.00018978,-63.8368072509766
9000000.00018978,-63.7815780639648
9000000.00018979,-63.7439041137695
9000000.00018979,-63.7243728637695
9000000.0001898,-63.7232398986816
9000000.0001898,-63.7396545410156
9000000.00018981,-63.7732391357422
9000000.00018981,-63.8236885070801
9000000.00018982,-63.8907051086426
9000000.00018982,-63.9739761352539
9000000.00018983,-64.0731964111328
9000000.00018983,-64.1880722045898
9000000.00018984,-64.3182830810547
9000000.00018984,-64.4635314941406
9000000.00018985,-64.6235198974609
9000000.00018985,-64.7979278564453
9000000.00018986,-64.986457824707
9000000.00018986,-65.1893615722656
9000000.00018987,-65.4130630493164
9000000.00018987,-65.6579284667969
9000000.00018988,-65.9219589233398
9000000.00018988,-66.2031707763672
9000000.00018989,-66.4995727539063
9000000.00018989,-66.8091812133789
9000000.0001899,-67.1299896240234
9000000.0001899,-67.4600296020508
9000000.00018991,-67.7972946166992
9000000.00018991,-68.1398086547852
9000000.00018992,-68.4855728149414
9000000.00018992,-68.8325958251953
9000000.00018993,-69.1788940429688
9000000.00018993,-69.5346069335938
9000000.00018994,-69.908805847168
9000000.00018994,-70.2979049682617
9000000.00018995,-70.6983184814453
9000000.00018995,-71.1064453125
9000000.00018996,-71.5187072753906
9000000.00018996,-71.9315185546875
9000000.00018997,-72.3412780761719
9000000.00018997,-72.7444076538086
9000000.00018998,-73.137321472168
9000000.00018998,-73.5164184570313
9000000.00018999,-73.8781204223633
9000000.00018999,-74.2188339233398
9000000.00019,-74.5461120605469
9000000.00019,-74.8905410766602
9000000.00019001,-75.2470855712891
9000000.00019001,-75.6078491210938
9000000.00019002,-75.9649353027344
9000000.00019002,-76.3104476928711
9000000.00019003,-76.6364822387695
9000000.00019003,-76.9351348876953
9000000.00019004,-77.1985168457031
9000000.00019004,-77.4187316894531
9000000.00019005,-77.5878677368164
9000000.00019005,-77.6980361938477
9000000.00019006,-77.7413330078125
9000000.00019006,-77.7091445922852
9000000.00019007,-77.5899124145508
9000000.00019007,-77.3906402587891
9000000.00019008,-77.1226119995117
9000000.00019008,-76.7971115112305
9000000.00019009,-76.4254302978516
9000000.00019009,-76.0188522338867
9000000.0001901,-75.5886611938477
9000000.0001901,-75.1461563110352
9000000.00019011,-74.7026138305664
9000000.00019011,-74.2693328857422
9000000.00019012,-73.8575897216797
9000000.00019012,-73.4786758422852
9000000.00019013,-73.1438751220703
9000000.00019013,-72.8328323364258
9000000.00019014,-72.5191802978516
9000000.00019014,-72.205192565918
9000000.00019015,-71.8931579589844
9000000.00019015,-71.5853424072266
9000000.00019016,-71.2840270996094
9000000.00019016,-70.9915008544922
9000000.00019017,-70.7100296020508
9000000.00019017,-70.4419021606445
9000000.00019018,-70.1893997192383
9000000.00019018,-69.9547882080078
9000000.00019019,-69.7403564453125
9000000.00019019,-69.5483779907227
9000000.0001902,-69.3781356811523
9000000.0001902,-69.2214050292969
9000000.00019021,-69.0781478881836
9000000.00019021,-68.9490356445313
9000000.00019022,-68.8347702026367
9000000.00019022,-68.7360153198242
9000000.00019023,-68.6534652709961
9000000.00019023,-68.5877914428711
9000000.00019024,-68.539680480957
9000000.00019024,-68.5098190307617
9000000.00019025,-68.4988784790039
9000000.00019025,-68.5075531005859
9000000.00019026,-68.5365142822266
9000000.00019026,-68.585090637207
9000000.00019027,-68.637565612793
9000000.00019027,-68.6931304931641
9000000.00019028,-68.7566986083984
9000000.00019028,-68.8331909179688
9000000.00019029,-68.9275360107422
9000000.00019029,-69.0446472167969
9000000.0001903,-69.1894607543945
9000000.0001903,-69.3668899536133
9000000.00019031,-69.5818557739258
9000000.00019031,-69.8392791748047
9000000.00019032,-70.1440887451172
9000000.00019032,-70.5012054443359
9000000.00019033,-70.9155502319336
9000000.00019033,-71.4419403076172
9000000.00019034,-72.1119155883789
9000000.00019034,-72.8954849243164
9000000.00019035,-73.7626495361328
9000000.00019035,-74.6834182739258
9000000.00019036,-75.627799987793
9000000.00019036,-76.5657958984375
9000000.00019037,-77.467414855957
9000000.00019037,-78.3026657104492
9000000.00019038,-79.0415496826172
9000000.00019038,-79.6540756225586
9000000.00019039,-80.1102447509766
9000000.00019039,-80.3800735473633
9000000.0001904,-80.4437866210938
9000000.0001904,-80.3287887573242
9000000.00019041,-80.0589370727539
9000000.00019041,-79.6564788818359
9000000.00019042,-79.143684387207
9000000.00019042,-78.5428009033203
9000000.00019043,-77.876091003418
9000000.00019043,-77.1658020019531
9000000.00019044,-76.434211730957
9000000.00019044,-75.7035598754883
9000000.00019045,-74.9961090087891
9000000.00019045,-74.3341217041016
9000000.00019046,-73.7398529052734
9000000.00019046,-73.229118347168
9000000.00019047,-72.7348480224609
9000000.00019047,-72.2360382080078
9000000.00019048,-71.7360458374023
9000000.00019048,-71.2382125854492
9000000.00019049,-70.7458953857422
9000000.00019049,-70.2624588012695
9000000.0001905,-69.7912368774414
9000000.0001905,-69.3356018066406
9000000.00019051,-68.8988876342773
9000000.00019051,-68.4844665527344
9000000.00019052,-68.0956802368164
9000000.00019052,-67.7358856201172
9000000.00019053,-67.4084320068359
9000000.00019053,-67.1086502075195
9000000.00019054,-66.8296279907227
9000000.00019054,-66.5713806152344
9000000.00019055,-66.3339080810547
9000000.00019055,-66.1172256469727
9000000.00019056,-65.9213485717773
9000000.00019056,-65.7462768554688
9000000.00019057,-65.5920257568359
9000000.00019057,-65.4585952758789
9000000.00019058,-65.3460083007813
9000000.00019058,-65.254264831543
9000000.00019059,-65.1833724975586
9000000.00019059,-65.1333465576172
9000000.0001906,-65.1047058105469
9000000.0001906,-65.0988693237305
9000000.00019061,-65.1154098510742
9000000.00019061,-65.1537704467773
9000000.00019062,-65.2134017944336
9000000.00019062,-65.2937469482422
9000000.00019063,-65.3942489624023
9000000.00019063,-65.5143432617188
9000000.00019064,-65.6534881591797
9000000.00019064,-65.8111190795898
9000000.00019065,-65.9866790771484
9000000.00019065,-66.1796112060547
9000000.00019066,-66.3893661499023
9000000.00019066,-66.6164398193359
9000000.00019067,-66.8730545043945
9000000.00019067,-67.1598739624023
9000000.00019068,-67.4730987548828
9000000.00019068,-67.8089218139648
9000000.00019069,-68.1635208129883
9000000.00019069,-68.5331115722656
9000000.0001907,-68.9138641357422
9000000.0001907,-69.3019866943359
9000000.00019071,-69.6936645507813
9000000.00019071,-70.085090637207
9000000.00019072,-70.4724655151367
9000000.00019072,-70.8519744873047
9000000.00019073,-71.2198104858398
9000000.00019073,-71.5992050170898
9000000.00019074,-72.0100936889648
9000000.00019074,-72.4437561035156
9000000.00019075,-72.891471862793
9000000.00019075,-73.3444976806641
9000000.00019076,-73.7941207885742
9000000.00019076,-74.2316207885742
9000000.00019077,-74.6482543945313
9000000.00019077,-75.0353164672852
9000000.00019078,-75.3840637207031
9000000.00019078,-75.6857757568359
9000000.00019079,-75.9317321777344
9000000.00019079,-76.1131973266602
9000000.0001908,-76.2236938476563
9000000.0001908,-76.2691650390625
9000000.00019081,-76.2571258544922
9000000.00019081,-76.1948471069336
9000000.00019082,-76.0895767211914
9000000.00019082,-75.9485855102539
9000000.00019083,-75.7791290283203
9000000.00019083,-75.5884704589844
9000000.00019084,-75.3838577270508
9000000.00019084,-75.1725692749023
9000000.00019085,-74.9618453979492
9000000.00019085,-74.7589569091797
9000000.00019086,-74.5711669921875
9000000.00019086,-74.4032516479492
9000000.00019087,-74.2288513183594
9000000.00019087,-74.0410614013672
9000000.00019088,-73.8425598144531
9000000.00019088,-73.6360168457031
9000000.00019089,-73.4241027832031
9000000.00019089,-73.2094879150391
9000000.0001909,-72.9948577880859
9000000.0001909,-72.7828674316406
9000000.00019091,-72.5762100219727
9000000.00019091,-72.3775482177734
9000000.00019092,-72.1895523071289
9000000.00019092,-72.0149002075195
9000000.00019093,-71.8562698364258
9000000.00019093,-71.7108459472656
9000000.00019094,-71.5737457275391
9000000.00019094,-71.4445266723633
9000000.00019095,-71.32275390625
9000000.00019095,-71.2079849243164
9000000.00019096,-71.0997772216797
9000000.00019096,-70.9976959228516
9000000.00019097,-70.9013061523438
9000000.00019097,-70.8101501464844
9000000.00019098,-70.7238082885742
9000000.00019098,-70.6418228149414
9000000.00019099,-70.5637664794922
9000000.00019099,-70.4891967773438
9000000.000191,-70.4145584106445
9000000.000191,-70.3312759399414
9000000.00019101,-70.242301940918
9000000.00019101,-70.1514205932617
9000000.00019102,-70.0624465942383
9000000.00019102,-69.9791641235352
9000000.00019103,-69.9053802490234
9000000.00019103,-69.8448867797852
9000000.00019104,-69.8014907836914
9000000.00019104,-69.7789916992188
9000000.00019105,-69.7811813354492
9000000.00019105,-69.8118591308594
9000000.00019106,-69.8748245239258
9000000.00019106,-69.9734725952148
9000000.00019107,-70.1045379638672
9000000.00019107,-70.2645492553711
9000000.00019108,-70.4511795043945
9000000.00019108,-70.6621170043945
9000000.00019109,-70.8950576782227
9000000.00019109,-71.1476669311523
9000000.0001911,-71.4176406860352
9000000.0001911,-71.7026672363281
9000000.00019111,-72.0004272460938
9000000.00019111,-72.3086013793945
9000000.00019112,-72.624885559082
9000000.00019112,-72.9469528198242
9000000.00019113,-73.2724914550781
9000000.00019113,-73.6351776123047
9000000.00019114,-74.0603561401367
9000000.00019114,-74.533203125
9000000.00019115,-75.0388946533203
9000000.00019115,-75.562629699707
9000000.00019116,-76.0895690917969
9000000.00019116,-76.6049118041992
9000000.00019117,-77.0938339233398
9000000.00019117,-77.5415115356445
9000000.00019118,-77.9331283569336
9000000.00019118,-78.2538757324219
9000000.00019119,-78.4889221191406
9000000.00019119,-78.6234588623047
9000000.0001912,-78.6464385986328
9000000.0001912,-78.56787109375
9000000.00019121,-78.4005584716797
9000000.00019121,-78.156867980957
9000000.00019122,-77.8491516113281
9000000.00019122,-77.4897689819336
9000000.00019123,-77.0910873413086
9000000.00019123,-76.6654510498047
9000000.00019124,-76.225227355957
9000000.00019124,-75.7827682495117
9000000.00019125,-75.3504486083984
9000000.00019125,-74.9406051635742
9000000.00019126,-74.5656204223633
9000000.00019126,-74.2341079711914
9000000.00019127,-73.9070510864258
9000000.00019127,-73.57275390625
9000000.00019128,-73.2337188720703
9000000.00019128,-72.8924255371094
9000000.00019129,-72.5513763427734
9000000.00019129,-72.2130584716797
9000000.0001913,-71.8799667358398
9000000.0001913,-71.5545883178711
9000000.00019131,-71.2394104003906
9000000.00019131,-70.9369430541992
9000000.00019132,-70.649658203125
9000000.00019132,-70.3800582885742
9000000.00019133,-70.1306381225586
9000000.00019133,-69.8988494873047
9000000.00019134,-69.6801834106445
9000000.00019134,-69.4742050170898
9000000.00019135,-69.2804641723633
9000000.00019135,-69.0985107421875
9000000.00019136,-68.9279022216797
9000000.00019136,-68.768196105957
9000000.00019137,-68.6189346313477
9000000.00019137,-68.4796752929688
9000000.00019138,-68.3499755859375
9000000.00019138,-68.2293930053711
9000000.00019139,-68.1174697875977
9000000.00019139,-68.0137710571289
9000000.0001914,-67.9188003540039
9000000.0001914,-67.8352279663086
9000000.00019141,-67.7627410888672
9000000.00019141,-67.7008209228516
9000000.00019142,-67.64892578125
9000000.00019142,-67.6065139770508
9000000.00019143,-67.5730590820313
9000000.00019143,-67.5480194091797
9000000.00019144,-67.5308609008789
9000000.00019144,-67.5210494995117
9000000.00019145,-67.5180435180664
9000000.00019145,-67.5213165283203
9000000.00019146,-67.5303268432617
9000000.00019146,-67.5447463989258
9000000.00019147,-67.5668334960938
9000000.00019147,-67.5971145629883
9000000.00019148,-67.6352767944336
9000000.00019148,-67.6810073852539
9000000.00019149,-67.7339935302734
9000000.00019149,-67.7939300537109
9000000.0001915,-67.8605194091797
9000000.0001915,-67.9334335327148
9000000.00019151,-68.0123748779297
9000000.00019151,-68.097038269043
9000000.00019152,-68.1871032714844
9000000.00019152,-68.2822647094727
9000000.00019153,-68.3822250366211
9000000.00019153,-68.4901504516602
9000000.00019154,-68.6085433959961
9000000.00019154,-68.7360534667969
9000000.00019155,-68.8713607788086
9000000.00019155,-69.0131149291992
9000000.00019156,-69.1599731445313
9000000.00019156,-69.3106079101563
9000000.00019157,-69.4636764526367
9000000.00019157,-69.6178359985352
9000000.00019158,-69.7717514038086
9000000.00019158,-69.9240875244141
9000000.00019159,-70.0735015869141
9000000.00019159,-70.2186584472656
9000000.0001916,-70.3627395629883
9000000.0001916,-70.518180847168
9000000.00019161,-70.6828155517578
9000000.00019161,-70.8532943725586
9000000.00019162,-71.0262756347656
9000000.00019162,-71.1984252929688
9000000.00019163,-71.3663864135742
9000000.00019163,-71.5268325805664
9000000.00019164,-71.6764068603516
9000000.00019164,-71.8117828369141
9000000.00019165,-71.9296112060547
9000000.00019165,-72.0265426635742
9000000.00019166,-72.099250793457
9000000.00019166,-72.1451263427734
9000000.00019167,-72.1717224121094
9000000.00019167,-72.1821517944336
9000000.00019168,-72.1767959594727
9000000.00019168,-72.1560668945313
9000000.00019169,-72.1203384399414
9000000.00019169,-72.0700149536133
9000000.0001917,-72.0054779052734
9000000.0001917,-71.9271240234375
9000000.00019171,-71.8353500366211
9000000.00019171,-71.7305374145508
9000000.00019172,-71.6130828857422
9000000.00019172,-71.4833755493164
9000000.00019173,-71.3418121337891
9000000.00019173,-71.1781158447266
9000000.00019174,-70.9849166870117
9000000.00019174,-70.7669448852539
9000000.00019175,-70.528923034668
9000000.00019175,-70.2755966186523
9000000.00019176,-70.0116882324219
9000000.00019176,-69.7419281005859
9000000.00019177,-69.471061706543
9000000.00019177,-69.2038040161133
9000000.00019178,-68.9448928833008
9000000.00019178,-68.6990585327148
9000000.00019179,-68.4710388183594
9000000.00019179,-68.2655639648438
9000000.0001918,-68.0804748535156
9000000.0001918,-67.8969116210938
9000000.00019181,-67.7153167724609
9000000.00019181,-67.5377960205078
9000000.00019182,-67.366455078125
9000000.00019182,-67.2033996582031
9000000.00019183,-67.0507507324219
9000000.00019183,-66.9106063842773
9000000.00019184,-66.7850723266602
9000000.00019184,-66.67626953125
9000000.00019185,-66.586296081543
9000000.00019185,-66.5172653198242
9000000.00019186,-66.4712905883789
9000000.00019186,-66.4504241943359
9000000.00019187,-66.4549331665039
9000000.00019187,-66.4829177856445
9000000.00019188,-66.532356262207
9000000.00019188,-66.6012268066406
9000000.00019189,-66.6875228881836
9000000.00019189,-66.7892074584961
9000000.0001919,-66.9042816162109
9000000.0001919,-67.0307159423828
9000000.00019191,-67.1664886474609
9000000.00019191,-67.3095932006836
9000000.00019192,-67.4580078125
9000000.00019192,-67.6097030639648
9000000.00019193,-67.7626724243164
9000000.00019193,-67.9311218261719
9000000.00019194,-68.1269226074219
9000000.00019194,-68.3445129394531
9000000.00019195,-68.5783386230469
9000000.00019195,-68.8228607177734
9000000.00019196,-69.0725173950195
9000000.00019196,-69.3217620849609
9000000.00019197,-69.5650405883789
9000000.00019197,-69.7968063354492
9000000.00019198,-70.0115127563477
9000000.00019198,-70.2035903930664
9000000.00019199,-70.3675079345703
9000000.00019199,-70.4977035522461
9000000.000192,-70.5923385620117
9000000.000192,-70.6615219116211
9000000.00019201,-70.7081985473633
9000000.00019201,-70.7345581054688
9000000.00019202,-70.7427749633789
9000000.00019202,-70.7350234985352
9000000.00019203,-70.7134857177734
9000000.00019203,-70.6803436279297
9000000.00019204,-70.6377639770508
9000000.00019204,-70.5879287719727
9000000.00019205,-70.5330123901367
9000000.00019205,-70.4751968383789
9000000.00019206,-70.4166641235352
9000000.00019206,-70.3585052490234
9000000.00019207,-70.2889175415039
9000000.00019207,-70.2057800292969
9000000.00019208,-70.1112747192383
9000000.00019208,-70.007568359375
9000000.00019209,-69.8968505859375
9000000.00019209,-69.7813034057617
9000000.0001921,-69.6630935668945
9000000.0001921,-69.5444107055664
9000000.00019211,-69.4274368286133
9000000.00019211,-69.314338684082
9000000.00019212,-69.2073059082031
9000000.00019212,-69.1085205078125
9000000.00019213,-69.020149230957
9000000.00019213,-68.9364929199219
9000000.00019214,-68.8512496948242
9000000.00019214,-68.7657241821289
9000000.00019215,-68.6812286376953
9000000.00019215,-68.5990753173828
9000000.00019216,-68.5205535888672
9000000.00019216,-68.4469833374023
9000000.00019217,-68.3796615600586
9000000.00019217,-68.3199005126953
9000000.00019218,-68.2689971923828
9000000.00019218,-68.228271484375
9000000.00019219,-68.1990127563477
9000000.00019219,-68.1825408935547
9000000.0001922,-68.1762542724609
9000000.0001922,-68.16943359375
9000000.00019221,-68.1637954711914
9000000.00019221,-68.1620483398438
9000000.00019222,-68.1669082641602
9000000.00019222,-68.1810913085938
9000000.00019223,-68.2073059082031
9000000.00019223,-68.2482757568359
9000000.00019224,-68.3067092895508
9000000.00019224,-68.3853225708008
9000000.00019225,-68.4868240356445
9000000.00019225,-68.6139373779297
9000000.00019226,-68.7693710327148
9000000.00019226,-68.9556732177734
9000000.00019227,-69.1719512939453
9000000.00019227,-69.4157333374023
9000000.00019228,-69.6848678588867
9000000.00019228,-69.9771881103516
9000000.00019229,-70.29052734375
9000000.00019229,-70.6227340698242
9000000.0001923,-70.9716262817383
9000000.0001923,-71.3350601196289
9000000.00019231,-71.7108612060547
9000000.00019231,-72.0968780517578
9000000.00019232,-72.4909362792969
9000000.00019232,-72.8908767700195
9000000.00019233,-73.2945404052734
9000000.00019233,-73.7383880615234
9000000.00019234,-74.2494888305664
9000000.00019234,-74.8115463256836
9000000.00019235,-75.4082946777344
9000000.00019235,-76.0234451293945
9000000.00019236,-76.6407165527344
9000000.00019236,-77.2438430786133
9000000.00019237,-77.816535949707
9000000.00019237,-78.3425140380859
9000000.00019238,-78.8054962158203
9000000.00019238,-79.189208984375
9000000.00019239,-79.4773712158203
9000000.00019239,-79.6537017822266
9000000.0001924,-79.7080307006836
9000000.0001924,-79.6568069458008
9000000.00019241,-79.5125122070313
9000000.00019241,-79.2866287231445
9000000.00019242,-78.9906387329102
9000000.00019242,-78.6360092163086
9000000.00019243,-78.2342300415039
9000000.00019243,-77.7967758178711
9000000.00019244,-77.3351211547852
9000000.00019244,-76.8607406616211
9000000.00019245,-76.385124206543
9000000.00019245,-75.9197387695313
9000000.00019246,-75.47607421875
9000000.00019246,-75.0612106323242
9000000.00019247,-74.6280822753906
9000000.00019247,-74.1656723022461
9000000.00019248,-73.6801376342773
9000000.00019248,-73.177604675293
9000000.00019249,-72.6642227172852
9000000.00019249,-72.146125793457
9000000.0001925,-71.6294631958008
9000000.0001925,-71.1203689575195
9000000.00019251,-70.6249771118164
9000000.00019251,-70.1494369506836
9000000.00019252,-69.6998825073242
9000000.00019252,-69.2824554443359
9000000.00019253,-68.9032974243164
9000000.00019253,-68.5526733398438
9000000.00019254,-68.2171630859375
9000000.00019254,-67.8973388671875
9000000.00019255,-67.5937957763672
9000000.00019255,-67.3071060180664
9000000.00019256,-67.0378646850586
9000000.00019256,-66.7866439819336
9000000.00019257,-66.5540466308594
9000000.00019257,-66.3406372070313
9000000.00019258,-66.1470031738281
9000000.00019258,-65.9737396240234
9000000.00019259,-65.8214263916016
9000000.00019259,-65.6906433105469
9000000.0001926,-65.5828247070313
9000000.0001926,-65.5003280639648
9000000.00019261,-65.4418563842773
9000000.00019261,-65.4058532714844
9000000.00019262,-65.3907699584961
9000000.00019262,-65.3950576782227
9000000.00019263,-65.4171676635742
9000000.00019263,-65.4555435180664
9000000.00019264,-65.5086441040039
9000000.00019264,-65.5749130249023
9000000.00019265,-65.6527938842773
9000000.00019265,-65.7407455444336
9000000.00019266,-65.8372116088867
9000000.00019266,-65.9419937133789
9000000.00019267,-66.0703506469727
9000000.00019267,-66.2238845825195
9000000.00019268,-66.3986282348633
9000000.00019268,-66.5905990600586
9000000.00019269,-66.7958450317383
9000000.00019269,-67.0103759765625
9000000.0001927,-67.2302398681641
9000000.0001927,-67.4514465332031
9000000.00019271,-67.6700439453125
9000000.00019271,-67.8820495605469
9000000.00019272,-68.0834884643555
9000000.00019272,-68.2704010009766
9000000.00019273,-68.4388122558594
9000000.00019273,-68.5980072021484
9000000.00019274,-68.758674621582
9000000.00019274,-68.9190063476563
9000000.00019275,-69.0771484375
9000000.00019275,-69.2312850952148
9000000.00019276,-69.3795776367188
9000000.00019276,-69.5202026367188
9000000.00019277,-69.6513214111328
9000000.00019277,-69.7710952758789
9000000.00019278,-69.8777084350586
9000000.00019278,-69.9693222045898
9000000.00019279,-70.0441055297852
9000000.00019279,-70.100227355957
9000000.0001928,-70.1364212036133
9000000.0001928,-70.1542053222656
9000000.00019281,-70.1550827026367
9000000.00019281,-70.1404724121094
9000000.00019282,-70.1118011474609
9000000.00019282,-70.0704727172852
9000000.00019283,-70.0179138183594
9000000.00019283,-69.9555511474609
9000000.00019284,-69.8847961425781
9000000.00019284,-69.8070678710938
9000000.00019285,-69.7237854003906
9000000.00019285,-69.6363754272461
9000000.00019286,-69.5462493896484
9000000.00019286,-69.453857421875
9000000.00019287,-69.3481903076172
9000000.00019287,-69.2278289794922
9000000.00019288,-69.0953521728516
9000000.00019288,-68.9533538818359
9000000.00019289,-68.8044128417969
9000000.00019289,-68.6511154174805
9000000.0001929,-68.4960327148438
9000000.0001929,-68.3417663574219
9000000.00019291,-68.1908950805664
9000000.00019291,-68.0459976196289
9000000.00019292,-67.9096603393555
9000000.00019292,-67.7844696044922
9000000.00019293,-67.6730117797852
9000000.00019293,-67.5683364868164
9000000.00019294,-67.4628601074219
9000000.00019294,-67.3582305908203
9000000.00019295,-67.2560653686523
9000000.00019295,-67.1580047607422
9000000.00019296,-67.0656814575195
9000000.00019296,-66.9807205200195
9000000.00019297,-66.9047698974609
9000000.00019297,-66.8394393920898
9000000.00019298,-66.7863845825195
9000000.00019298,-66.7472229003906
9000000.00019299,-66.7235946655273
9000000.00019299,-66.7171249389648
9000000.000193,-66.7257690429688
9000000.000193,-66.7394256591797
9000000.00019301,-66.7592849731445
9000000.00019301,-66.7874603271484
9000000.00019302,-66.8260726928711
9000000.00019302,-66.8772430419922
9000000.00019303,-66.9430770874023
9000000.00019303,-67.0257110595703
9000000.00019304,-67.1272506713867
9000000.00019304,-67.2498168945313
9000000.00019305,-67.3955230712891
9000000.00019305,-67.5664901733398
9000000.00019306,-67.7648468017578
9000000.00019306,-67.9943542480469
9000000.00019307,-68.2754516601563
9000000.00019307,-68.6064834594727
9000000.00019308,-68.9783096313477
9000000.00019308,-69.3817901611328
9000000.00019309,-69.8077774047852
9000000.00019309,-70.2471389770508
9000000.0001931,-70.6907348632813
9000000.0001931,-71.1294174194336
9000000.00019311,-71.5540542602539
9000000.00019311,-71.9554977416992
9000000.00019312,-72.3246078491211
9000000.00019312,-72.6522445678711
9000000.00019313,-72.9292755126953
9000000.00019313,-73.1726608276367
9000000.00019314,-73.4040679931641
9000000.00019314,-73.6214294433594
9000000.00019315,-73.8226699829102
9000000.00019315,-74.0056991577148
9000000.00019316,-74.1684494018555
9000000.00019316,-74.308837890625
9000000.00019317,-74.4247894287109
9000000.00019317,-74.5142211914063
9000000.00019318,-74.575065612793
9000000.00019318,-74.6052322387695
9000000.00019319,-74.6026458740234
9000000.00019319,-74.5652389526367
9000000.0001932,-74.4864349365234
9000000.0001932,-74.3538360595703
9000000.00019321,-74.1732330322266
9000000.00019321,-73.9516830444336
9000000.00019322,-73.6962661743164
9000000.00019322,-73.4140625
9000000.00019323,-73.1121368408203
9000000.00019323,-72.7975692749023
9000000.00019324,-72.4774322509766
9000000.00019324,-72.1587982177734
9000000.00019325,-71.8487396240234
9000000.00019325,-71.5543365478516
9000000.00019326,-71.2826614379883
9000000.00019326,-71.0387268066406
9000000.00019327,-70.8011703491211
9000000.00019327,-70.5633163452148
9000000.00019328,-70.3262405395508
9000000.00019328,-70.0910339355469
9000000.00019329,-69.8587875366211
9000000.00019329,-69.6305770874023
9000000.0001933,-69.4075012207031
9000000.0001933,-69.1906280517578
9000000.00019331,-68.9810562133789
9000000.00019331,-68.7798614501953
9000000.00019332,-68.5881423950195
9000000.00019332,-68.4069747924805
9000000.00019333,-68.2374420166016
9000000.00019333,-68.0769271850586
9000000.00019334,-67.9224319458008
9000000.00019334,-67.7745132446289
9000000.00019335,-67.6337051391602
9000000.00019335,-67.5005569458008
9000000.00019336,-67.3756103515625
9000000.00019336,-67.259407043457
9000000.00019337,-67.1524963378906
9000000.00019337,-67.0554275512695
9000000.00019338,-66.9687271118164
9000000.00019338,-66.8929595947266
9000000.00019339,-66.8286514282227
9000000.00019339,-66.7763595581055
9000000.0001934,-66.7338485717773
9000000.0001934,-66.6934967041016
9000000.00019341,-66.6569290161133
9000000.00019341,-66.6264953613281
9000000.00019342,-66.6045532226563
9000000.00019342,-66.5934524536133
9000000.00019343,-66.5955505371094
9000000.00019343,-66.6131896972656
9000000.00019344,-66.6487197875977
9000000.00019344,-66.7045135498047
9000000.00019345,-66.7829055786133
9000000.00019345,-66.8862457275391
9000000.00019346,-67.0168991088867
9000000.00019346,-67.1745071411133
9000000.00019347,-67.3281173706055
9000000.00019347,-67.4751892089844
9000000.00019348,-67.6245040893555
9000000.00019348,-67.7848434448242
9000000.00019349,-67.9649810791016
9000000.00019349,-68.1736907958984
9000000.0001935,-68.4197540283203
9000000.0001935,-68.7119522094727
9000000.00019351,-69.0590515136719
9000000.00019351,-69.4698333740234
9000000.00019352,-69.9530715942383
9000000.00019352,-70.5175476074219
9000000.00019353,-71.1720428466797
9000000.00019353,-71.9907913208008
9000000.00019354,-73.0141525268555
9000000.00019354,-74.2000732421875
9000000.00019355,-75.5065155029297
9000000.00019355,-76.8914260864258
9000000.00019356,-78.3127593994141
9000000.00019356,-79.7284698486328
9000000.00019357,-81.0965118408203
9000000.00019357,-82.3748245239258
9000000.00019358,-83.521369934082
9000000.00019358,-84.4941024780273
9000000.00019359,-85.2509689331055
9000000.00019359,-85.7499237060547
9000000.0001936,-85.963996887207
9000000.0001936,-85.9336700439453
9000000.00019361,-85.691780090332
9000000.00019361,-85.2687301635742
9000000.00019362,-84.6949310302734
9000000.00019362,-84.0008010864258
9000000.00019363,-83.2167358398438
9000000.00019363,-82.3731460571289
9000000.00019364,-81.5004501342773
9000000.00019364,-80.6290435791016
9000000.00019365,-79.7893447875977
9000000.00019365,-79.0117568969727
9000000.00019366,-78.3266906738281
9000000.00019366,-77.7563858032227
9000000.00019367,-77.2165908813477
9000000.00019367,-76.6786956787109
9000000.00019368,-76.1446914672852
9000000.00019368,-75.6165466308594
9000000.00019369,-75.0962295532227
9000000.00019369,-74.5857238769531
9000000.0001937,-74.0869979858398
9000000.0001937,-73.6020355224609
9000000.00019371,-73.1328125
9000000.00019371,-72.6812973022461
9000000.00019372,-72.2494735717773
9000000.00019372,-71.8393096923828
9000000.00019373,-71.4527893066406
9000000.00019373,-71.0875091552734
9000000.00019374,-70.7396392822266
9000000.00019374,-70.4090118408203
9000000.00019375,-70.0954666137695
9000000.00019375,-69.798828125
9000000.00019376,-69.518928527832
9000000.00019376,-69.2555999755859
9000000.00019377,-69.008674621582
9000000.00019377,-68.7779922485352
9000000.00019378,-68.5633697509766
9000000.00019378,-68.3646469116211
9000000.00019379,-68.1816558837891
9000000.00019379,-68.0142211914063
9000000.0001938,-67.8616180419922
9000000.0001938,-67.722297668457
9000000.00019381,-67.5968856811523
9000000.00019381,-67.4861526489258
9000000.00019382,-67.3908996582031
9000000.00019382,-67.3119125366211
9000000.00019383,-67.2499618530273
9000000.00019383,-67.2058410644531
9000000.00019384,-67.1803436279297
9000000.00019384,-67.1742401123047
9000000.00019385,-67.1883239746094
9000000.00019385,-67.2233734130859
9000000.00019386,-67.2801818847656
9000000.00019386,-67.3605041503906
9000000.00019387,-67.4760513305664
9000000.00019387,-67.6262741088867
9000000.00019388,-67.8063201904297
9000000.00019388,-68.0113296508789
9000000.00019389,-68.236457824707
9000000.00019389,-68.4768447875977
9000000.0001939,-68.7276382446289
9000000.0001939,-68.9839859008789
9000000.00019391,-69.2410354614258
9000000.00019391,-69.4939270019531
9000000.00019392,-69.7378082275391
9000000.00019392,-69.9678344726563
9000000.00019393,-70.1791458129883
9000000.00019393,-70.3905715942383
9000000.00019394,-70.6202774047852
9000000.00019394,-70.8623657226563
9000000.00019395,-71.110954284668
9000000.00019395,-71.3601684570313
9000000.00019396,-71.6041107177734
9000000.00019396,-71.8369064331055
9000000.00019397,-72.0526657104492
9000000.00019397,-72.2455062866211
9000000.00019398,-72.409553527832
9000000.00019398,-72.5389022827148
9000000.00019399,-72.627685546875
9000000.00019399,-72.6700134277344
9000000.000194,-72.6616592407227
9000000.000194,-72.607048034668
9000000.00019401,-72.5111236572266
9000000.00019401,-72.3786239624023
9000000.00019402,-72.2143020629883
9000000.00019402,-72.0228729248047
9000000.00019403,-71.8090972900391
9000000.00019403,-71.5776901245117
9000000.00019404,-71.3334045410156
9000000.00019404,-71.0809707641602
9000000.00019405,-70.8251266479492
9000000.00019405,-70.5706176757813
9000000.00019406,-70.3221664428711
9000000.00019406,-70.082405090332
9000000.00019407,-69.8283157348633
9000000.00019407,-69.555305480957
9000000.00019408,-69.2671813964844
9000000.00019408,-68.9677505493164
9000000.00019409,-68.6607971191406
9000000.00019409,-68.3501205444336
9000000.0001941,-68.0395355224609
9000000.0001941,-67.7328338623047
9000000.00019411,-67.4338150024414
9000000.00019411,-67.1462707519531
9000000.00019412,-66.8740158081055
9000000.00019412,-66.6208419799805
9000000.00019413,-66.3905487060547
9000000.00019413,-66.1743850708008
9000000.00019414,-65.9621963500977
9000000.00019414,-65.7556762695313
9000000.00019415,-65.5565032958984
9000000.00019415,-65.3663787841797
9000000.00019416,-65.1869812011719
9000000.00019416,-65.0200119018555
9000000.00019417,-64.8671493530273
9000000.00019417,-64.7300796508789
9000000.00019418,-64.6105041503906
9000000.00019418,-64.5101089477539
9000000.00019419,-64.4305801391602
9000000.00019419,-64.3736038208008
9000000.0001942,-64.3379058837891
9000000.0001942,-64.3153457641602
9000000.00019421,-64.3064804077148
9000000.00019421,-64.312614440918
9000000.00019422,-64.3350448608398
9000000.00019422,-64.3750610351563
9000000.00019423,-64.4339599609375
9000000.00019423,-64.5130462646484
9000000.00019424,-64.6136093139648
9000000.00019424,-64.736946105957
9000000.00019425,-64.8843536376953
9000000.00019425,-65.0571365356445
9000000.00019426,-65.2565765380859
9000000.00019426,-65.4839553833008
9000000.00019427,-65.7394256591797
9000000.00019427,-66.0218124389648
9000000.00019428,-66.3298873901367
9000000.00019428,-66.6623992919922
9000000.00019429,-67.0181121826172
9000000.00019429,-67.3957901000977
9000000.0001943,-67.7941818237305
9000000.0001943,-68.2120590209961
9000000.00019431,-68.6481857299805
9000000.00019431,-69.1013031005859
9000000.00019432,-69.5701904296875
9000000.00019432,-70.053596496582
9000000.00019433,-70.5502853393555
9000000.00019433,-71.1068344116211
9000000.00019434,-71.7560958862305
9000000.00019434,-72.4762420654297
9000000.00019435,-73.2454681396484
9000000.00019435,-74.0419387817383
9000000.00019436,-74.8438415527344
9000000.00019436,-75.6293563842773
9000000.00019437,-76.3766632080078
9000000.00019437,-77.0639343261719
9000000.00019438,-77.6693572998047
9000000.00019438,-78.1711044311523
9000000.00019439,-78.54736328125
9000000.00019439,-78.7763137817383
9000000.0001944,-78.8403015136719
9000000.0001944,-78.7503204345703
9000000.00019441,-78.5262908935547
9000000.00019441,-78.1878890991211
9000000.00019442,-77.754768371582
9000000.00019442,-77.2465896606445
9000000.00019443,-76.6830139160156
9000000.00019443,-76.0836944580078
9000000.00019444,-75.4683074951172
9000000.00019444,-74.8564987182617
9000000.00019445,-74.2679443359375
9000000.00019445,-73.7222900390625
9000000.00019446,-73.2392044067383
9000000.00019446,-72.8330383300781
9000000.00019447,-72.4491119384766
9000000.00019447,-72.0689086914063
9000000.00019448,-71.6937942504883
9000000.00019448,-71.3251266479492
9000000.00019449,-70.9642639160156
9000000.00019449,-70.6125640869141
9000000.0001945,-70.2713775634766
9000000.0001945,-69.9420700073242
9000000.00019451,-69.6259918212891
9000000.00019451,-69.3245010375977
9000000.00019452,-69.0389556884766
9000000.00019452,-68.7707061767578
9000000.00019453,-68.521125793457
9000000.00019453,-68.2892990112305
9000000.00019454,-68.073112487793
9000000.00019454,-67.8720703125
9000000.00019455,-67.6857070922852
9000000.00019455,-67.513542175293
9000000.00019456,-67.355094909668
9000000.00019456,-67.2098922729492
9000000.00019457,-67.0774536132813
9000000.00019457,-66.9572982788086
9000000.00019458,-66.8489532470703
9000000.00019458,-66.7519302368164
9000000.00019459,-66.6657638549805
9000000.00019459,-66.589973449707
9000000.0001946,-66.5233383178711
9000000.0001946,-66.4638290405273
9000000.00019461,-66.4125366210938
9000000.00019461,-66.3707733154297
9000000.00019462,-66.33984375
9000000.00019462,-66.3210754394531
9000000.00019463,-66.3157653808594
9000000.00019463,-66.3252334594727
9000000.00019464,-66.3507843017578
9000000.00019464,-66.3937377929688
9000000.00019465,-66.4553985595703
9000000.00019465,-66.5370788574219
9000000.00019466,-66.6400909423828
9000000.00019466,-66.7661056518555
9000000.00019467,-66.9197692871094
9000000.00019467,-67.0999603271484
9000000.00019468,-67.3038482666016
9000000.00019468,-67.5285797119141
9000000.00019469,-67.7713165283203
9000000.00019469,-68.0292129516602
9000000.0001947,-68.2994384765625
9000000.0001947,-68.5791397094727
9000000.00019471,-68.865478515625
9000000.00019471,-69.1556167602539
9000000.00019472,-69.4467086791992
9000000.00019472,-69.7359161376953
9000000.00019473,-70.0204010009766
9000000.00019473,-70.3212127685547
9000000.00019474,-70.6557769775391
9000000.00019474,-71.015754699707
9000000.00019475,-71.3928146362305
9000000.00019475,-71.7786483764648
9000000.00019476,-72.164909362793
9000000.00019476,-72.5432739257813
9000000.00019477,-72.9054183959961
9000000.00019477,-73.2430114746094
9000000.00019478,-73.5477294921875
9000000.00019478,-73.8112411499023
9000000.00019479,-74.0252227783203
9000000.00019479,-74.1813430786133
9000000.0001948,-74.2748641967773
9000000.0001948,-74.3154296875
9000000.00019481,-74.30908203125
9000000.00019481,-74.2611999511719
9000000.00019482,-74.1771850585938
9000000.00019482,-74.0624084472656
9000000.00019483,-73.9222640991211
9000000.00019483,-73.7621459960938
9000000.00019484,-73.5874328613281
9000000.00019484,-73.4035110473633
9000000.00019485,-73.2157745361328
9000000.00019485,-73.0296096801758
9000000.00019486,-72.8504028320313
9000000.00019486,-72.6815567016602
9000000.00019487,-72.5018539428711
9000000.00019487,-72.3061370849609
9000000.00019488,-72.0969924926758
9000000.00019488,-71.8769760131836
9000000.00019489,-71.6486663818359
9000000.00019489,-71.4146347045898
9000000.0001949,-71.1774520874023
9000000.0001949,-70.939697265625
9000000.00019491,-70.7039337158203
9000000.00019491,-70.4727325439453
9000000.00019492,-70.2486724853516
9000000.00019492,-70.0343246459961
9000000.00019493,-69.8322525024414
9000000.00019493,-69.6349639892578
9000000.00019494,-69.4345245361328
9000000.00019494,-69.2328338623047
9000000.00019495,-69.0318069458008
9000000.00019495,-68.8333511352539
9000000.00019496,-68.6393814086914
9000000.00019496,-68.4518051147461
9000000.00019497,-68.2725372314453
9000000.00019497,-68.1034851074219
9000000.00019498,-67.9465560913086
9000000.00019498,-67.8036651611328
9000000.00019499,-67.6767272949219
9000000.00019499,-67.5676422119141
9000000.000195,-67.4740447998047
9000000.000195,-67.3842010498047
9000000.00019501,-67.2994766235352
9000000.00019501,-67.2223129272461
9000000.00019502,-67.155158996582
9000000.00019502,-67.1004638671875
9000000.00019503,-67.0606689453125
9000000.00019503,-67.0382308959961
9000000.00019504,-67.0355911254883
9000000.00019504,-67.0552062988281
9000000.00019505,-67.0995101928711
9000000.00019505,-67.1709518432617
9000000.00019506,-67.2719879150391
9000000.00019506,-67.4059524536133
9000000.00019507,-67.5844116210938
9000000.00019507,-67.8052978515625
9000000.00019508,-68.0622940063477
9000000.00019508,-68.3490905761719
9000000.00019509,-68.6593856811523
9000000.00019509,-68.9868545532227
9000000.0001951,-69.3252029418945
9000000.0001951,-69.668098449707
9000000.00019511,-70.0092468261719
9000000.00019511,-70.3423385620117
9000000.00019512,-70.6610488891602
9000000.00019512,-70.9590759277344
9000000.00019513,-71.2301025390625
9000000.00019513,-71.4953765869141
9000000.00019514,-71.7763061523438
9000000.00019514,-72.0668106079102
9000000.00019515,-72.3608245849609
9000000.00019515,-72.6522750854492
9000000.00019516,-72.9351043701172
9000000.00019516,-73.2032241821289
9000000.00019517,-73.4505767822266
9000000.00019517,-73.6710891723633
9000000.00019518,-73.8586807250977
9000000.00019518,-74.0073013305664
9000000.00019519,-74.1108627319336
9000000.00019519,-74.1633071899414
9000000.0001952,-74.1578140258789
9000000.0001952,-74.0921630859375
9000000.00019521,-73.9734420776367
9000000.00019521,-73.8091354370117
9000000.00019522,-73.6067504882813
9000000.00019522,-73.3738021850586
9000000.00019523,-73.117790222168
9000000.00019523,-72.8462142944336
9000000.00019524,-72.5665817260742
9000000.00019524,-72.2863998413086
9000000.00019525,-72.0131683349609
9000000.00019525,-71.75439453125
9000000.00019526,-71.5175857543945
9000000.00019526,-71.3079986572266
9000000.00019527,-71.1021957397461
9000000.00019527,-70.8930740356445
9000000.00019528,-70.6820678710938
9000000.00019528,-70.470588684082
9000000.00019529,-70.2600708007813
9000000.00019529,-70.0519332885742
9000000.0001953,-69.8476028442383
9000000.0001953,-69.6484985351563
9000000.00019531,-69.4560546875
9000000.00019531,-69.2716903686523
9000000.00019532,-69.0968246459961
9000000.00019532,-68.9328842163086
9000000.00019533,-68.7812957763672
9000000.00019533,-68.6408767700195
9000000.00019534,-68.5092391967773
9000000.00019534,-68.3859939575195
9000000.00019535,-68.2707595825195
9000000.00019535,-68.1631393432617
9000000.00019536,-68.062744140625
9000000.00019536,-67.9692001342773
9000000.00019537,-67.8821029663086
9000000.00019537,-67.8010711669922
9000000.00019538,-67.7257232666016
9000000.00019538,-67.6556625366211
9000000.00019539,-67.5905075073242
9000000.00019539,-67.5298690795898
9000000.0001954,-67.4717330932617
9000000.0001954,-67.4116439819336
9000000.00019541,-67.3512954711914
9000000.00019541,-67.2928466796875
9000000.00019542,-67.2384414672852
9000000.00019542,-67.1902313232422
9000000.00019543,-67.1503753662109
9000000.00019543,-67.1210327148438
9000000.00019544,-67.1043395996094
9000000.00019544,-67.1024551391602
9000000.00019545,-67.1175308227539
9000000.00019545,-67.151725769043
9000000.00019546,-67.2071838378906
9000000.00019546,-67.284553527832
9000000.00019547,-67.3669128417969
9000000.00019547,-67.4520874023438
9000000.00019548,-67.5440979003906
9000000.00019548,-67.6469421386719
9000000.00019549,-67.7646255493164
9000000.00019549,-67.9011611938477
9000000.0001955,-68.060546875
9000000.0001955,-68.2468032836914
9000000.00019551,-68.4639282226563
9000000.00019551,-68.715934753418
9000000.00019552,-69.0068206787109
9000000.00019552,-69.3405990600586
9000000.00019553,-69.7212753295898
9000000.00019553,-70.1943969726563
9000000.00019554,-70.7862548828125
9000000.00019554,-71.4719848632813
9000000.00019555,-72.2267227172852
9000000.00019555,-73.0256118774414
9000000.00019556,-73.8437805175781
9000000.00019556,-74.6563720703125
9000000.00019557,-75.4385223388672
9000000.00019557,-76.1653747558594
9000000.00019558,-76.8120498657227
9000000.00019558,-77.3536987304688
9000000.00019559,-77.7654495239258
9000000.00019559,-78.0224456787109
9000000.0001956,-78.1094818115234
9000000.0001956,-78.0525588989258
9000000.00019561,-77.8704986572266
9000000.00019561,-77.5804901123047
9000000.00019562,-77.19970703125
9000000.00019562,-76.7453308105469
9000000.00019563,-76.2345581054688
9000000.00019563,-75.6845703125
9000000.00019564,-75.1125411987305
9000000.00019564,-74.5356597900391
9000000.00019565,-73.9711074829102
9000000.00019565,-73.4360733032227
9000000.00019566,-72.9477386474609
9000000.00019566,-72.5179138183594
9000000.00019567,-72.0900421142578
9000000.00019567,-71.6478576660156
9000000.00019568,-71.1956253051758
9000000.00019568,-70.7376098632813
9000000.00019569,-70.2780914306641
9000000.00019569,-69.8213272094727
9000000.0001957,-69.3716049194336
9000000.0001957,-68.9331817626953
9000000.00019571,-68.5103302001953
9000000.00019571,-68.1073226928711
9000000.00019572,-67.7284317016602
9000000.00019572,-67.3779296875
9000000.00019573,-67.0600738525391
9000000.00019573,-66.7672348022461
9000000.00019574,-66.4894714355469
9000000.00019574,-66.2276229858398
9000000.00019575,-65.9825134277344
9000000.00019575,-65.7549819946289
9000000.00019576,-65.5458526611328
9000000.00019576,-65.3559722900391
9000000.00019577,-65.186164855957
9000000.00019577,-65.0372543334961
9000000.00019578,-64.9100875854492
9000000.00019578,-64.8054962158203
9000000.00019579,-64.7243041992188
9000000.00019579,-64.667350769043
9000000.0001958,-64.6352996826172
9000000.0001958,-64.6277389526367
9000000.00019581,-64.6439056396484
9000000.00019581,-64.6830520629883
9000000.00019582,-64.7444305419922
9000000.00019582,-64.8272857666016
9000000.00019583,-64.9308700561523
9000000.00019583,-65.0544357299805
9000000.00019584,-65.1972274780273
9000000.00019584,-65.3585052490234
9000000.00019585,-65.5375061035156
9000000.00019585,-65.7334976196289
9000000.00019586,-65.9457092285156
9000000.00019586,-66.175407409668
9000000.00019587,-66.4457626342773
9000000.00019587,-66.7577590942383
9000000.00019588,-67.1039047241211
9000000.00019588,-67.476692199707
9000000.00019589,-67.8686294555664
9000000.00019589,-68.272216796875
9000000.0001959,-68.6799545288086
9000000.0001959,-69.0843353271484
9000000.00019591,-69.4778747558594
9000000.00019591,-69.8530578613281
9000000.00019592,-70.2024002075195
9000000.00019592,-70.5184020996094
9000000.00019593,-70.7935485839844
9000000.00019593,-71.0423583984375
9000000.00019594,-71.2830047607422
9000000.00019594,-71.5134963989258
9000000.00019595,-71.7318496704102
9000000.00019595,-71.9360656738281
9000000.00019596,-72.1241683959961
9000000.00019596,-72.2941589355469
9000000.00019597,-72.4440536499023
9000000.00019597,-72.5718612670898
9000000.00019598,-72.6755981445313
9000000.00019598,-72.7532653808594
9000000.00019599,-72.8028869628906
9000000.00019599,-72.8224716186523
9000000.000196,-72.8070297241211
9000000.000196,-72.7482604980469
9000000.00019601,-72.6506805419922
9000000.00019601,-72.5196685791016
9000000.00019602,-72.3606109619141
9000000.00019602,-72.1789016723633
9000000.00019603,-71.9799194335938
9000000.00019603,-71.7690582275391
9000000.00019604,-71.5517044067383
9000000.00019604,-71.3332443237305
9000000.00019605,-71.1190643310547
9000000.00019605,-70.91455078125
9000000.00019606,-70.72509765625
9000000.00019606,-70.5542449951172
9000000.00019607,-70.3824996948242
9000000.00019607,-70.2047271728516
9000000.00019608,-70.0228881835938
9000000.00019608,-69.8389587402344
9000000.00019609,-69.6549072265625
9000000.00019609,-69.4726867675781
9000000.0001961,-69.2942733764648
9000000.0001961,-69.1216354370117
9000000.00019611,-68.9567337036133
9000000.00019611,-68.8015365600586
9000000.00019612,-68.6580047607422
9000000.00019612,-68.5281143188477
9000000.00019613,-68.4138259887695
9000000.00019613,-68.3134613037109
9000000.00019614,-68.2236862182617
9000000.00019614,-68.1439819335938
9000000.00019615,-68.0738525390625
9000000.00019615,-68.0127792358398
9000000.00019616,-67.9602508544922
9000000.00019616,-67.9157638549805
9000000.00019617,-67.8787994384766
9000000.00019617,-67.8488464355469
9000000.00019618,-67.8254013061523
9000000.00019618,-67.8079452514648
9000000.00019619,-67.7959747314453
9000000.00019619,-67.7889785766602
9000000.0001962,-67.7868041992188
9000000.0001962,-67.7904434204102
9000000.00019621,-67.8001556396484
9000000.00019621,-67.8161087036133
9000000.00019622,-67.838493347168
9000000.00019622,-67.8674697875977
9000000.00019623,-67.9032287597656
9000000.00019623,-67.9459381103516
9000000.00019624,-67.9957809448242
9000000.00019624,-68.0529251098633
9000000.00019625,-68.117561340332
9000000.00019625,-68.1898498535156
9000000.00019626,-68.2699813842773
9000000.00019626,-68.3577270507813
9000000.00019627,-68.4485244750977
9000000.00019627,-68.5421447753906
9000000.00019628,-68.6400527954102
9000000.00019628,-68.7436904907227
9000000.00019629,-68.8545150756836
9000000.00019629,-68.9739761352539
9000000.0001963,-69.1035308837891
9000000.0001963,-69.2446212768555
9000000.00019631,-69.3987045288086
9000000.00019631,-69.5672302246094
9000000.00019632,-69.7516555786133
9000000.00019632,-69.9534225463867
9000000.00019633,-70.1739959716797
9000000.00019633,-70.426643371582
9000000.00019634,-70.7187118530273
9000000.00019634,-71.0427627563477
9000000.00019635,-71.391357421875
9000000.00019635,-71.7570571899414
9000000.00019636,-72.1324234008789
9000000.00019636,-72.5100173950195
9000000.00019637,-72.8824081420898
9000000.00019637,-73.2421417236328
9000000.00019638,-73.581787109375
9000000.00019638,-73.893913269043
9000000.00019639,-74.1710739135742
9000000.00019639,-74.4058303833008
9000000.0001964,-74.6024017333984
9000000.0001964,-74.7927093505859
9000000.00019641,-74.9754104614258
9000000.00019641,-75.1463088989258
9000000.00019642,-75.3012161254883
9000000.00019642,-75.4359283447266
9000000.00019643,-75.5462493896484
9000000.00019643,-75.6279830932617
9000000.00019644,-75.6769409179688
9000000.00019644,-75.6889190673828
9000000.00019645,-75.6597290039063
9000000.00019645,-75.5851669311523
9000000.00019646,-75.4610443115234
9000000.00019646,-75.2814559936523
9000000.00019647,-75.0247421264648
9000000.00019647,-74.6944046020508
9000000.00019648,-74.3019332885742
9000000.00019648,-73.8587951660156
9000000.00019649,-73.3764724731445
9000000.00019649,-72.8664398193359
9000000.0001965,-72.3401870727539
9000000.0001965,-71.8091812133789
9000000.00019651,-71.2848968505859
9000000.00019651,-70.7788238525391
9000000.00019652,-70.3024368286133
9000000.00019652,-69.8672103881836
9000000.00019653,-69.4846267700195
9000000.00019653,-69.1345520019531
9000000.00019654,-68.7905502319336
9000000.00019654,-68.4546661376953
9000000.00019655,-68.1289443969727
9000000.00019655,-67.8154144287109
9000000.00019656,-67.5161285400391
9000000.00019656,-67.2331237792969
9000000.00019657,-66.9684295654297
9000000.00019657,-66.7240982055664
9000000.00019658,-66.5021591186523
9000000.00019658,-66.3046569824219
9000000.00019659,-66.1336364746094
9000000.00019659,-65.9911346435547
9000000.0001966,-65.8759231567383
9000000.0001966,-65.7790603637695
9000000.00019661,-65.7009811401367
9000000.00019661,-65.6428985595703
9000000.00019662,-65.6060333251953
9000000.00019662,-65.5916137695313
9000000.00019663,-65.6008529663086
9000000.00019663,-65.6349868774414
9000000.00019664,-65.6952285766602
9000000.00019664,-65.7827987670898
9000000.00019665,-65.8989181518555
9000000.00019665,-66.0448226928711
9000000.00019666,-66.2217178344727
9000000.00019666,-66.4309158325195
9000000.00019667,-66.6738052368164
9000000.00019667,-66.9493179321289
9000000.00019668,-67.2558212280273
9000000.00019668,-67.5917282104492
9000000.00019669,-67.9554061889648
9000000.00019669,-68.3452606201172
9000000.0001967,-68.7596817016602
9000000.0001967,-69.1970443725586
9000000.00019671,-69.6557540893555
9000000.00019671,-70.1341934204102
9000000.00019672,-70.6307525634766
9000000.00019672,-71.1438293457031
9000000.00019673,-71.6717987060547
9000000.00019673,-72.2579193115234
9000000.00019674,-72.9331893920898
9000000.00019674,-73.6776809692383
9000000.00019675,-74.4714279174805
9000000.00019675,-75.2944946289063
9000000.00019676,-76.1269226074219
9000000.00019676,-76.9487609863281
9000000.00019677,-77.7400741577148
9000000.00019677,-78.4808959960938
9000000.00019678,-79.1512908935547
9000000.00019678,-79.7313003540039
9000000.00019679,-80.2009811401367
9000000.00019679,-80.5403900146484
9000000.0001968,-80.7360305786133
9000000.0001968,-80.8052368164063
9000000.00019681,-80.7641220092773
9000000.00019681,-80.6278533935547
9000000.00019682,-80.4115829467773
9000000.00019682,-80.1304550170898
9000000.00019683,-79.7996444702148
9000000.00019683,-79.4342956542969
9000000.00019684,-79.0495681762695
9000000.00019684,-78.6606216430664
9000000.00019685,-78.282600402832
9000000.00019685,-77.9306716918945
9000000.00019686,-77.6199798583984
9000000.00019686,-77.3620529174805
9000000.00019687,-77.1199645996094
9000000.00019687,-76.8795318603516
9000000.00019688,-76.6399383544922
9000000.00019688,-76.4003829956055
9000000.00019689,-76.1600646972656
9000000.00019689,-75.9181747436523
9000000.0001969,-75.6739044189453
9000000.0001969,-75.4264526367188
9000000.00019691,-75.1750106811523
9000000.00019691,-74.9187774658203
9000000.00019692,-74.6569442749023
9000000.00019692,-74.3887100219727
9000000.00019693,-74.1132583618164
9000000.00019693,-73.8254547119141
9000000.00019694,-73.5227203369141
9000000.00019694,-73.2080993652344
9000000.00019695,-72.8846435546875
9000000.00019695,-72.5553970336914
9000000.00019696,-72.2234039306641
9000000.00019696,-71.8917236328125
9000000.00019697,-71.5633850097656
9000000.00019697,-71.241455078125
9000000.00019698,-70.9289627075195
9000000.00019698,-70.6289672851563
9000000.00019699,-70.3445129394531
9000000.00019699,-70.0786437988281
9000000.000197,-69.8280029296875
9000000.000197,-69.5750198364258
9000000.00019701,-69.3215408325195
9000000.00019701,-69.0710144042969
9000000.00019702,-68.8269195556641
9000000.00019702,-68.5926895141602
9000000.00019703,-68.3717956542969
9000000.00019703,-68.1676940917969
9000000.00019704,-67.9838409423828
9000000.00019704,-67.8236923217773
9000000.00019705,-67.6907043457031
9000000.00019705,-67.5883331298828
9000000.00019706,-67.5200424194336
9000000.00019706,-67.4877471923828
9000000.00019707,-67.4746398925781
9000000.00019707,-67.4773712158203
9000000.00019708,-67.4987258911133
9000000.00019708,-67.5414733886719
9000000.00019709,-67.6083831787109
9000000.00019709,-67.7022323608398
9000000.0001971,-67.825798034668
9000000.0001971,-67.9818420410156
9000000.00019711,-68.1731491088867
9000000.00019711,-68.4024963378906
9000000.00019712,-68.6726455688477
9000000.00019712,-68.9863739013672
9000000.00019713,-69.3464584350586
9000000.00019713,-69.8006210327148
9000000.00019714,-70.3779983520508
9000000.00019714,-71.0535125732422
9000000.00019715,-71.8020629882813
9000000.00019715,-72.5985641479492
9000000.00019716,-73.4179229736328
9000000.00019716,-74.2350616455078
9000000.00019717,-75.0248870849609
9000000.00019717,-75.7623062133789
9000000.00019718,-76.4222259521484
9000000.00019718,-76.9795684814453
9000000.00019719,-77.4092407226563
9000000.00019719,-77.686149597168
9000000.0001972,-77.7958755493164
9000000.0001972,-77.7671737670898
9000000.00019721,-77.6183090209961
9000000.00019721,-77.3656539916992
9000000.00019722,-77.0255584716797
9000000.00019722,-76.6143951416016
9000000.00019723,-76.1485290527344
9000000.00019723,-75.6443176269531
9000000.00019724,-75.1181335449219
9000000.00019724,-74.5863342285156
9000000.00019725,-74.0652847290039
9000000.00019725,-73.5713577270508
9000000.00019726,-73.1209030151367
9000000.00019726,-72.7253341674805
9000000.00019727,-72.3326416015625
9000000.00019727,-71.9273529052734
9000000.00019728,-71.5128707885742
9000000.00019728,-71.0926208496094
9000000.00019729,-70.6700134277344
9000000.00019729,-70.2484664916992
9000000.0001973,-69.8313903808594
9000000.0001973,-69.4222106933594
9000000.00019731,-69.0243377685547
9000000.00019731,-68.6411819458008
9000000.00019732,-68.2761688232422
9000000.00019732,-67.9327087402344
9000000.00019733,-67.6142120361328
9000000.00019733,-67.3147583007813
9000000.00019734,-67.0265121459961
9000000.00019734,-66.7500534057617
9000000.00019735,-66.485969543457
9000000.00019735,-66.2348251342773
9000000.00019736,-65.9972152709961
9000000.00019736,-65.7736968994141
9000000.00019737,-65.5648727416992
9000000.00019737,-65.3713073730469
9000000.00019738,-65.1935729980469
9000000.00019738,-65.0322647094727
9000000.00019739,-64.8879547119141
9000000.00019739,-64.7612152099609
9000000.0001974,-64.6517333984375
9000000.0001974,-64.5570373535156
9000000.00019741,-64.4772338867188
9000000.00019741,-64.4126434326172
9000000.00019742,-64.3635711669922
9000000.00019742,-64.3303527832031
9000000.00019743,-64.3132934570313
9000000.00019743,-64.3127212524414
9000000.00019744,-64.3289566040039
9000000.00019744,-64.3623046875
9000000.00019745,-64.4131011962891
9000000.00019745,-64.4816589355469
9000000.00019746,-64.5682907104492
9000000.00019746,-64.672233581543
9000000.00019747,-64.7807464599609
9000000.00019747,-64.8933715820313
9000000.00019748,-65.0143051147461
9000000.00019748,-65.1477737426758
9000000.00019749,-65.2979583740234
9000000.00019749,-65.4690780639648
9000000.0001975,-65.6653366088867
9000000.0001975,-65.8909301757813
9000000.00019751,-66.1500625610352
9000000.00019751,-66.4469451904297
9000000.00019752,-66.7857818603516
9000000.00019752,-67.1707763671875
9000000.00019753,-67.6061325073242
9000000.00019753,-68.1320266723633
9000000.00019754,-68.7709121704102
9000000.00019754,-69.5004043579102
9000000.00019755,-70.2981109619141
9000000.00019755,-71.1416549682617
9000000.00019756,-72.0086364746094
9000000.00019756,-72.8766632080078
9000000.00019757,-73.7233657836914
9000000.00019757,-74.5263442993164
9000000.00019758,-75.2632141113281
9000000.00019758,-75.9115829467773
9000000.00019759,-76.4490661621094
9000000.00019759,-76.853271484375
9000000.0001976,-77.1152801513672
9000000.0001976,-77.2716064453125
9000000.00019761,-77.3354187011719
9000000.00019761,-77.3171157836914
9000000.00019762,-77.2271041870117
9000000.00019762,-77.0757751464844
9000000.00019763,-76.8735427856445
9000000.00019763,-76.6307983398438
9000000.00019764,-76.3579559326172
9000000.00019764,-76.0653991699219
9000000.00019765,-75.7635498046875
9000000.00019765,-75.4627990722656
9000000.00019766,-75.1735458374023
9000000.00019766,-74.9018325805664
9000000.00019767,-74.600227355957
9000000.00019767,-74.2587203979492
9000000.00019768,-73.8845367431641
9000000.00019768,-73.4849243164063
9000000.00019769,-73.0671157836914
9000000.00019769,-72.6383438110352
9000000.0001977,-72.2058563232422
9000000.0001977,-71.7768859863281
9000000.00019771,-71.3586654663086
9000000.00019771,-70.9584426879883
9000000.00019772,-70.5834426879883
9000000.00019772,-70.2409133911133
9000000.00019773,-69.9380874633789
9000000.00019773,-69.6640777587891
9000000.00019774,-69.403450012207
9000000.00019774,-69.1566009521484
9000000.00019775,-68.923942565918
9000000.00019775,-68.7058792114258
9000000.00019776,-68.502815246582
9000000.00019776,-68.3151626586914
9000000.00019777,-68.1433181762695
9000000.00019777,-67.9876861572266
9000000.00019778,-67.8486862182617
9000000.00019778,-67.7267074584961
9000000.00019779,-67.6221618652344
9000000.00019779,-67.5354537963867
9000000.0001978,-67.464485168457
9000000.0001978,-67.4023361206055
9000000.00019781,-67.3505706787109
9000000.00019781,-67.3114166259766
9000000.00019782,-67.287109375
9000000.00019782,-67.2798767089844
9000000.00019783,-67.2919464111328
9000000.00019783,-67.3255462646484
9000000.00019784,-67.3828964233398
9000000.00019784,-67.4662475585938
9000000.00019785,-67.5778045654297
9000000.00019785,-67.7198104858398
9000000.00019786,-67.8944854736328
9000000.00019786,-68.1054534912109
9000000.00019787,-68.3699035644531
9000000.00019787,-68.6860427856445
9000000.00019788,-69.0457763671875
9000000.00019788,-69.4410018920898
9000000.00019789,-69.8636016845703
9000000.00019789,-70.3054885864258
9000000.0001979,-70.758544921875
9000000.0001979,-71.2146759033203
9000000.00019791,-71.665771484375
9000000.00019791,-72.1037368774414
9000000.00019792,-72.5204696655273
9000000.00019792,-72.9078521728516
9000000.00019793,-73.2577896118164
9000000.00019793,-73.5976943969727
9000000.00019794,-73.9551391601563
9000000.00019794,-74.3222579956055
9000000.00019795,-74.6911926269531
9000000.00019795,-75.0540924072266
9000000.00019796,-75.4030914306641
9000000.00019796,-75.7303314208984
9000000.00019797,-76.0279541015625
9000000.00019797,-76.2881011962891
9000000.00019798,-76.5029144287109
9000000.00019798,-76.6645278930664
9000000.00019799,-76.7650985717773
9000000.00019799,-76.7967529296875
9000000.000198,-76.7511367797852
9000000.000198,-76.6266555786133
9000000.00019801,-76.4320983886719
9000000.00019801,-76.1766891479492
9000000.00019802,-75.8696365356445
9000000.00019802,-75.5201797485352
9000000.00019803,-75.1375274658203
9000000.00019803,-74.7309112548828
9000000.00019804,-74.3095550537109
9000000.00019804,-73.8826675415039
9000000.00019805,-73.4594879150391
9000000.00019805,-73.0492324829102
9000000.00019806,-72.6611175537109
9000000.00019806,-72.3011169433594
9000000.00019807,-71.9345474243164
9000000.00019807,-71.5526123046875
9000000.00019808,-71.1591415405273
9000000.00019808,-70.7579498291016
9000000.00019809,-70.3528594970703
9000000.00019809,-69.9476928710938
9000000.0001981,-69.5462799072266
9000000.0001981,-69.1524276733398
9000000.00019811,-68.7699661254883
9000000.00019811,-68.4027252197266
9000000.00019812,-68.0545120239258
9000000.00019812,-67.7291564941406
9000000.00019813,-67.4304809570313
9000000.00019813,-67.1501770019531
9000000.00019814,-66.8783721923828
9000000.00019814,-66.6165161132813
9000000.00019815,-66.3660659790039
9000000.00019815,-66.1284866333008
9000000.00019816,-65.9052276611328
9000000.00019816,-65.69775390625
9000000.00019817,-65.5075149536133
9000000.00019817,-65.3359756469727
9000000.00019818,-65.1845932006836
9000000.00019818,-65.054817199707
9000000.00019819,-64.948112487793
9000000.00019819,-64.8659286499023
9000000.0001982,-64.8081893920898
9000000.0001982,-64.770637512207
9000000.00019821,-64.7529754638672
9000000.00019821,-64.7552261352539
9000000.00019822,-64.7774353027344
9000000.00019822,-64.8196487426758
9000000.00019823,-64.8819046020508
9000000.00019823,-64.964241027832
9000000.00019824,-65.0667037963867
9000000.00019824,-65.1893310546875
9000000.00019825,-65.3321685791016
9000000.00019825,-65.495246887207
9000000.00019826,-65.6786117553711
9000000.00019826,-65.8833694458008
9000000.00019827,-66.1219940185547
9000000.00019827,-66.3946228027344
9000000.00019828,-66.6968002319336
9000000.00019828,-67.0240936279297
9000000.00019829,-67.3720474243164
9000000.00019829,-67.7362365722656
9000000.0001983,-68.1121978759766
9000000.0001983,-68.4954986572266
9000000.00019831,-68.8816909790039
9000000.00019831,-69.2663421630859
9000000.00019832,-69.6449966430664
9000000.00019832,-70.0132141113281
9000000.00019833,-70.3665542602539
9000000.00019833,-70.7282867431641
9000000.00019834,-71.1190948486328
9000000.00019834,-71.5306625366211
9000000.00019835,-71.9546661376953
9000000.00019835,-72.3828048706055
9000000.00019836,-72.8067398071289
9000000.00019836,-73.2181625366211
9000000.00019837,-73.6087493896484
9000000.00019837,-73.9701919555664
9000000.00019838,-74.2941589355469
9000000.00019838,-74.5723495483398
9000000.00019839,-74.7964248657227
9000000.00019839,-74.9580764770508
9000000.0001984,-75.0533752441406
9000000.0001984,-75.0941925048828
9000000.00019841,-75.0859069824219
9000000.00019841,-75.0330352783203
9000000.00019842,-74.9401092529297
9000000.00019842,-74.811637878418
9000000.00019843,-74.6521530151367
9000000.00019843,-74.4661636352539
9000000.00019844,-74.2582015991211
9000000.00019844,-74.0327758789063
9000000.00019845,-73.7944107055664
9000000.00019845,-73.5476379394531
9000000.00019846,-73.2969589233398
9000000.00019846,-73.0442733764648
9000000.00019847,-72.7603149414063
9000000.00019847,-72.4406127929688
9000000.00019848,-72.0913696289063
9000000.00019848,-71.7187805175781
9000000.00019849,-71.3290481567383
9000000.00019849,-70.9283752441406
9000000.0001985,-70.5229644775391
9000000.0001985,-70.1190032958984
9000000.00019851,-69.7227096557617
9000000.00019851,-69.3402709960938
9000000.00019852,-68.977897644043
9000000.00019852,-68.6417846679688
9000000.00019853,-68.3381271362305
9000000.00019853,-68.0558395385742
9000000.00019854,-67.7805023193359
9000000.00019854,-67.5133209228516
9000000.00019855,-67.255500793457
9000000.00019855,-67.0082473754883
9000000.00019856,-66.7727737426758
9000000.00019856,-66.5502777099609
9000000.00019857,-66.3419647216797
9000000.00019857,-66.1490478515625
9000000.00019858,-65.9727325439453
9000000.00019858,-65.8142166137695
9000000.00019859,-65.6747207641602
9000000.00019859,-65.5554428100586
9000000.0001986,-65.4567642211914
9000000.0001986,-65.37646484375
9000000.00019861,-65.3138961791992
9000000.00019861,-65.2686157226563
9000000.00019862,-65.2401580810547
9000000.00019862,-65.2280654907227
9000000.00019863,-65.2318725585938
9000000.00019863,-65.2511291503906
9000000.00019864,-65.2853775024414
9000000.00019864,-65.3341522216797
9000000.00019865,-65.3969955444336
9000000.00019865,-65.4734497070313
9000000.00019866,-65.5630645751953
9000000.00019866,-65.666259765625
9000000.00019867,-65.7933578491211
9000000.00019867,-65.9448928833008
9000000.00019868,-66.1176528930664
9000000.00019868,-66.3084106445313
9000000.00019869,-66.5139617919922
9000000.00019869,-66.7310791015625
9000000.0001987,-66.95654296875
9000000.0001987,-67.1871337890625
9000000.00019871,-67.4196319580078
9000000.00019871,-67.6508178710938
9000000.00019872,-67.8774719238281
9000000.00019872,-68.0963821411133
9000000.00019873,-68.3043212890625
9000000.00019873,-68.5161590576172
9000000.00019874,-68.7455368041992
9000000.00019874,-68.9873962402344
9000000.00019875,-69.2366790771484
9000000.00019875,-69.4883270263672
9000000.00019876,-69.7372894287109
9000000.00019876,-69.9785003662109
9000000.00019877,-70.2069091796875
9000000.00019877,-70.4174575805664
9000000.00019878,-70.605094909668
9000000.00019878,-70.7647476196289
9000000.00019879,-70.8913650512695
9000000.00019879,-70.9798965454102
9000000.0001988,-71.0278701782227
9000000.0001988,-71.0422973632813
9000000.00019881,-71.0265045166016
9000000.00019881,-70.9833221435547
9000000.00019882,-70.9155883789063
9000000.00019882,-70.8261260986328
9000000.00019883,-70.7177581787109
9000000.00019883,-70.5933303833008
9000000.00019884,-70.4556579589844
9000000.00019884,-70.3075790405273
9000000.00019885,-70.1519165039063
9000000.00019885,-69.9915008544922
9000000.00019886,-69.8291702270508
9000000.00019886,-69.6661682128906
9000000.00019887,-69.4850082397461
9000000.00019887,-69.2829055786133
9000000.00019888,-69.0634460449219
9000000.00019888,-68.8302230834961
9000000.00019889,-68.5868148803711
9000000.00019889,-68.3368225097656
9000000.0001989,-68.0838241577148
9000000.0001989,-67.8314056396484
9000000.00019891,-67.5831604003906
9000000.00019891,-67.3426666259766
9000000.00019892,-67.113525390625
9000000.00019892,-66.8993148803711
9000000.00019893,-66.7036285400391
9000000.00019893,-66.517936706543
9000000.00019894,-66.3324813842773
9000000.00019894,-66.1489715576172
9000000.00019895,-65.9691390991211
9000000.00019895,-65.7947082519531
9000000.00019896,-65.6273956298828
9000000.00019896,-65.4689254760742
9000000.00019897,-65.3210220336914
9000000.00019897,-65.1854019165039
9000000.00019898,-65.0638046264648
9000000.00019898,-64.9579315185547
9000000.00019899,-64.8695220947266
9000000.00019899,-64.8002853393555
9000000.000199,-64.7507629394531
9000000.000199,-64.7176818847656
9000000.00019901,-64.7001647949219
9000000.00019901,-64.6975860595703
9000000.00019902,-64.7093124389648
9000000.00019902,-64.7347183227539
9000000.00019903,-64.7731781005859
9000000.00019903,-64.8240661621094
9000000.00019904,-64.8867492675781
9000000.00019904,-64.9606018066406
9000000.00019905,-65.0449981689453
9000000.00019905,-65.1393051147461
9000000.00019906,-65.2428970336914
9000000.00019906,-65.3561935424805
9000000.00019907,-65.4912643432617
9000000.00019907,-65.6488418579102
9000000.00019908,-65.8252334594727
9000000.00019908,-66.0167541503906
9000000.00019909,-66.2197189331055
9000000.00019909,-66.4304275512695
9000000.0001991,-66.6452026367188
9000000.0001991,-66.8603515625
9000000.00019911,-67.0721893310547
9000000.00019911,-67.2770233154297
9000000.00019912,-67.4711761474609
9000000.00019912,-67.6509399414063
9000000.00019913,-67.8126449584961
9000000.00019913,-67.9627914428711
9000000.00019914,-68.1098937988281
9000000.00019914,-68.2532730102539
9000000.00019915,-68.3922653198242
9000000.00019915,-68.5261917114258
9000000.00019916,-68.6543807983398
9000000.00019916,-68.7761688232422
9000000.00019917,-68.890869140625
9000000.00019917,-68.9978179931641
9000000.00019918,-69.0963439941406
9000000.00019918,-69.1857757568359
9000000.00019919,-69.2654342651367
9000000.00019919,-69.3346481323242
9000000.0001992,-69.3920974731445
9000000.0001992,-69.4360046386719
9000000.00019921,-69.4675827026367
9000000.00019921,-69.4882736206055
9000000.00019922,-69.4994964599609
9000000.00019922,-69.5026931762695
9000000.00019923,-69.4992828369141
9000000.00019923,-69.4906997680664
9000000.00019924,-69.4783706665039
9000000.00019924,-69.4637298583984
9000000.00019925,-69.4481964111328
9000000.00019925,-69.433219909668
9000000.00019926,-69.4202117919922
9000000.00019926,-69.4104766845703
9000000.00019927,-69.4030609130859
9000000.00019927,-69.3966598510742
9000000.00019928,-69.3903045654297
9000000.00019928,-69.3830261230469
9000000.00019929,-69.3738555908203
9000000.00019929,-69.3618316650391
9000000.0001993,-69.3459854125977
9000000.0001993,-69.3253479003906
9000000.00019931,-69.2989501953125
9000000.00019931,-69.2658233642578
9000000.00019932,-69.2250061035156
9000000.00019932,-69.1755294799805
9000000.00019933,-69.1164245605469
9000000.00019933,-69.0451583862305
9000000.00019934,-68.9610977172852
9000000.00019934,-68.8661270141602
9000000.00019935,-68.7621383666992
9000000.00019935,-68.6510162353516
9000000.00019936,-68.5346374511719
9000000.00019936,-68.414909362793
9000000.00019937,-68.2936935424805
9000000.00019937,-68.1728973388672
9000000.00019938,-68.0543975830078
9000000.00019938,-67.9400787353516
9000000.00019939,-67.8318328857422
9000000.00019939,-67.7315368652344
9000000.0001994,-67.6359100341797
9000000.0001994,-67.5307159423828
9000000.00019941,-67.4180603027344
9000000.00019941,-67.301383972168
9000000.00019942,-67.1841201782227
9000000.00019942,-67.069709777832
9000000.00019943,-66.9615936279297
9000000.00019943,-66.8631896972656
9000000.00019944,-66.7779541015625
9000000.00019944,-66.7093124389648
9000000.00019945,-66.6606979370117
9000000.00019945,-66.6355514526367
9000000.00019946,-66.6373062133789
9000000.00019946,-66.6679763793945
9000000.00019947,-66.7120819091797
9000000.00019947,-66.7663116455078
9000000.00019948,-66.8329925537109
9000000.00019948,-66.9144515991211
9000000.00019949,-67.0130157470703
9000000.00019949,-67.1309967041016
9000000.0001995,-67.2707290649414
9000000.0001995,-67.4345397949219
9000000.00019951,-67.6247482299805
9000000.00019951,-67.8436737060547
9000000.00019952,-68.0936508178711
9000000.00019952,-68.3769989013672
9000000.00019953,-68.696044921875
9000000.00019953,-69.0651245117188
9000000.00019954,-69.491340637207
9000000.00019954,-69.9661407470703
9000000.00019955,-70.4809799194336
9000000.00019955,-71.0273056030273
9000000.00019956,-71.5965728759766
9000000.00019956,-72.1802291870117
9000000.00019957,-72.7697372436523
9000000.00019957,-73.3565368652344
9000000.00019958,-73.9320831298828
9000000.00019958,-74.4878311157227
9000000.00019959,-75.0152359008789
9000000.00019959,-75.5057373046875
9000000.0001996,-75.9699630737305
9000000.0001996,-76.4605102539063
9000000.00019961,-76.9712371826172
9000000.00019961,-77.4911804199219
9000000.00019962,-78.0093536376953
9000000.00019962,-78.5147857666016
9000000.00019963,-78.9964981079102
9000000.00019963,-79.4435272216797
9000000.00019964,-79.8448867797852
9000000.00019964,-80.1896057128906
9000000.00019965,-80.4667053222656
9000000.00019965,-80.6652221679688
9000000.00019966,-80.774169921875
9000000.00019966,-80.782096862793
9000000.00019967,-80.6789398193359
9000000.00019967,-80.474494934082
9000000.00019968,-80.1823425292969
9000000.00019968,-79.816032409668
9000000.00019969,-79.3891372680664
9000000.00019969,-78.9152221679688
9000000.0001997,-78.4078521728516
9000000.0001997,-77.8805923461914
9000000.00019971,-77.3470001220703
9000000.00019971,-76.8206558227539
9000000.00019972,-76.3151168823242
9000000.00019972,-75.8439483642578
9000000.00019973,-75.4207077026367
9000000.00019973,-75.0201568603516
9000000.00019974,-74.6100692749023
9000000.00019974,-74.1935577392578
9000000.00019975,-73.7737579345703
9000000.00019975,-73.3537750244141
9000000.00019976,-72.9367446899414
9000000.00019976,-72.5257720947266
9000000.00019977,-72.1239929199219
9000000.00019977,-71.7345123291016
9000000.00019978,-71.360466003418
9000000.00019978,-71.0049667358398
9000000.00019979,-70.6711349487305
9000000.00019979,-70.3620986938477
9000000.0001998,-70.0762329101563
9000000.0001998,-69.8005752563477
9000000.00019981,-69.5355606079102
9000000.00019981,-69.2827987670898
9000000.00019982,-69.0438690185547
9000000.00019982,-68.8203735351563
9000000.00019983,-68.6139144897461
9000000.00019983,-68.4260787963867
9000000.00019984,-68.2584686279297
9000000.00019984,-68.112678527832
9000000.00019985,-67.9903106689453
9000000.00019985,-67.892951965332
9000000.00019986,-67.8221969604492
9000000.00019986,-67.7783432006836
9000000.00019987,-67.74658203125
9000000.00019987,-67.7252807617188
9000000.00019988,-67.7182083129883
9000000.00019988,-67.7291259765625
9000000.00019989,-67.7618026733398
9000000.00019989,-67.8199996948242
9000000.0001999,-67.9074859619141
9000000.0001999,-68.0280227661133
9000000.00019991,-68.1853713989258
9000000.00019991,-68.3833084106445
9000000.00019992,-68.6255950927734
9000000.00019992,-68.9159927368164
9000000.00019993,-69.2582702636719
9000000.00019993,-69.6921768188477
9000000.00019994,-70.240364074707
9000000.00019994,-70.8809585571289
9000000.00019995,-71.5920639038086
9000000.00019995,-72.351806640625
9000000.00019996,-73.1383056640625
9000000.00019996,-73.9296722412109
9000000.00019997,-74.7040252685547
9000000.00019997,-75.4394836425781
9000000.00019998,-76.1141586303711
9000000.00019998,-76.7061767578125
9000000.00019999,-77.1936416625977
9000000.00019999,-77.5546875
9000000.0002,-77.7805862426758
9000000.0002,-77.9070587158203
9000000.00020001,-77.9469680786133
9000000.00020001,-77.9104766845703
9000000.00020002,-77.807731628418
9000000.00020002,-77.6488952636719
9000000.00020003,-77.4441299438477
9000000.00020003,-77.2035903930664
9000000.00020004,-76.9374313354492
9000000.00020004,-76.6558227539063
9000000.00020005,-76.3689117431641
9000000.00020005,-76.0868530273438
9000000.00020006,-75.8198165893555
9000000.00020006,-75.5741500854492
9000000.00020007,-75.3090438842773
9000000.00020007,-75.0147705078125
9000000.00020008,-74.6964569091797
9000000.00020008,-74.3592529296875
9000000.00020009,-74.0082702636719
9000000.00020009,-73.6486511230469
9000000.0002001,-73.2855224609375
9000000.0002001,-72.9240264892578
9000000.00020011,-72.5692825317383
9000000.00020011,-72.2264251708984
9000000.00020012,-71.9005889892578
9000000.00020012,-71.5969009399414
9000000.00020013,-71.3205032348633
9000000.00020013,-71.064208984375
9000000.00020014,-70.8174514770508
9000000.00020014,-70.5802536010742
9000000.00020015,-70.3526306152344
9000000.00020015,-70.1346054077148
9000000.00020016,-69.9261932373047
9000000.00020016,-69.7274322509766
9000000.00020017,-69.5383224487305
9000000.00020017,-69.3589019775391
9000000.00020018,-69.1891937255859
9000000.00020018,-69.0291976928711
9000000.00020019,-68.8789596557617
9000000.00020019,-68.7384872436523
9000000.0002002,-68.6047210693359
9000000.0002002,-68.4691543579102
9000000.00020021,-68.334228515625
9000000.00020021,-68.2032012939453
9000000.00020022,-68.0793380737305
9000000.00020022,-67.9659042358398
9000000.00020023,-67.8661575317383
9000000.00020023,-67.7833709716797
9000000.00020024,-67.7208023071289
9000000.00020024,-67.6817169189453
9000000.00020025,-67.6693801879883
9000000.00020025,-67.6870574951172
9000000.00020026,-67.7380065917969
9000000.00020026,-67.8236618041992
9000000.00020027,-67.9237594604492
9000000.00020027,-68.0350723266602
9000000.00020028,-68.1617889404297
9000000.00020028,-68.3080749511719
9000000.00020029,-68.4781036376953
9000000.00020029,-68.6760482788086
9000000.0002003,-68.9060897827148
9000000.0002003,-69.1724014282227
9000000.00020031,-69.4791564941406
9000000.00020031,-69.8305282592773
9000000.00020032,-70.2306900024414
9000000.00020032,-70.6838226318359
9000000.00020033,-71.194091796875
9000000.00020033,-71.8263473510742
9000000.00020034,-72.619743347168
9000000.00020034,-73.5399169921875
9000000.00020035,-74.552490234375
9000000.00020035,-75.6231002807617
9000000.00020036,-76.7173767089844
9000000.00020036,-77.8009567260742
9000000.00020037,-78.839469909668
9000000.00020037,-79.7985534667969
9000000.00020038,-80.6438369750977
9000000.00020038,-81.340950012207
9000000.00020039,-81.8555297851563
9000000.00020039,-82.1532135009766
9000000.0002004,-82.2086563110352
9000000.0002004,-82.0459289550781
9000000.00020041,-81.694465637207
9000000.00020041,-81.1826171875
9000000.00020042,-80.5387420654297
9000000.00020042,-79.7911834716797
9000000.00020043,-78.9682922363281
9000000.00020043,-78.0984268188477
9000000.00020044,-77.2099227905273
9000000.00020044,-76.3311386108398
9000000.00020045,-75.4904327392578
9000000.00020045,-74.7161407470703
9000000.00020046,-74.0366134643555
9000000.00020046,-73.4728927612305
9000000.00020047,-72.949951171875
9000000.00020047,-72.4411773681641
9000000.00020048,-71.9471588134766
9000000.00020048,-71.4684982299805
9000000.00020049,-71.0057907104492
9000000.00020049,-70.5596313476563
9000000.0002005,-70.130615234375
9000000.0002005,-69.719352722168
9000000.00020051,-69.3264236450195
9000000.00020051,-68.9524383544922
9000000.00020052,-68.5979843139648
9000000.00020052,-68.263671875
9000000.00020053,-67.950080871582
9000000.00020053,-67.6564254760742
9000000.00020054,-67.3815078735352
9000000.00020054,-67.1252975463867
9000000.00020055,-66.8877944946289
9000000.00020055,-66.6689605712891
9000000.00020056,-66.4687957763672
9000000.00020056,-66.2872772216797
9000000.00020057,-66.1243896484375
9000000.00020057,-65.9801177978516
9000000.00020058,-65.8544464111328
9000000.00020058,-65.7473449707031
9000000.00020059,-65.6588134765625
9000000.00020059,-65.5888290405273
9000000.0002006,-65.5382690429688
9000000.0002006,-65.5096054077148
9000000.00020061,-65.5021362304688
9000000.00020061,-65.5149307250977
9000000.00020062,-65.5470504760742
9000000.00020062,-65.5975646972656
9000000.00020063,-65.6655349731445
9000000.00020063,-65.7500152587891
9000000.00020064,-65.8500900268555
9000000.00020064,-65.9648056030273
9000000.00020065,-66.0932388305664
9000000.00020065,-66.2344436645508
9000000.00020066,-66.3874969482422
9000000.00020066,-66.5524749755859
9000000.00020067,-66.7411346435547
9000000.00020067,-66.9544677734375
9000000.00020068,-67.1891860961914
9000000.00020068,-67.4420013427734
9000000.00020069,-67.7096252441406
9000000.00020069,-67.9887542724609
9000000.0002007,-68.276123046875
9000000.0002007,-68.5684204101563
9000000.00020071,-68.8623580932617
9000000.00020071,-69.1546630859375
9000000.00020072,-69.442024230957
9000000.00020072,-69.7211685180664
9000000.00020073,-69.9887924194336
9000000.00020073,-70.2588729858398
9000000.00020074,-70.5445098876953
9000000.00020074,-70.8411331176758
9000000.00020075,-71.144172668457
9000000.00020075,-71.4490661621094
9000000.00020076,-71.7512359619141
9000000.00020076,-72.0461196899414
9000000.00020077,-72.3291397094727
9000000.00020077,-72.5957260131836
9000000.00020078,-72.8413162231445
9000000.00020078,-73.0613403320313
9000000.00020079,-73.251220703125
9000000.00020079,-73.4063873291016
9000000.0002008,-73.5238494873047
9000000.0002008,-73.6077880859375
9000000.00020081,-73.6618347167969
9000000.00020081,-73.6893844604492
9000000.00020082,-73.6938018798828
9000000.00020082,-73.6784820556641
9000000.00020083,-73.6468048095703
9000000.00020083,-73.6021499633789
9000000.00020084,-73.5479049682617
9000000.00020084,-73.4874572753906
9000000.00020085,-73.4241790771484
9000000.00020085,-73.361457824707
9000000.00020086,-73.3026733398438
9000000.00020086,-73.2505645751953
9000000.00020087,-73.1987228393555
9000000.00020087,-73.1440124511719
9000000.00020088,-73.0856018066406
9000000.00020088,-73.0226516723633
9000000.00020089,-72.954345703125
9000000.00020089,-72.8798446655273
9000000.0002009,-72.7983093261719
9000000.0002009,-72.7089157104492
9000000.00020091,-72.6108322143555
9000000.00020091,-72.5032272338867
9000000.00020092,-72.3852691650391
9000000.00020092,-72.2561264038086
9000000.00020093,-72.1149673461914
9000000.00020093,-71.9583129882813
9000000.00020094,-71.7847366333008
9000000.00020094,-71.5965042114258
9000000.00020095,-71.395866394043
9000000.00020095,-71.1850662231445
9000000.00020096,-70.9663696289063
9000000.00020096,-70.7420272827148
9000000.00020097,-70.514289855957
9000000.00020097,-70.2854156494141
9000000.00020098,-70.0576553344727
9000000.00020098,-69.8332595825195
9000000.00020099,-69.6144943237305
9000000.00020099,-69.4035949707031
9000000.000201,-69.1960983276367
9000000.000201,-68.973503112793
9000000.00020101,-68.7387542724609
9000000.00020101,-68.4965515136719
9000000.00020102,-68.2515640258789
9000000.00020102,-68.0084915161133
9000000.00020103,-67.7719955444336
9000000.00020103,-67.5467758178711
9000000.00020104,-67.3375091552734
9000000.00020104,-67.1488876342773
9000000.00020105,-66.9855804443359
9000000.00020105,-66.8522796630859
9000000.00020106,-66.7536697387695
9000000.00020106,-66.6929016113281
9000000.00020107,-66.6539154052734
9000000.00020107,-66.6322631835938
9000000.00020108,-66.6293411254883
9000000.00020108,-66.6465454101563
9000000.00020109,-66.6852722167969
9000000.00020109,-66.7469177246094
9000000.0002011,-66.8328857421875
9000000.0002011,-66.9445648193359
9000000.00020111,-67.0833587646484
9000000.00020111,-67.2506561279297
9000000.00020112,-67.447868347168
9000000.00020112,-67.6763763427734
9000000.00020113,-67.9375839233398
9000000.00020113,-68.2647094726563
9000000.00020114,-68.6786270141602
9000000.00020114,-69.162223815918
9000000.00020115,-69.6984176635742
9000000.00020115,-70.2701034545898
9000000.00020116,-70.8601684570313
9000000.00020116,-71.4515228271484
9000000.00020117,-72.0270690917969
9000000.00020117,-72.569694519043
9000000.00020118,-73.0623016357422
9000000.00020118,-73.4878005981445
9000000.00020119,-73.8290786743164
9000000.00020119,-74.0690307617188
9000000.0002012,-74.198600769043
9000000.0002012,-74.2394790649414
9000000.00020121,-74.2035064697266
9000000.00020121,-74.1010360717773
9000000.00020122,-73.9423980712891
9000000.00020122,-73.7379531860352
9000000.00020123,-73.4980239868164
9000000.00020123,-73.2329711914063
9000000.00020124,-72.953125
9000000.00020124,-72.6688385009766
9000000.00020125,-72.3904495239258
9000000.00020125,-72.128303527832
9000000.00020126,-71.8927459716797
9000000.00020126,-71.6909713745117
9000000.00020127,-71.4900054931641
9000000.00020127,-71.2800598144531
9000000.00020128,-71.0633392333984
9000000.00020128,-70.8420333862305
9000000.00020129,-70.6183395385742
9000000.00020129,-70.3944549560547
9000000.0002013,-70.1725616455078
9000000.0002013,-69.9548721313477
9000000.00020131,-69.7435760498047
9000000.00020131,-69.5408554077148
9000000.00020132,-69.3489227294922
9000000.00020132,-69.1699676513672
9000000.00020133,-69.0061874389648
9000000.00020133,-68.8551940917969
9000000.00020134,-68.7129440307617
9000000.00020134,-68.5791091918945
9000000.00020135,-68.4533538818359
9000000.00020135,-68.3353576660156
9000000.00020136,-68.2247848510742
9000000.00020136,-68.1213150024414
9000000.00020137,-68.0246200561523
9000000.00020137,-67.9343719482422
9000000.00020138,-67.8502426147461
9000000.00020138,-67.7719039916992
9000000.00020139,-67.6990356445313
9000000.00020139,-67.6313018798828
9000000.0002014,-67.5663528442383
9000000.0002014,-67.4986267089844
9000000.00020141,-67.4300765991211
9000000.00020141,-67.3632125854492
9000000.00020142,-67.3005447387695
9000000.00020142,-67.2445983886719
9000000.00020143,-67.1978759765625
9000000.00020143,-67.1628952026367
9000000.00020144,-67.1421661376953
9000000.00020144,-67.1381988525391
9000000.00020145,-67.1535186767578
9000000.00020145,-67.1906356811523
9000000.00020146,-67.2520523071289
9000000.00020146,-67.3392715454102
9000000.00020147,-67.441276550293
9000000.00020147,-67.5556411743164
9000000.00020148,-67.6839599609375
9000000.00020148,-67.8278350830078
9000000.00020149,-67.9888534545898
9000000.00020149,-68.1686248779297
9000000.0002015,-68.3687286376953
9000000.0002015,-68.5907669067383
9000000.00020151,-68.8363342285156
9000000.00020151,-69.1070251464844
9000000.00020152,-69.4044418334961
9000000.00020152,-69.7301712036133
9000000.00020153,-70.085807800293
9000000.00020153,-70.5106582641602
9000000.00020154,-71.0294952392578
9000000.00020154,-71.6221237182617
9000000.00020155,-72.2683410644531
9000000.00020155,-72.9479522705078
9000000.00020156,-73.640754699707
9000000.00020156,-74.3265609741211
9000000.00020157,-74.9851608276367
9000000.00020157,-75.5963592529297
9000000.00020158,-76.1399536132813
9000000.00020158,-76.5957565307617
9000000.00020159,-76.9435653686523
9000000.00020159,-77.1631774902344
9000000.0002016,-77.2397003173828
9000000.0002016,-77.1872406005859
9000000.00020161,-77.0231094360352
9000000.00020161,-76.7639846801758
9000000.00020162,-76.4265365600586
9000000.00020162,-76.0274353027344
9000000.00020163,-75.5833587646484
9000000.00020163,-75.1109848022461
9000000.00020164,-74.6269760131836
9000000.00020164,-74.1480102539063
9000000.00020165,-73.6907577514648
9000000.00020165,-73.2718963623047
9000000.00020166,-72.9080963134766
9000000.00020166,-72.6115264892578
9000000.00020167,-72.3357391357422
9000000.00020167,-72.0650329589844
9000000.00020168,-71.8005981445313
9000000.00020168,-71.5436019897461
9000000.00020169,-71.2952270507813
9000000.00020169,-71.056640625
9000000.0002017,-70.8290252685547
9000000.0002017,-70.6135482788086
9000000.00020171,-70.4113922119141
9000000.00020171,-70.2237396240234
9000000.00020172,-70.0517501831055
9000000.00020172,-69.896614074707
9000000.00020173,-69.7594985961914
9000000.00020173,-69.6460342407227
9000000.00020174,-69.558723449707
9000000.00020174,-69.4940338134766
9000000.00020175,-69.4484176635742
9000000.00020175,-69.4183502197266
9000000.00020176,-69.4002914428711
9000000.00020176,-69.3907012939453
9000000.00020177,-69.3860549926758
9000000.00020177,-69.3828048706055
9000000.00020178,-69.3774261474609
9000000.00020178,-69.3663787841797
9000000.00020179,-69.3461227416992
9000000.00020179,-69.3131332397461
9000000.0002018,-69.2652816772461
9000000.0002018,-69.206413269043
9000000.00020181,-69.1391525268555
9000000.00020181,-69.0659027099609
9000000.00020182,-68.9890518188477
9000000.00020182,-68.9109954833984
9000000.00020183,-68.8341217041016
9000000.00020183,-68.7608184814453
9000000.00020184,-68.693489074707
9000000.00020184,-68.6345138549805
9000000.00020185,-68.586296081543
9000000.00020185,-68.5512237548828
9000000.00020186,-68.5316848754883
9000000.00020186,-68.5295486450195
9000000.00020187,-68.5395202636719
9000000.00020187,-68.5593643188477
9000000.00020188,-68.5887680053711
9000000.00020188,-68.6274185180664
9000000.00020189,-68.6749877929688
9000000.00020189,-68.7311706542969
9000000.0002019,-68.795654296875
9000000.0002019,-68.8681182861328
9000000.00020191,-68.9482421875
9000000.00020191,-69.0357208251953
9000000.00020192,-69.1302337646484
9000000.00020192,-69.2314758300781
9000000.00020193,-69.339111328125
9000000.00020193,-69.4637832641602
9000000.00020194,-69.6130218505859
9000000.00020194,-69.7818756103516
9000000.00020195,-69.9653778076172
9000000.00020195,-70.1585693359375
9000000.00020196,-70.3565063476563
9000000.00020196,-70.5542144775391
9000000.00020197,-70.7467498779297
9000000.00020197,-70.9291458129883
9000000.00020198,-71.0964508056641
9000000.00020198,-71.2436981201172
9000000.00020199,-71.3659362792969
9000000.00020199,-71.4582138061523
9000000.000202,-71.5202484130859
9000000.000202,-71.5648803710938
9000000.00020201,-71.593635559082
9000000.00020201,-71.6070098876953
9000000.00020202,-71.6054611206055
9000000.00020202,-71.589485168457
9000000.00020203,-71.5595397949219
9000000.00020203,-71.51611328125
9000000.00020204,-71.4596710205078
9000000.00020204,-71.3907012939453
9000000.00020205,-71.3096771240234
9000000.00020205,-71.2170715332031
9000000.00020206,-71.1133575439453
9000000.00020206,-70.9979629516602
9000000.00020207,-70.8586502075195
9000000.00020207,-70.6948165893555
9000000.00020208,-70.5103530883789
9000000.00020208,-70.3091506958008
9000000.00020209,-70.095085144043
9000000.00020209,-69.8720474243164
9000000.0002021,-69.6439208984375
9000000.0002021,-69.4145965576172
9000000.00020211,-69.1879501342773
9000000.00020211,-68.9678726196289
9000000.00020212,-68.7582473754883
9000000.00020212,-68.5629577636719
9000000.00020213,-68.3859024047852
9000000.00020213,-68.216911315918
9000000.00020214,-68.044807434082
9000000.00020214,-67.8718872070313
9000000.00020215,-67.7004699707031
9000000.00020215,-67.5328750610352
9000000.00020216,-67.3713989257813
9000000.00020216,-67.2183532714844
9000000.00020217,-67.0760650634766
9000000.00020217,-66.9468307495117
9000000.00020218,-66.8329696655273
9000000.00020218,-66.7367935180664
9000000.00020219,-66.6606063842773
9000000.00020219,-66.6067276000977
9000000.0002022,-66.5727005004883
9000000.0002022,-66.5454559326172
9000000.00020221,-66.5263214111328
9000000.00020221,-66.5178146362305
9000000.00020222,-66.5224685668945
9000000.00020222,-66.5427856445313
9000000.00020223,-66.5813064575195
9000000.00020223,-66.6405410766602
9000000.00020224,-66.7230224609375
9000000.00020224,-66.8312606811523
9000000.00020225,-66.9677734375
9000000.00020225,-67.1351013183594
9000000.00020226,-67.3357467651367
9000000.00020226,-67.5726699829102
9000000.00020227,-67.8517913818359
9000000.00020227,-68.1709289550781
9000000.00020228,-68.5256652832031
9000000.00020228,-68.91162109375
9000000.00020229,-69.3243789672852
9000000.00020229,-69.7595443725586
9000000.0002023,-70.2127304077148
9000000.0002023,-70.6795272827148
9000000.00020231,-71.1555404663086
9000000.00020231,-71.6363677978516
9000000.00020232,-72.1176147460938
9000000.00020232,-72.5948867797852
9000000.00020233,-73.0637664794922
9000000.00020233,-73.568115234375
9000000.00020234,-74.1424560546875
9000000.00020234,-74.7684326171875
9000000.00020235,-75.4276962280273
9000000.00020235,-76.1018829345703
9000000.00020236,-76.7726516723633
9000000.00020236,-77.421630859375
9000000.00020237,-78.0304794311523
9000000.00020237,-78.5808410644531
9000000.00020238,-79.0543594360352
9000000.00020238,-79.4326705932617
9000000.00020239,-79.6974334716797
9000000.00020239,-79.8302917480469
9000000.0002024,-79.8145523071289
9000000.0002024,-79.6543655395508
9000000.00020241,-79.3679656982422
9000000.00020241,-78.9738693237305
9000000.00020242,-78.4905700683594
9000000.00020242,-77.9365768432617
9000000.00020243,-77.3303985595703
9000000.00020243,-76.6905364990234
9000000.00020244,-76.0354995727539
9000000.00020244,-75.3837890625
9000000.00020245,-74.7539215087891
9000000.00020245,-74.1643829345703
9000000.00020246,-73.6336975097656
9000000.00020246,-73.1752777099609
9000000.00020247,-72.7366714477539
9000000.00020247,-72.3004531860352
9000000.00020248,-71.8682327270508
9000000.00020248,-71.441650390625
9000000.00020249,-71.022331237793
9000000.00020249,-70.6119003295898
9000000.0002025,-70.2119750976563
9000000.0002025,-69.8241958618164
9000000.00020251,-69.4501800537109
9000000.00020251,-69.0915451049805
9000000.00020252,-68.7499313354492
9000000.00020252,-68.4269638061523
9000000.00020253,-68.1242599487305
9000000.00020253,-67.8390884399414
9000000.00020254,-67.5677947998047
9000000.00020254,-67.3105926513672
9000000.00020255,-67.0677261352539
9000000.00020255,-66.8394241333008
9000000.00020256,-66.6259231567383
9000000.00020256,-66.4274444580078
9000000.00020257,-66.2442321777344
9000000.00020257,-66.0764999389648
9000000.00020258,-65.9244995117188
9000000.00020258,-65.7884521484375
9000000.00020259,-65.668586730957
9000000.00020259,-65.5651397705078
9000000.0002026,-65.478385925293
9000000.0002026,-65.408447265625
9000000.00020261,-65.3550415039063
9000000.00020261,-65.3178634643555
9000000.00020262,-65.2966232299805
9000000.00020262,-65.2910079956055
9000000.00020263,-65.3007278442383
9000000.00020263,-65.3254699707031
9000000.00020264,-65.3649368286133
9000000.00020264,-65.418830871582
9000000.00020265,-65.4868469238281
9000000.00020265,-65.5686874389648
9000000.00020266,-65.6640472412109
9000000.00020266,-65.7732925415039
9000000.00020267,-65.9041748046875
9000000.00020267,-66.0570678710938
9000000.00020268,-66.2294998168945
9000000.00020268,-66.4190292358398
9000000.00020269,-66.6231918334961
9000000.00020269,-66.8395233154297
9000000.0002027,-67.0655670166016
9000000.0002027,-67.2988586425781
9000000.00020271,-67.5369491577148
9000000.00020271,-67.7773742675781
9000000.00020272,-68.0176696777344
9000000.00020272,-68.2553863525391
9000000.00020273,-68.4880523681641
9000000.00020273,-68.7341995239258
9000000.00020274,-69.0090713500977
9000000.00020274,-69.3053283691406
9000000.00020275,-69.6156234741211
9000000.00020275,-69.9326171875
9000000.00020276,-70.2489471435547
9000000.00020276,-70.5572814941406
9000000.00020277,-70.8502731323242
9000000.00020277,-71.1205673217773
9000000.00020278,-71.3608169555664
9000000.00020278,-71.5636901855469
9000000.00020279,-71.7218246459961
9000000.00020279,-71.827880859375
9000000.0002028,-71.8783645629883
9000000.0002028,-71.8836975097656
9000000.00020281,-71.8486633300781
9000000.00020281,-71.7772598266602
9000000.00020282,-71.6735076904297
9000000.00020282,-71.5414352416992
9000000.00020283,-71.3850402832031
9000000.00020283,-71.2083435058594
9000000.00020284,-71.0153656005859
9000000.00020284,-70.8101119995117
9000000.00020285,-70.5966110229492
9000000.00020285,-70.3788681030273
9000000.00020286,-70.1609039306641
9000000.00020286,-69.9445190429688
9000000.00020287,-69.7051315307617
9000000.00020287,-69.4387893676758
9000000.00020288,-69.1505126953125
9000000.00020288,-68.8452987670898
9000000.00020289,-68.5281448364258
9000000.00020289,-68.2040710449219
9000000.0002029,-67.8780670166016
9000000.0002029,-67.5551528930664
9000000.00020291,-67.2403182983398
9000000.00020291,-66.9385833740234
9000000.00020292,-66.6549453735352
9000000.00020292,-66.3944091796875
9000000.00020293,-66.161979675293
9000000.00020293,-65.9473342895508
9000000.00020294,-65.7378921508789
9000000.00020294,-65.5352935791016
9000000.00020295,-65.3412017822266
9000000.00020295,-65.1572418212891
9000000.00020296,-64.9850616455078
9000000.00020296,-64.8263092041016
9000000.00020297,-64.6826248168945
9000000.00020297,-64.5556488037109
9000000.00020298,-64.4470367431641
9000000.00020298,-64.3584213256836
9000000.00020299,-64.2914428710938
9000000.00020299,-64.2477569580078
9000000.000203,-64.2263031005859
9000000.000203,-64.2196807861328
9000000.00020301,-64.2282867431641
9000000.00020301,-64.2531814575195
9000000.00020302,-64.2954330444336
9000000.00020302,-64.356086730957
9000000.00020303,-64.4362106323242
9000000.00020303,-64.536865234375
9000000.00020304,-64.6591033935547
9000000.00020304,-64.8039855957031
9000000.00020305,-64.9725799560547
9000000.00020305,-65.1659317016602
9000000.00020306,-65.3851165771484
9000000.00020306,-65.630859375
9000000.00020307,-65.8998336791992
9000000.00020307,-66.1910400390625
9000000.00020308,-66.5046768188477
9000000.00020308,-66.8409652709961
9000000.00020309,-67.2001190185547
9000000.00020309,-67.5823364257813
9000000.0002031,-67.9878311157227
9000000.0002031,-68.4168167114258
9000000.00020311,-68.869499206543
9000000.00020311,-69.3460922241211
9000000.00020312,-69.8468017578125
9000000.00020312,-70.3718490600586
9000000.00020313,-70.9214324951172
9000000.00020313,-71.5474319458008
9000000.00020314,-72.28466796875
9000000.00020314,-73.1077651977539
9000000.00020315,-73.9913330078125
9000000.00020315,-74.9100036621094
9000000.00020316,-75.8383865356445
9000000.00020316,-76.751106262207
9000000.00020317,-77.6227798461914
9000000.00020317,-78.4280319213867
9000000.00020318,-79.1414794921875
9000000.00020318,-79.7377395629883
9000000.00020319,-80.1914291381836
9000000.00020319,-80.477180480957
9000000.0002032,-80.575569152832
9000000.0002032,-80.5024032592773
9000000.00020321,-80.2799911499023
9000000.00020321,-79.9300231933594
9000000.00020322,-79.4741973876953
9000000.00020322,-78.9342041015625
9000000.00020323,-78.3317489624023
9000000.00020323,-77.6885147094727
9000000.00020324,-77.0261993408203
9000000.00020324,-76.3664932250977
9000000.00020325,-75.7310943603516
9000000.00020325,-75.1417007446289
9000000.00020326,-74.6199951171875
9000000.00020326,-74.1818389892578
9000000.00020327,-73.7670211791992
9000000.00020327,-73.3551483154297
9000000.00020328,-72.9476470947266
9000000.00020328,-72.5459671020508
9000000.00020329,-72.1515655517578
9000000.00020329,-71.7658843994141
9000000.0002033,-71.3903656005859
9000000.0002033,-71.0264587402344
9000000.00020331,-70.6756057739258
9000000.00020331,-70.3392639160156
9000000.00020332,-70.0188674926758
9000000.00020332,-69.7158660888672
9000000.00020333,-69.4317169189453
9000000.00020333,-69.1652069091797
9000000.00020334,-68.913932800293
9000000.00020334,-68.677490234375
9000000.00020335,-68.4554901123047
9000000.00020335,-68.2475204467773
9000000.00020336,-68.0531921386719
9000000.00020336,-67.8721008300781
9000000.00020337,-67.7038650512695
9000000.00020337,-67.5480728149414
9000000.00020338,-67.4043426513672
9000000.00020338,-67.2722549438477
9000000.00020339,-67.1514358520508
9000000.00020339,-67.0414657592773
9000000.0002034,-66.9416046142578
9000000.0002034,-66.8508377075195
9000000.00020341,-66.7698822021484
9000000.00020341,-66.6995468139648
9000000.00020342,-66.6406784057617
9000000.00020342,-66.5940856933594
9000000.00020343,-66.5605926513672
9000000.00020343,-66.5410308837891
9000000.00020344,-66.5362167358398
9000000.00020344,-66.5469818115234
9000000.00020345,-66.5741424560547
9000000.00020345,-66.6185302734375
9000000.00020346,-66.6809692382813
9000000.00020346,-66.7625350952148
9000000.00020347,-66.8666458129883
9000000.00020347,-66.9925842285156
9000000.00020348,-67.1384124755859
9000000.00020348,-67.3021697998047
9000000.00020349,-67.4818954467773
9000000.00020349,-67.675651550293
9000000.0002035,-67.8814697265625
9000000.0002035,-68.097412109375
9000000.00020351,-68.3215103149414
9000000.00020351,-68.5518188476563
9000000.00020352,-68.7863845825195
9000000.00020352,-69.0232543945313
9000000.00020353,-69.2604751586914
9000000.00020353,-69.5194625854492
9000000.00020354,-69.81689453125
9000000.00020354,-70.1436462402344
9000000.00020355,-70.4906311035156
9000000.00020355,-70.8487396240234
9000000.00020356,-71.2088623046875
9000000.00020356,-71.5619125366211
9000000.00020357,-71.8987655639648
9000000.00020357,-72.210334777832
9000000.00020358,-72.4875030517578
9000000.00020358,-72.7211837768555
9000000.00020359,-72.9022521972656
9000000.00020359,-73.0216293334961
9000000.0002036,-73.0755004882813
9000000.0002036,-73.0783081054688
9000000.00020361,-73.035514831543
9000000.00020361,-72.9515151977539
9000000.00020362,-72.8307189941406
9000000.00020362,-72.6775131225586
9000000.00020363,-72.4963073730469
9000000.00020363,-72.2914886474609
9000000.00020364,-72.0674591064453
9000000.00020364,-71.82861328125
9000000.00020365,-71.5793533325195
9000000.00020365,-71.3240737915039
9000000.00020366,-71.0671691894531
9000000.00020366,-70.810546875
9000000.00020367,-70.5264739990234
9000000.00020367,-70.2106094360352
9000000.00020368,-69.8687286376953
9000000.00020368,-69.506591796875
9000000.00020369,-69.1299819946289
9000000.00020369,-68.7446670532227
9000000.0002037,-68.3564147949219
9000000.0002037,-67.9709930419922
9000000.00020371,-67.5941848754883
9000000.00020371,-67.2317428588867
9000000.00020372,-66.8894500732422
9000000.00020372,-66.5730743408203
9000000.00020373,-66.2883911132813
9000000.00020373,-66.0230255126953
9000000.00020374,-65.7621917724609
9000000.00020374,-65.5079956054688
9000000.00020375,-65.2625503540039
9000000.00020375,-65.0279846191406
9000000.00020376,-64.806396484375
9000000.00020376,-64.5999145507813
9000000.00020377,-64.4106521606445
9000000.00020377,-64.2407150268555
9000000.00020378,-64.0922241210938
9000000.00020378,-63.9673004150391
9000000.00020379,-63.868049621582
9000000.00020379,-63.7965927124023
9000000.0002038,-63.7502822875977
9000000.0002038,-63.7160377502441
9000000.00020381,-63.6954002380371
9000000.00020381,-63.691104888916
9000000.00020382,-63.7058906555176
9000000.00020382,-63.7424964904785
9000000.00020383,-63.8036613464355
9000000.00020383,-63.8921241760254
9000000.00020384,-64.0106201171875
9000000.00020384,-64.1618881225586
9000000.00020385,-64.3486785888672
9000000.00020385,-64.5737075805664
9000000.00020386,-64.839729309082
9000000.00020386,-65.1514358520508
9000000.00020387,-65.5329666137695
9000000.00020387,-65.9821472167969
9000000.00020388,-66.4879684448242
9000000.00020388,-67.0394134521484
9000000.00020389,-67.6254653930664
9000000.00020389,-68.235107421875
9000000.0002039,-68.8573226928711
9000000.0002039,-69.4810943603516
9000000.00020391,-70.0954055786133
9000000.00020391,-70.6892395019531
9000000.00020392,-71.2515716552734
9000000.00020392,-71.7714004516602
9000000.00020393,-72.2377014160156
9000000.00020393,-72.6815490722656
9000000.00020394,-73.1362533569336
9000000.00020394,-73.5941314697266
9000000.00020395,-74.0475234985352
9000000.00020395,-74.4887390136719
9000000.00020396,-74.9101104736328
9000000.00020396,-75.3039627075195
9000000.00020397,-75.6626205444336
9000000.00020397,-75.9784088134766
9000000.00020398,-76.24365234375
9000000.00020398,-76.4506759643555
9000000.00020399,-76.5918121337891
9000000.00020399,-76.6593780517578
9000000.000204,-76.6413421630859
9000000.000204,-76.5254974365234
9000000.00020401,-76.323486328125
9000000.00020401,-76.048454284668
9000000.00020402,-75.7135162353516
9000000.00020402,-75.3318099975586
9000000.00020403,-74.9164505004883
9000000.00020403,-74.480583190918
9000000.00020404,-74.0373153686523
9000000.00020404,-73.5998001098633
9000000.00020405,-73.1811447143555
9000000.00020405,-72.7944793701172
9000000.00020406,-72.4529495239258
9000000.00020406,-72.1664886474609
9000000.00020407,-71.9029235839844
9000000.00020407,-71.6499481201172
9000000.00020408,-71.4069442749023
9000000.00020408,-71.1732864379883
9000000.00020409,-70.9483489990234
9000000.00020409,-70.7315216064453
9000000.0002041,-70.5221786499023
9000000.0002041,-70.3196868896484
9000000.00020411,-70.1234359741211
9000000.00020411,-69.9328002929688
9000000.00020412,-69.7471542358398
9000000.00020412,-69.5658798217773
9000000.00020413,-69.3883514404297
9000000.00020413,-69.2164611816406
9000000.00020414,-69.0521697998047
9000000.00020414,-68.8949890136719
9000000.00020415,-68.7444229125977
9000000.00020415,-68.5999603271484
9000000.00020416,-68.4611206054688
9000000.00020416,-68.327392578125
9000000.00020417,-68.1982803344727
9000000.00020417,-68.0732955932617
9000000.00020418,-67.9519348144531
9000000.00020418,-67.8337020874023
9000000.00020419,-67.7180938720703
9000000.00020419,-67.6046142578125
9000000.0002042,-67.4916687011719
9000000.0002042,-67.3761749267578
9000000.00020421,-67.2595520019531
9000000.00020421,-67.1435317993164
9000000.00020422,-67.0298461914063
9000000.00020422,-66.9202270507813
9000000.00020423,-66.8163986206055
9000000.00020423,-66.7200927734375
9000000.00020424,-66.6330490112305
9000000.00020424,-66.5569915771484
9000000.00020425,-66.49365234375
9000000.00020425,-66.4447708129883
9000000.00020426,-66.4120635986328
9000000.00020426,-66.3968353271484
9000000.00020427,-66.3946838378906
9000000.00020427,-66.4039764404297
9000000.00020428,-66.4247055053711
9000000.00020428,-66.4568252563477
9000000.00020429,-66.5003280639648
9000000.00020429,-66.55517578125
9000000.0002043,-66.6213531494141
9000000.0002043,-66.6988296508789
9000000.00020431,-66.7875823974609
9000000.00020431,-66.887580871582
9000000.00020432,-66.9988098144531
9000000.00020432,-67.1212310791016
9000000.00020433,-67.2548294067383
9000000.00020433,-67.4042739868164
9000000.00020434,-67.5727310180664
9000000.00020434,-67.7579574584961
9000000.00020435,-67.9577026367188
9000000.00020435,-68.1697082519531
9000000.00020436,-68.3917236328125
9000000.00020436,-68.6214981079102
9000000.00020437,-68.8567733764648
9000000.00020437,-69.0953063964844
9000000.00020438,-69.334831237793
9000000.00020438,-69.5730972290039
9000000.00020439,-69.807861328125
9000000.00020439,-70.036865234375
9000000.0002044,-70.2635955810547
9000000.0002044,-70.5038452148438
9000000.00020441,-70.7554244995117
9000000.00020441,-71.0147094726563
9000000.00020442,-71.2780685424805
9000000.00020442,-71.5418701171875
9000000.00020443,-71.8024826049805
9000000.00020443,-72.056266784668
9000000.00020444,-72.2995986938477
9000000.00020444,-72.5288467407227
9000000.00020445,-72.7403717041016
9000000.00020445,-72.9305419921875
9000000.00020446,-73.0957260131836
9000000.00020446,-73.2334976196289
9000000.00020447,-73.3565521240234
9000000.00020447,-73.4683380126953
9000000.00020448,-73.5676956176758
9000000.00020448,-73.653450012207
9000000.00020449,-73.7244415283203
9000000.00020449,-73.7795028686523
9000000.0002045,-73.8174591064453
9000000.0002045,-73.837158203125
9000000.00020451,-73.8374252319336
9000000.00020451,-73.8170928955078
9000000.00020452,-73.7750015258789
9000000.00020452,-73.7099761962891
9000000.00020453,-73.620849609375
9000000.00020453,-73.4962539672852
9000000.00020454,-73.3298110961914
9000000.00020454,-73.1278228759766
9000000.00020455,-72.8966293334961
9000000.00020455,-72.6425476074219
9000000.00020456,-72.3718948364258
9000000.00020456,-72.0910034179688
9000000.00020457,-71.8061904907227
9000000.00020457,-71.5237731933594
9000000.00020458,-71.2500762939453
9000000.00020458,-70.9914321899414
9000000.00020459,-70.754150390625
9000000.00020459,-70.5445556640625
9000000.0002046,-70.3600769042969
9000000.0002046,-70.1763305664063
9000000.00020461,-69.9936752319336
9000000.00020461,-69.8145980834961
9000000.00020462,-69.6415939331055
9000000.00020462,-69.4771728515625
9000000.00020463,-69.3238143920898
9000000.00020463,-69.1840286254883
9000000.00020464,-69.0603179931641
9000000.00020464,-68.9551620483398
9000000.00020465,-68.8710708618164
9000000.00020465,-68.810546875
9000000.00020466,-68.7760696411133
9000000.00020466,-68.7694931030273
9000000.00020467,-68.7840423583984
9000000.00020467,-68.8173522949219
9000000.00020468,-68.8695526123047
9000000.00020468,-68.9407501220703
9000000.00020469,-69.0310516357422
9000000.00020469,-69.1405792236328
9000000.0002047,-69.2694320678711
9000000.0002047,-69.417724609375
9000000.00020471,-69.585578918457
9000000.00020471,-69.7730941772461
9000000.00020472,-69.9803848266602
9000000.00020472,-70.2075653076172
9000000.00020473,-70.4547424316406
9000000.00020473,-70.7503433227539
9000000.00020474,-71.1134262084961
9000000.00020474,-71.5300979614258
9000000.00020475,-71.986457824707
9000000.00020475,-72.468620300293
9000000.00020476,-72.9626693725586
9000000.00020476,-73.454719543457
9000000.00020477,-73.9308624267578
9000000.00020477,-74.3772125244141
9000000.00020478,-74.7798614501953
9000000.00020478,-75.1249084472656
9000000.00020479,-75.3984603881836
9000000.00020479,-75.5866241455078
9000000.0002048,-75.6848526000977
9000000.0002048,-75.7186126708984
9000000.00020481,-75.6952743530273
9000000.00020481,-75.6202087402344
9000000.00020482,-75.4988021850586
9000000.00020482,-75.3364334106445
9000000.00020483,-75.1384963989258
9000000.00020483,-74.9103622436523
9000000.00020484,-74.6574096679688
9000000.00020484,-74.3850326538086
9000000.00020485,-74.0986022949219
9000000.00020485,-73.8035049438477
9000000.00020486,-73.5051193237305
9000000.00020486,-73.2056427001953
9000000.00020487,-72.8695449829102
9000000.00020487,-72.4915161132813
9000000.00020488,-72.0791625976563
9000000.00020488,-71.6401062011719
9000000.00020489,-71.1819686889648
9000000.00020489,-70.7123641967773
9000000.0002049,-70.2389221191406
9000000.0002049,-69.7692642211914
9000000.00020491,-69.3109970092773
9000000.00020491,-68.8717422485352
9000000.00020492,-68.4591293334961
9000000.00020492,-68.0807800292969
9000000.00020493,-67.7443008422852
9000000.00020493,-67.4361572265625
9000000.00020494,-67.1386947631836
9000000.00020494,-66.8533477783203
9000000.00020495,-66.5815505981445
9000000.00020495,-66.3247528076172
9000000.00020496,-66.0843811035156
9000000.00020496,-65.8618698120117
9000000.00020497,-65.6586761474609
9000000.00020497,-65.4762191772461
9000000.00020498,-65.3159408569336
9000000.00020498,-65.1792907714844
9000000.00020499,-65.0676879882813
9000000.00020499,-64.9825897216797
9000000.000205,-64.9229507446289
9000000.000205,-64.8819961547852
9000000.00020501,-64.8601684570313
9000000.00020501,-64.8584976196289
9000000.00020502,-64.878044128418
9000000.00020502,-64.9198379516602
9000000.00020503,-64.9849319458008
9000000.00020503,-65.0743713378906
9000000.00020504,-65.1892013549805
9000000.00020504,-65.3304595947266
9000000.00020505,-65.4991912841797
9000000.00020505,-65.6964492797852
9000000.00020506,-65.9232711791992
9000000.00020506,-66.1828155517578
9000000.00020507,-66.5002975463867
9000000.00020507,-66.875114440918
9000000.00020508,-67.2974090576172
9000000.00020508,-67.7573089599609
9000000.00020509,-68.2449798583984
9000000.00020509,-68.7505493164063
9000000.0002051,-69.26416015625
9000000.0002051,-69.7759704589844
9000000.00020511,-70.2761001586914
9000000.00020511,-70.7547149658203
9000000.00020512,-71.2019424438477
9000000.00020512,-71.6079406738281
9000000.00020513,-71.9628372192383
9000000.00020513,-72.2936401367188
9000000.00020514,-72.6296081542969
9000000.00020514,-72.9642639160156
9000000.00020515,-73.2911376953125
9000000.00020515,-73.6037368774414
9000000.00020516,-73.8955993652344
9000000.00020516,-74.1602478027344
9000000.00020517,-74.3911972045898
9000000.00020517,-74.5819702148438
9000000.00020518,-74.7260971069336
9000000.00020518,-74.8171005249023
9000000.00020519,-74.848503112793
9000000.00020519,-74.8138198852539
9000000.0002052,-74.7027053833008
9000000.0002052,-74.5042572021484
9000000.00020521,-74.2285003662109
9000000.00020521,-73.8867111206055
9000000.00020522,-73.4902114868164
9000000.00020522,-73.0502853393555
9000000.00020523,-72.578254699707
9000000.00020523,-72.0854034423828
9000000.00020524,-71.5830383300781
9000000.00020524,-71.0824584960938
9000000.00020525,-70.594970703125
9000000.00020525,-70.1318740844727
9000000.00020526,-69.7044677734375
9000000.00020526,-69.3206176757813
9000000.00020527,-68.9442749023438
9000000.00020527,-68.5647506713867
9000000.00020528,-68.1844482421875
9000000.00020528,-67.8057708740234
9000000.00020529,-67.4311218261719
9000000.00020529,-67.0629119873047
9000000.0002053,-66.7035522460938
9000000.0002053,-66.3554306030273
9000000.00020531,-66.0209655761719
9000000.00020531,-65.7025604248047
9000000.00020532,-65.4026260375977
9000000.00020532,-65.1235504150391
9000000.00020533,-64.8677597045898
9000000.00020533,-64.6299591064453
9000000.00020534,-64.4038925170898
9000000.00020534,-64.1905136108398
9000000.00020535,-63.9907569885254
9000000.00020535,-63.8055725097656
9000000.00020536,-63.6359024047852
9000000.00020536,-63.4826889038086
9000000.00020537,-63.3468818664551
9000000.00020537,-63.2294158935547
9000000.00020538,-63.1312446594238
9000000.00020538,-63.0533103942871
9000000.00020539,-62.9965515136719
9000000.00020539,-62.9619178771973
9000000.0002054,-62.9491500854492
9000000.0002054,-62.9549522399902
9000000.00020541,-62.9792823791504
9000000.00020541,-63.0223731994629
9000000.00020542,-63.0844650268555
9000000.00020542,-63.1657981872559
9000000.00020543,-63.2666053771973
9000000.00020543,-63.3871307373047
9000000.00020544,-63.5276069641113
9000000.00020544,-63.6882743835449
9000000.00020545,-63.8693733215332
9000000.00020545,-64.0711364746094
9000000.00020546,-64.2938079833984
9000000.00020546,-64.5390625
9000000.00020547,-64.8238754272461
9000000.00020547,-65.1482620239258
9000000.00020548,-65.5060119628906
9000000.00020548,-65.8909072875977
9000000.00020549,-66.2967300415039
9000000.00020549,-66.71728515625
9000000.0002055,-67.1463470458984
9000000.0002055,-67.5777053833008
9000000.00020551,-68.0051422119141
9000000.00020551,-68.4224548339844
9000000.00020552,-68.8234329223633
9000000.00020552,-69.2018508911133
9000000.00020553,-69.5515060424805
9000000.00020553,-69.8927688598633
9000000.00020554,-70.2463531494141
9000000.00020554,-70.6065292358398
9000000.00020555,-70.9675979614258
9000000.00020555,-71.3238296508789
9000000.00020556,-71.6695327758789
9000000.00020556,-71.9989700317383
9000000.00020557,-72.3064422607422
9000000.00020557,-72.5862350463867
9000000.00020558,-72.8326263427734
9000000.00020558,-73.039909362793
9000000.00020559,-73.2023620605469
9000000.00020559,-73.3142852783203
9000000.0002056,-73.3709945678711
9000000.0002056,-73.375244140625
9000000.00020561,-73.3322830200195
9000000.00020561,-73.2473220825195
9000000.00020562,-73.1255569458008
9000000.00020562,-72.9721755981445
9000000.00020563,-72.7923965454102
9000000.00020563,-72.5914001464844
9000000.00020564,-72.3744049072266
9000000.00020564,-72.146598815918
9000000.00020565,-71.9131851196289
9000000.00020565,-71.6793594360352
9000000.00020566,-71.450325012207
9000000.00020566,-71.2287979125977
9000000.00020567,-70.9876022338867
9000000.00020567,-70.7216873168945
9000000.00020568,-70.4358901977539
9000000.00020568,-70.1350555419922
9000000.00020569,-69.8240356445313
9000000.00020569,-69.5076675415039
9000000.0002057,-69.190788269043
9000000.0002057,-68.8782577514648
9000000.00020571,-68.5749130249023
9000000.00020571,-68.2855987548828
9000000.00020572,-68.0151596069336
9000000.00020572,-67.7684326171875
9000000.00020573,-67.5502777099609
9000000.00020573,-67.3499526977539
9000000.00020574,-67.1547927856445
9000000.00020574,-66.9667587280273
9000000.00020575,-66.7877807617188
9000000.00020575,-66.6198196411133
9000000.00020576,-66.4648208618164
9000000.00020576,-66.3247222900391
9000000.00020577,-66.2014770507813
9000000.00020577,-66.0970306396484
9000000.00020578,-66.0133361816406
9000000.00020578,-65.9523239135742
9000000.00020579,-65.9159622192383
9000000.00020579,-65.9061813354492
9000000.0002058,-65.9218826293945
9000000.0002058,-65.9546966552734
9000000.00020581,-66.0049896240234
9000000.00020581,-66.073860168457
9000000.00020582,-66.1623992919922
9000000.00020582,-66.2717132568359
9000000.00020583,-66.4029006958008
9000000.00020583,-66.5570678710938
9000000.00020584,-66.7353057861328
9000000.00020584,-66.938720703125
9000000.00020585,-67.1684112548828
9000000.00020585,-67.4254760742188
9000000.00020586,-67.7110214233398
9000000.00020586,-68.0277328491211
9000000.00020587,-68.3948059082031
9000000.00020587,-68.8114929199219
9000000.00020588,-69.27001953125
9000000.00020588,-69.7626113891602
9000000.00020589,-70.2814788818359
9000000.00020589,-70.8188629150391
9000000.0002059,-71.3669738769531
9000000.0002059,-71.9180374145508
9000000.00020591,-72.4642715454102
9000000.00020591,-72.9979095458984
9000000.00020592,-73.5111694335938
9000000.00020592,-73.9962768554688
9000000.00020593,-74.4454498291016
9000000.00020593,-74.8928527832031
9000000.00020594,-75.370246887207
9000000.00020594,-75.8662796020508
9000000.00020595,-76.3695831298828
9000000.00020595,-76.8687896728516
9000000.00020596,-77.3525390625
9000000.00020596,-77.8094711303711
9000000.00020597,-78.2282180786133
9000000.00020597,-78.597412109375
9000000.00020598,-78.9056930541992
9000000.00020598,-79.1417007446289
9000000.00020599,-79.2940673828125
9000000.00020599,-79.351432800293
9000000.000206,-79.3017349243164
9000000.000206,-79.1427688598633
9000000.00020601,-78.8872146606445
9000000.00020601,-78.5483627319336
9000000.00020602,-78.1395111083984
9000000.00020602,-77.6739730834961
9000000.00020603,-77.1650390625
9000000.00020603,-76.6260070800781
9000000.00020604,-76.070182800293
9000000.00020604,-75.510871887207
9000000.00020605,-74.9613647460938
9000000.00020605,-74.4349670410156
9000000.00020606,-73.9449691772461
9000000.00020606,-73.5003280639648
9000000.00020607,-73.0549926757813
9000000.00020607,-72.596321105957
9000000.00020608,-72.1284332275391
9000000.00020608,-71.6554336547852
9000000.00020609,-71.1814422607422
9000000.00020609,-70.7105712890625
9000000.0002061,-70.2469329833984
9000000.0002061,-69.7946319580078
9000000.00020611,-69.357780456543
9000000.00020611,-68.9405059814453
9000000.00020612,-68.5469055175781
9000000.00020612,-68.1810989379883
9000000.00020613,-67.8471908569336
9000000.00020613,-67.5381393432617
9000000.00020614,-67.2445983886719
9000000.00020614,-66.9672012329102
9000000.00020615,-66.7066116333008
9000000.00020615,-66.4634704589844
9000000.00020616,-66.2384262084961
9000000.00020616,-66.0321350097656
9000000.00020617,-65.8452377319336
9000000.00020617,-65.6783905029297
9000000.00020618,-65.5322418212891
9000000.00020618,-65.4074401855469
9000000.00020619,-65.3046340942383
9000000.00020619,-65.2244644165039
9000000.0002062,-65.1670303344727
9000000.0002062,-65.1307907104492
9000000.00020621,-65.1155014038086
9000000.00020621,-65.1210479736328
9000000.00020622,-65.1473007202148
9000000.00020622,-65.1941604614258
9000000.00020623,-65.2614974975586
9000000.00020623,-65.3492050170898
9000000.00020624,-65.4571533203125
9000000.00020624,-65.5852355957031
9000000.00020625,-65.7333221435547
9000000.00020625,-65.9013137817383
9000000.00020626,-66.0890808105469
9000000.00020626,-66.2978668212891
9000000.00020627,-66.5437164306641
9000000.00020627,-66.8269271850586
9000000.00020628,-67.141960144043
9000000.00020628,-67.4832611083984
9000000.00020629,-67.8452835083008
9000000.00020629,-68.2224807739258
9000000.0002063,-68.6092910766602
9000000.0002063,-69.0001831054688
9000000.00020631,-69.3895874023438
9000000.00020631,-69.77197265625
9000000.00020632,-70.1417846679688
9000000.00020632,-70.4934692382813
9000000.00020633,-70.8214797973633
9000000.00020633,-71.1458053588867
9000000.00020634,-71.4861679077148
9000000.00020634,-71.8365783691406
9000000.00020635,-72.1910552978516
9000000.00020635,-72.5436401367188
9000000.00020636,-72.8883361816406
9000000.00020636,-73.2191772460938
9000000.00020637,-73.5301818847656
9000000.00020637,-73.8153762817383
9000000.00020638,-74.0687866210938
9000000.00020638,-74.284423828125
9000000.00020639,-74.4563217163086
9000000.00020639,-74.5784912109375
9000000.0002064,-74.6458740234375
9000000.0002064,-74.6607818603516
9000000.00020641,-74.6288909912109
9000000.00020641,-74.5558319091797
9000000.00020642,-74.4472579956055
9000000.00020642,-74.3088150024414
9000000.00020643,-74.1461486816406
9000000.00020643,-73.9648971557617
9000000.00020644,-73.7707214355469
9000000.00020644,-73.5692596435547
9000000.00020645,-73.3661499023438
9000000.00020645,-73.1670532226563
9000000.00020646,-72.9776077270508
9000000.00020646,-72.8013687133789
9000000.00020647,-72.6159820556641
9000000.00020647,-72.4160461425781
9000000.00020648,-72.2042999267578
9000000.00020648,-71.9834823608398
9000000.00020649,-71.7563323974609
9000000.00020649,-71.5255737304688
9000000.0002065,-71.2939605712891
9000000.0002065,-71.0642242431641
9000000.00020651,-70.8391036987305
9000000.00020651,-70.621337890625
9000000.00020652,-70.4136505126953
9000000.00020652,-70.2187957763672
9000000.00020653,-70.0395050048828
9000000.00020653,-69.872314453125
9000000.00020654,-69.7118301391602
9000000.00020654,-69.5578842163086
9000000.00020655,-69.4103164672852
9000000.00020655,-69.2689514160156
9000000.00020656,-69.1336364746094
9000000.00020656,-69.0041961669922
9000000.00020657,-68.8804626464844
9000000.00020657,-68.7622833251953
9000000.00020658,-68.6494750976563
9000000.00020658,-68.5418853759766
9000000.00020659,-68.4393463134766
9000000.00020659,-68.3416976928711
9000000.0002066,-68.2475051879883
9000000.0002066,-68.1533432006836
9000000.00020661,-68.0603637695313
9000000.00020661,-67.9700927734375
9000000.00020662,-67.8840408325195
9000000.00020662,-67.8037185668945
9000000.00020663,-67.7306594848633
9000000.00020663,-67.6663589477539
9000000.00020664,-67.6123428344727
9000000.00020664,-67.5701217651367
9000000.00020665,-67.5412063598633
9000000.00020665,-67.5271301269531
9000000.00020666,-67.5293884277344
9000000.00020666,-67.5495376586914
9000000.00020667,-67.5885162353516
9000000.00020667,-67.6449737548828
9000000.00020668,-67.7171859741211
9000000.00020668,-67.8034439086914
9000000.00020669,-67.9020233154297
9000000.00020669,-68.0112075805664
9000000.0002067,-68.1292877197266
9000000.0002067,-68.2545394897461
9000000.00020671,-68.3852386474609
9000000.00020671,-68.5196838378906
9000000.00020672,-68.6561508178711
9000000.00020672,-68.7929229736328
9000000.00020673,-68.9282836914063
9000000.00020673,-69.0756072998047
9000000.00020674,-69.2458572387695
9000000.00020674,-69.4336776733398
9000000.00020675,-69.6337356567383
9000000.00020675,-69.8406600952148
9000000.00020676,-70.0491256713867
9000000.00020676,-70.2537689208984
9000000.00020677,-70.4492492675781
9000000.00020677,-70.6302108764648
9000000.00020678,-70.7913131713867
9000000.00020678,-70.9272003173828
9000000.00020679,-71.0325317382813
9000000.00020679,-71.1019515991211
9000000.0002068,-71.1337280273438
9000000.0002068,-71.1376724243164
9000000.00020681,-71.1166229248047
9000000.00020681,-71.0726318359375
9000000.00020682,-71.0077743530273
9000000.00020682,-70.9241027832031
9000000.00020683,-70.8236846923828
9000000.00020683,-70.7085800170898
9000000.00020684,-70.5808563232422
9000000.00020684,-70.4425735473633
9000000.00020685,-70.2957992553711
9000000.00020685,-70.1425933837891
9000000.00020686,-69.9850158691406
9000000.00020686,-69.8236923217773
9000000.00020687,-69.6424865722656
9000000.00020687,-69.439323425293
9000000.00020688,-69.218017578125
9000000.00020688,-68.9823760986328
9000000.00020689,-68.736213684082
9000000.00020689,-68.4833374023438
9000000.0002069,-68.2275543212891
9000000.0002069,-67.9726943969727
9000000.00020691,-67.7225570678711
9000000.00020691,-67.4809494018555
9000000.00020692,-67.2516937255859
9000000.00020692,-67.0385971069336
9000000.00020693,-66.8454742431641
9000000.00020693,-66.6631774902344
9000000.00020694,-66.4812927246094
9000000.00020694,-66.3016738891602
9000000.00020695,-66.1261978149414
9000000.00020695,-65.9567337036133
9000000.00020696,-65.7951431274414
9000000.00020696,-65.643310546875
9000000.00020697,-65.5030975341797
9000000.00020697,-65.3763656616211
9000000.00020698,-65.2649993896484
9000000.00020698,-65.1708602905273
9000000.00020699,-65.0958251953125
9000000.00020699,-65.041748046875
9000000.000207,-65.0071411132813
9000000.000207,-64.9827270507813
9000000.00020701,-64.9692001342773
9000000.00020701,-64.9681091308594
9000000.00020702,-64.9809722900391
9000000.00020702,-65.0093231201172
9000000.00020703,-65.0547103881836
9000000.00020703,-65.1186447143555
9000000.00020704,-65.2026748657227
9000000.00020704,-65.3083267211914
9000000.00020705,-65.4371337890625
9000000.00020705,-65.5906295776367
9000000.00020706,-65.7703475952148
9000000.00020706,-65.9775848388672
9000000.00020707,-66.2101364135742
9000000.00020707,-66.4665908813477
9000000.00020708,-66.7463150024414
9000000.00020708,-67.0487060546875
9000000.00020709,-67.3731231689453
9000000.00020709,-67.7189483642578
9000000.0002071,-68.085563659668
9000000.0002071,-68.4723510742188
9000000.00020711,-68.8786773681641
9000000.00020711,-69.3039245605469
9000000.00020712,-69.7474746704102
9000000.00020712,-70.2087020874023
9000000.00020713,-70.6869812011719
9000000.00020713,-71.2327194213867
9000000.00020714,-71.8806686401367
9000000.00020714,-72.6067199707031
9000000.00020715,-73.3867874145508
9000000.00020715,-74.1967544555664
9000000.00020716,-75.0125350952148
9000000.00020716,-75.8100280761719
9000000.00020717,-76.5651321411133
9000000.00020717,-77.2537460327148
9000000.00020718,-77.8517684936523
9000000.00020718,-78.3351135253906
9000000.00020719,-78.6796646118164
9000000.00020719,-78.8613357543945
9000000.0002072,-78.8600158691406
9000000.0002072,-78.6861114501953
9000000.00020721,-78.3621520996094
9000000.00020721,-77.9104995727539
9000000.00020722,-77.3535308837891
9000000.00020722,-76.7136306762695
9000000.00020723,-76.0131607055664
9000000.00020723,-75.2745132446289
9000000.00020724,-74.5200500488281
9000000.00020724,-73.7721557617188
9000000.00020725,-73.0531997680664
9000000.00020725,-72.3855590820313
9000000.00020726,-71.791618347168
9000000.00020726,-71.2877349853516
9000000.00020727,-70.8120422363281
9000000.00020727,-70.3434753417969
9000000.00020728,-69.8834609985352
9000000.00020728,-69.4334106445313
9000000.00020729,-68.9947357177734
9000000.00020729,-68.5688629150391
9000000.0002073,-68.1572036743164
9000000.0002073,-67.7611694335938
9000000.00020731,-67.3821792602539
9000000.00020731,-67.0216522216797
9000000.00020732,-66.6809921264648
9000000.00020732,-66.3616256713867
9000000.00020733,-66.0649719238281
9000000.00020733,-65.7896499633789
9000000.00020734,-65.5331573486328
9000000.00020734,-65.2952041625977
9000000.00020735,-65.0755004882813
9000000.00020735,-64.8737487792969
9000000.00020736,-64.6896743774414
9000000.00020736,-64.5229797363281
9000000.00020737,-64.3733673095703
9000000.00020737,-64.2405548095703
9000000.00020738,-64.1242523193359
9000000.00020738,-64.024169921875
9000000.00020739,-63.9400100708008
9000000.00020739,-63.8714904785156
9000000.0002074,-63.819709777832
9000000.0002074,-63.788501739502
9000000.00020741,-63.7770652770996
9000000.00020741,-63.784236907959
9000000.00020742,-63.8088531494141
9000000.00020742,-63.8497543334961
9000000.00020743,-63.9057731628418
9000000.00020743,-63.9757423400879
9000000.00020744,-64.0585021972656
9000000.00020744,-64.1528930664063
9000000.00020745,-64.2577514648438
9000000.00020745,-64.3719024658203
9000000.00020746,-64.4941940307617
9000000.00020746,-64.6240539550781
9000000.00020747,-64.7680740356445
9000000.00020747,-64.9273910522461
9000000.00020748,-65.1007461547852
9000000.00020748,-65.2868728637695
9000000.00020749,-65.484504699707
9000000.00020749,-65.6923828125
9000000.0002075,-65.9092483520508
9000000.0002075,-66.1338272094727
9000000.00020751,-66.3648681640625
9000000.00020751,-66.6011047363281
9000000.00020752,-66.8412628173828
9000000.00020752,-67.0840911865234
9000000.00020753,-67.3283233642578
9000000.00020753,-67.586799621582
9000000.00020754,-67.8695983886719
9000000.00020754,-68.1713409423828
9000000.00020755,-68.4866180419922
9000000.00020755,-68.8100509643555
9000000.00020756,-69.1362380981445
9000000.00020756,-69.4597930908203
9000000.00020757,-69.7753295898438
9000000.00020757,-70.0774459838867
9000000.00020758,-70.3607482910156
9000000.00020758,-70.6198501586914
9000000.00020759,-70.8493576049805
9000000.00020759,-71.0438842773438
9000000.0002076,-71.2051467895508
9000000.0002076,-71.3526153564453
9000000.00020761,-71.4863815307617
9000000.00020761,-71.6048202514648
9000000.00020762,-71.7063064575195
9000000.00020762,-71.7892227172852
9000000.00020763,-71.8519515991211
9000000.00020763,-71.8928604125977
9000000.00020764,-71.9103317260742
9000000.00020764,-71.9027481079102
9000000.00020765,-71.8684768676758
9000000.00020765,-71.805908203125
9000000.00020766,-71.7134094238281
9000000.00020766,-71.5880279541016
9000000.00020767,-71.4133529663086
9000000.00020767,-71.1906433105469
9000000.00020768,-70.9271621704102
9000000.00020768,-70.6301956176758
9000000.00020769,-70.3069915771484
9000000.00020769,-69.9648361206055
9000000.0002077,-69.6109848022461
9000000.0002077,-69.2527160644531
9000000.00020771,-68.8973007202148
9000000.00020771,-68.5519943237305
9000000.00020772,-68.2240829467773
9000000.00020772,-67.9208221435547
9000000.00020773,-67.6494903564453
9000000.00020773,-67.3954696655273
9000000.00020774,-67.1407699584961
9000000.00020774,-66.8875885009766
9000000.00020775,-66.6381225585938
9000000.00020775,-66.3945617675781
9000000.00020776,-66.1591110229492
9000000.00020776,-65.933967590332
9000000.00020777,-65.721321105957
9000000.00020777,-65.5233764648438
9000000.00020778,-65.3423309326172
9000000.00020778,-65.1803741455078
9000000.00020779,-65.0397109985352
9000000.00020779,-64.9225311279297
9000000.0002078,-64.8291778564453
9000000.0002078,-64.7545928955078
9000000.00020781,-64.6979064941406
9000000.00020781,-64.6586685180664
9000000.00020782,-64.6364288330078
9000000.00020782,-64.630744934082
9000000.00020783,-64.6411666870117
9000000.00020783,-64.667236328125
9000000.00020784,-64.7085189819336
9000000.00020784,-64.7645492553711
9000000.00020785,-64.8348846435547
9000000.00020785,-64.9190826416016
9000000.00020786,-65.0166778564453
9000000.00020786,-65.1283874511719
9000000.00020787,-65.2675704956055
9000000.00020787,-65.4348068237305
9000000.00020788,-65.6257858276367
9000000.00020788,-65.8362121582031
9000000.00020789,-66.061767578125
9000000.00020789,-66.2981491088867
9000000.0002079,-66.5410537719727
9000000.0002079,-66.7861709594727
9000000.00020791,-67.0291900634766
9000000.00020791,-67.2658157348633
9000000.00020792,-67.4917373657227
9000000.00020792,-67.70263671875
9000000.00020793,-67.8942260742188
9000000.00020793,-68.0782623291016
9000000.00020794,-68.2675247192383
9000000.00020794,-68.4591827392578
9000000.00020795,-68.6504287719727
9000000.00020795,-68.8384399414063
9000000.00020796,-69.0204010009766
9000000.00020796,-69.1934967041016
9000000.00020797,-69.3549041748047
9000000.00020797,-69.5018081665039
9000000.00020798,-69.6313934326172
9000000.00020798,-69.740837097168
9000000.00020799,-69.8273315429688
9000000.00020799,-69.8880462646484
9000000.000208,-69.9200820922852
9000000.000208,-69.923095703125
9000000.00020801,-69.9001693725586
9000000.00020801,-69.8545150756836
9000000.00020802,-69.7893600463867
9000000.00020802,-69.7079086303711
9000000.00020803,-69.6133804321289
9000000.00020803,-69.5089874267578
9000000.00020804,-69.3979568481445
9000000.00020804,-69.2834854125977
9000000.00020805,-69.1688079833984
9000000.00020805,-69.0571212768555
9000000.00020806,-68.95166015625
9000000.00020806,-68.854248046875
9000000.00020807,-68.7499923706055
9000000.00020807,-68.6357727050781
9000000.00020808,-68.5139236450195
9000000.00020808,-68.3867797851563
9000000.00020809,-68.2566528320313
9000000.00020809,-68.1258850097656
9000000.0002081,-67.9967956542969
9000000.0002081,-67.871711730957
9000000.00020811,-67.7529602050781
9000000.00020811,-67.6428756713867
9000000.00020812,-67.5437774658203
9000000.00020812,-67.4579925537109
9000000.00020813,-67.3878555297852
9000000.00020813,-67.3301544189453
9000000.00020814,-67.2801284790039
9000000.00020814,-67.2377700805664
9000000.00020815,-67.2030563354492
9000000.00020815,-67.1759719848633
9000000.00020816,-67.1565093994141
9000000.00020816,-67.1446533203125
9000000.00020817,-67.1403884887695
9000000.00020817,-67.1436996459961
9000000.00020818,-67.1545791625977
9000000.00020818,-67.1730041503906
9000000.00020819,-67.1989669799805
9000000.00020819,-67.2324447631836
9000000.0002082,-67.2741928100586
9000000.0002082,-67.326286315918
9000000.00020821,-67.3881378173828
9000000.00020821,-67.4589538574219
9000000.00020822,-67.537956237793
9000000.00020822,-67.6243438720703
9000000.00020823,-67.7173385620117
9000000.00020823,-67.8161392211914
9000000.00020824,-67.9199600219727
9000000.00020824,-68.0280075073242
9000000.00020825,-68.1395034790039
9000000.00020825,-68.2536468505859
9000000.00020826,-68.3696517944336
9000000.00020826,-68.4876708984375
9000000.00020827,-68.6185073852539
9000000.00020827,-68.7630157470703
9000000.00020828,-68.918098449707
9000000.00020828,-69.0806655883789
9000000.00020829,-69.2476348876953
9000000.00020829,-69.4159164428711
9000000.0002083,-69.5824127197266
9000000.0002083,-69.7440414428711
9000000.00020831,-69.897705078125
9000000.00020831,-70.0403213500977
9000000.00020832,-70.1688003540039
9000000.00020832,-70.2800369262695
9000000.00020833,-70.370964050293
9000000.00020833,-70.4461212158203
9000000.00020834,-70.5120620727539
9000000.00020834,-70.5686416625977
9000000.00020835,-70.6157302856445
9000000.00020835,-70.6531982421875
9000000.00020836,-70.6809234619141
9000000.00020836,-70.6987609863281
9000000.00020837,-70.7065887451172
9000000.00020837,-70.7042694091797
9000000.00020838,-70.6916732788086
9000000.00020838,-70.6686782836914
9000000.00020839,-70.635139465332
9000000.00020839,-70.590934753418
9000000.0002084,-70.5339889526367
9000000.0002084,-70.4589538574219
9000000.00020841,-70.3675155639648
9000000.00020841,-70.2618865966797
9000000.00020842,-70.1442718505859
9000000.00020842,-70.0168914794922
9000000.00020843,-69.881950378418
9000000.00020843,-69.7416687011719
9000000.00020844,-69.5982513427734
9000000.00020844,-69.4539108276367
9000000.00020845,-69.3108673095703
9000000.00020845,-69.1713180541992
9000000.00020846,-69.0374908447266
9000000.00020846,-68.9107513427734
9000000.00020847,-68.7821426391602
9000000.00020847,-68.649543762207
9000000.00020848,-68.5141067504883
9000000.00020848,-68.3769683837891
9000000.00020849,-68.2392730712891
9000000.00020849,-68.1021575927734
9000000.0002085,-67.9667816162109
9000000.0002085,-67.8342742919922
9000000.00020851,-67.7057800292969
9000000.00020851,-67.5824432373047
9000000.00020852,-67.4654159545898
9000000.00020852,-67.355827331543
9000000.00020853,-67.2548294067383
9000000.00020853,-67.1587600708008
9000000.00020854,-67.0638732910156
9000000.00020854,-66.9711608886719
9000000.00020855,-66.8816528320313
9000000.00020855,-66.7963409423828
9000000.00020856,-66.7162475585938
9000000.00020856,-66.6423645019531
9000000.00020857,-66.5757141113281
9000000.00020857,-66.5172958374023
9000000.00020858,-66.4681243896484
9000000.00020858,-66.4292068481445
9000000.00020859,-66.4015502929688
9000000.00020859,-66.3861618041992
9000000.0002086,-66.3824768066406
9000000.0002086,-66.3861923217773
9000000.00020861,-66.3974761962891
9000000.00020861,-66.4169006347656
9000000.00020862,-66.4450225830078
9000000.00020862,-66.4823913574219
9000000.00020863,-66.5295867919922
9000000.00020863,-66.587158203125
9000000.00020864,-66.6556701660156
9000000.00020864,-66.7356796264648
9000000.00020865,-66.827751159668
9000000.00020865,-66.9324417114258
9000000.00020866,-67.0503234863281
9000000.00020866,-67.1835327148438
9000000.00020867,-67.3510208129883
9000000.00020867,-67.5525131225586
9000000.00020868,-67.7808303833008
9000000.00020868,-68.0287704467773
9000000.00020869,-68.2891311645508
9000000.00020869,-68.5547256469727
9000000.0002087,-68.8183441162109
9000000.0002087,-69.0727996826172
9000000.00020871,-69.3108978271484
9000000.00020871,-69.5254364013672
9000000.00020872,-69.7092132568359
9000000.00020872,-69.8550415039063
9000000.00020873,-69.9557266235352
9000000.00020873,-70.0166625976563
9000000.00020874,-70.0495452880859
9000000.00020874,-70.0566101074219
9000000.00020875,-70.0400924682617
9000000.00020875,-70.0022125244141
9000000.00020876,-69.9452209472656
9000000.00020876,-69.8713455200195
9000000.00020877,-69.7828140258789
9000000.00020877,-69.6818618774414
9000000.00020878,-69.5707244873047
9000000.00020878,-69.4516372680664
9000000.00020879,-69.3268280029297
9000000.00020879,-69.1985321044922
9000000.0002088,-69.0631637573242
9000000.0002088,-68.9047241210938
9000000.00020881,-68.725471496582
9000000.00020881,-68.5291442871094
9000000.00020882,-68.3194808959961
9000000.00020882,-68.100212097168
9000000.00020883,-67.8750686645508
9000000.00020883,-67.6478042602539
9000000.00020884,-67.4221420288086
9000000.00020884,-67.2018127441406
9000000.00020885,-66.9905700683594
9000000.00020885,-66.7921447753906
9000000.00020886,-66.6102600097656
9000000.00020886,-66.4475326538086
9000000.00020887,-66.2920379638672
9000000.00020887,-66.1402359008789
9000000.00020888,-65.992919921875
9000000.00020888,-65.8508987426758
9000000.00020889,-65.714958190918
9000000.00020889,-65.5858993530273
9000000.0002089,-65.4645080566406
9000000.0002089,-65.3516006469727
9000000.00020891,-65.2479553222656
9000000.00020891,-65.1543731689453
9000000.00020892,-65.0716552734375
9000000.00020892,-65.0005950927734
9000000.00020893,-64.9419860839844
9000000.00020893,-64.8967819213867
9000000.00020894,-64.8647384643555
9000000.00020894,-64.8448486328125
9000000.00020895,-64.8361206054688
9000000.00020895,-64.8375396728516
9000000.00020896,-64.8481216430664
9000000.00020896,-64.8668518066406
9000000.00020897,-64.8927383422852
9000000.00020897,-64.9247741699219
9000000.00020898,-64.9619674682617
9000000.00020898,-65.0033111572266
9000000.00020899,-65.0477981567383
9000000.00020899,-65.0944366455078
9000000.000209,-65.143440246582
9000000.000209,-65.1981353759766
9000000.00020901,-65.2586288452148
9000000.00020901,-65.3247146606445
9000000.00020902,-65.3962173461914
9000000.00020902,-65.4729385375977
9000000.00020903,-65.5546951293945
9000000.00020903,-65.6412811279297
9000000.00020904,-65.7325210571289
9000000.00020904,-65.8282165527344
9000000.00020905,-65.9281845092773
9000000.00020905,-66.0322189331055
9000000.00020906,-66.1401443481445
9000000.00020906,-66.2519378662109
9000000.00020907,-66.3695068359375
9000000.00020907,-66.4930572509766
9000000.00020908,-66.6220932006836
9000000.00020908,-66.7560958862305
9000000.00020909,-66.8945693969727
9000000.00020909,-67.0370178222656
9000000.0002091,-67.1829223632813
9000000.0002091,-67.3317947387695
9000000.00020911,-67.4831161499023
9000000.00020911,-67.6364059448242
9000000.00020912,-67.7911376953125
9000000.00020912,-67.9468231201172
9000000.00020913,-68.1029510498047
9000000.00020913,-68.2643508911133
9000000.00020914,-68.4348526000977
9000000.00020914,-68.6124420166016
9000000.00020915,-68.7951126098633
9000000.00020915,-68.9808578491211
9000000.00020916,-69.1676635742188
9000000.00020916,-69.3535232543945
9000000.00020917,-69.5364303588867
9000000.00020917,-69.7143630981445
9000000.00020918,-69.8853302001953
9000000.00020918,-70.0473098754883
9000000.00020919,-70.1983032226563
9000000.00020919,-70.3362884521484
9000000.0002092,-70.4615325927734
9000000.0002092,-70.5802307128906
9000000.00020921,-70.6927185058594
9000000.00020921,-70.7988052368164
9000000.00020922,-70.8982925415039
9000000.00020922,-70.9909820556641
9000000.00020923,-71.0766830444336
9000000.00020923,-71.1552047729492
9000000.00020924,-71.2263412475586
9000000.00020924,-71.2899017333984
9000000.00020925,-71.3456954956055
9000000.00020925,-71.3935165405273
9000000.00020926,-71.4331817626953
9000000.00020926,-71.4647750854492
9000000.00020927,-71.4916152954102
9000000.00020927,-71.513916015625
9000000.00020928,-71.5306854248047
9000000.00020928,-71.5409393310547
9000000.00020929,-71.5436859130859
9000000.00020929,-71.5379333496094
9000000.0002093,-71.5226898193359
9000000.0002093,-71.4969635009766
9000000.00020931,-71.4597625732422
9000000.00020931,-71.4101028442383
9000000.00020932,-71.3469924926758
9000000.00020932,-71.2694396972656
9000000.00020933,-71.1764526367188
9000000.00020933,-71.0625228881836
9000000.00020934,-70.9250335693359
9000000.00020934,-70.767333984375
9000000.00020935,-70.5927734375
9000000.00020935,-70.4047012329102
9000000.00020936,-70.2064743041992
9000000.00020936,-70.0014266967773
9000000.00020937,-69.7929229736328
9000000.00020937,-69.5843124389648
9000000.00020938,-69.3789291381836
9000000.00020938,-69.1801376342773
9000000.00020939,-68.9912796020508
9000000.00020939,-68.8157119750977
9000000.0002094,-68.6498947143555
9000000.0002094,-68.4749603271484
9000000.00020941,-68.2928009033203
9000000.00020941,-68.107063293457
9000000.00020942,-67.9213638305664
9000000.00020942,-67.7393341064453
9000000.00020943,-67.5646057128906
9000000.00020943,-67.4008102416992
9000000.00020944,-67.2515716552734
9000000.00020944,-67.1205291748047
9000000.00020945,-67.0112991333008
9000000.00020945,-66.9275131225586
9000000.00020946,-66.8728103637695
9000000.00020946,-66.8486175537109
9000000.00020947,-66.8304290771484
9000000.00020947,-66.8146514892578
9000000.00020948,-66.8066101074219
9000000.00020948,-66.8116455078125
9000000.00020949,-66.8350830078125
9000000.00020949,-66.8822555541992
9000000.0002095,-66.95849609375
9000000.0002095,-67.0691299438477
9000000.00020951,-67.2194976806641
9000000.00020951,-67.414924621582
9000000.00020952,-67.6607513427734
9000000.00020952,-67.9622955322266
9000000.00020953,-68.3248977661133
9000000.00020953,-68.7941589355469
9000000.00020954,-69.3949203491211
9000000.00020954,-70.1014022827148
9000000.00020955,-70.887825012207
9000000.00020955,-71.728401184082
9000000.00020956,-72.5973434448242
9000000.00020956,-73.468864440918
9000000.00020957,-74.3171844482422
9000000.00020957,-75.1165161132813
9000000.00020958,-75.8410797119141
9000000.00020958,-76.4650802612305
9000000.00020959,-76.9627456665039
9000000.00020959,-77.3082809448242
9000000.0002096,-77.4905090332031
9000000.0002096,-77.5490493774414
9000000.00020961,-77.4997634887695
9000000.00020961,-77.355583190918
9000000.00020962,-77.1294326782227
9000000.00020962,-76.8342514038086
9000000.00020963,-76.4829711914063
9000000.00020963,-76.0885162353516
9000000.00020964,-75.663818359375
9000000.00020964,-75.2218170166016
9000000.00020965,-74.7754287719727
9000000.00020965,-74.3376007080078
9000000.00020966,-73.9212493896484
9000000.00020966,-73.5342788696289
9000000.00020967,-73.1224136352539
9000000.00020967,-72.6732635498047
9000000.00020968,-72.1941680908203
9000000.00020968,-71.6924743652344
9000000.00020969,-71.1755218505859
9000000.00020969,-70.6506729125977
9000000.0002097,-70.1252593994141
9000000.0002097,-69.6066284179688
9000000.00020971,-69.1021347045898
9000000.00020971,-68.6191253662109
9000000.00020972,-68.1649322509766
9000000.00020972,-67.7469177246094
9000000.00020973,-67.3724212646484
9000000.00020973,-67.029426574707
9000000.00020974,-66.7016143798828
9000000.00020974,-66.3898620605469
9000000.00020975,-66.0950546264648
9000000.00020975,-65.8180694580078
9000000.00020976,-65.5597915649414
9000000.00020976,-65.3210906982422
9000000.00020977,-65.1028594970703
9000000.00020977,-64.9059753417969
9000000.00020978,-64.731315612793
9000000.00020978,-64.5797653198242
9000000.00020979,-64.4522094726563
9000000.00020979,-64.3495178222656
9000000.0002098,-64.271369934082
9000000.0002098,-64.2144470214844
9000000.00020981,-64.1787796020508
9000000.00020981,-64.164680480957
9000000.00020982,-64.1724700927734
9000000.00020982,-64.2024536132813
9000000.00020983,-64.2549591064453
9000000.00020983,-64.3302917480469
9000000.00020984,-64.4287643432617
9000000.00020984,-64.5507049560547
9000000.00020985,-64.696418762207
9000000.00020985,-64.8662261962891
9000000.00020986,-65.060432434082
9000000.00020986,-65.2799453735352
9000000.00020987,-65.5316925048828
9000000.00020987,-65.8154830932617
9000000.00020988,-66.1285781860352
9000000.00020988,-66.4682464599609
9000000.00020989,-66.8317489624023
9000000.00020989,-67.2163467407227
9000000.0002099,-67.6193161010742
9000000.0002099,-68.0379028320313
9000000.00020991,-68.4693908691406
9000000.00020991,-68.9110336303711
9000000.00020992,-69.3600921630859
9000000.00020992,-69.8138427734375
9000000.00020993,-70.2695388793945
9000000.00020993,-70.7542114257813
9000000.00020994,-71.2891540527344
9000000.00020994,-71.8630905151367
9000000.00020995,-72.4647064208984
9000000.00020995,-73.0827255249023
9000000.00020996,-73.7058334350586
9000000.00020996,-74.3227462768555
9000000.00020997,-74.9221649169922
9000000.00020997,-75.492790222168
9000000.00020998,-76.0233383178711
9000000.00020998,-76.5024948120117
9000000.00020999,-76.9189834594727
9000000.00020999,-77.2614898681641
9000000.00021,-77.5255661010742
9000000.00021,-77.7297668457031
9000000.00021001,-77.8806915283203
9000000.00021001,-77.9835433959961
9000000.00021002,-78.0435180664063
9000000.00021002,-78.0658187866211
9000000.00021003,-78.0556411743164
9000000.00021003,-78.0181884765625
9000000.00021004,-77.9586639404297
9000000.00021004,-77.8822555541992
9000000.00021005,-77.7941741943359
9000000.00021005,-77.6996154785156
9000000.00021006,-77.6037750244141
9000000.00021006,-77.5101852416992
9000000.00021007,-77.4012451171875
9000000.00021007,-77.2720108032227
9000000.00021008,-77.1239624023438
9000000.00021008,-76.9585571289063
9000000.00021009,-76.7772674560547
9000000.00021009,-76.5815658569336
9000000.0002101,-76.3729095458984
9000000.0002101,-76.1527709960938
9000000.00021011,-75.9226226806641
9000000.00021011,-75.6839294433594
9000000.00021012,-75.4381561279297
9000000.00021012,-75.186767578125
9000000.00021013,-74.9312438964844
9000000.00021013,-74.6621246337891
9000000.00021014,-74.3713912963867
9000000.00021014,-74.0626449584961
9000000.00021015,-73.7394943237305
9000000.00021015,-73.4055404663086
9000000.00021016,-73.0643920898438
9000000.00021016,-72.7196578979492
9000000.00021017,-72.3749313354492
9000000.00021017,-72.0338363647461
9000000.00021018,-71.6999588012695
9000000.00021018,-71.3769149780273
9000000.00021019,-71.0683059692383
9000000.00021019,-70.7777404785156
9000000.0002102,-70.5022354125977
9000000.0002102,-70.223747253418
9000000.00021021,-69.9436645507813
9000000.00021021,-69.6650161743164
9000000.00021022,-69.3908462524414
9000000.00021022,-69.1241683959961
9000000.00021023,-68.8680191040039
9000000.00021023,-68.6254272460938
9000000.00021024,-68.3994293212891
9000000.00021024,-68.1930541992188
9000000.00021025,-68.0093231201172
9000000.00021025,-67.8512802124023
9000000.00021026,-67.7219390869141
9000000.00021026,-67.6239624023438
9000000.00021027,-67.5539627075195
9000000.00021027,-67.509162902832
9000000.00021028,-67.4879760742188
9000000.00021028,-67.4888381958008
9000000.00021029,-67.5101699829102
9000000.00021029,-67.5503997802734
9000000.0002103,-67.6079406738281
9000000.0002103,-67.6812210083008
9000000.00021031,-67.768669128418
9000000.00021031,-67.8687133789063
9000000.00021032,-67.9797668457031
9000000.00021032,-68.1002655029297
9000000.00021033,-68.2286224365234
9000000.00021033,-68.3825912475586
9000000.00021034,-68.575927734375
9000000.00021034,-68.8010559082031
9000000.00021035,-69.050407409668
9000000.00021035,-69.3164138793945
9000000.00021036,-69.5915069580078
9000000.00021036,-69.8681182861328
9000000.00021037,-70.138671875
9000000.00021037,-70.3956069946289
9000000.00021038,-70.63134765625
9000000.00021038,-70.8383255004883
9000000.00021039,-71.0089721679688
9000000.00021039,-71.1357116699219
9000000.0002104,-71.2177658081055
9000000.0002104,-71.2736282348633
9000000.00021041,-71.3059692382813
9000000.00021041,-71.3159255981445
9000000.00021042,-71.3046493530273
9000000.00021042,-71.2732696533203
9000000.00021043,-71.2229385375977
9000000.00021043,-71.15478515625
9000000.00021044,-71.069953918457
9000000.00021044,-70.9695892333984
9000000.00021045,-70.8548278808594
9000000.00021045,-70.726806640625
9000000.00021046,-70.586669921875
9000000.00021046,-70.4340438842773
9000000.00021047,-70.2514801025391
9000000.00021047,-70.0377197265625
9000000.00021048,-69.7978820800781
9000000.00021048,-69.5370788574219
9000000.00021049,-69.2604293823242
9000000.00021049,-68.973030090332
9000000.0002105,-68.6800155639648
9000000.0002105,-68.3864898681641
9000000.00021051,-68.0975723266602
9000000.00021051,-67.8183670043945
9000000.00021052,-67.5539932250977
9000000.00021052,-67.3095703125
9000000.00021053,-67.090202331543
9000000.00021053,-66.8837661743164
9000000.00021054,-66.6763534545898
9000000.00021054,-66.4704055786133
9000000.00021055,-66.2683639526367
9000000.00021055,-66.0726852416992
9000000.00021056,-65.8858032226563
9000000.00021056,-65.7101821899414
9000000.00021057,-65.5482482910156
9000000.00021057,-65.4024658203125
9000000.00021058,-65.2752685546875
9000000.00021058,-65.1691055297852
9000000.00021059,-65.0864334106445
9000000.00021059,-65.0296783447266
9000000.0002106,-64.9961547851563
9000000.0002106,-64.9716949462891
9000000.00021061,-64.9578018188477
9000000.00021061,-64.9572677612305
9000000.00021062,-64.9728775024414
9000000.00021062,-65.0074310302734
9000000.00021063,-65.0637130737305
9000000.00021063,-65.1445083618164
9000000.00021064,-65.2526168823242
9000000.00021064,-65.3908233642578
9000000.00021065,-65.5619201660156
9000000.00021065,-65.7686996459961
9000000.00021066,-66.0139465332031
9000000.00021066,-66.30126953125
9000000.00021067,-66.6412582397461
9000000.00021067,-67.0315399169922
9000000.00021068,-67.4658126831055
9000000.00021068,-67.9378051757813
9000000.00021069,-68.4412078857422
9000000.00021069,-68.9697418212891
9000000.0002107,-69.5171127319336
9000000.0002107,-70.0770416259766
9000000.00021071,-70.6432189941406
9000000.00021071,-71.2093734741211
9000000.00021072,-71.7692108154297
9000000.00021072,-72.3164291381836
9000000.00021073,-72.8447570800781
9000000.00021073,-73.3941192626953
9000000.00021074,-73.99853515625
9000000.00021074,-74.642822265625
9000000.00021075,-75.3117980957031
9000000.00021075,-75.9902801513672
9000000.00021076,-76.6631011962891
9000000.00021076,-77.3150787353516
9000000.00021077,-77.931022644043
9000000.00021077,-78.4957656860352
9000000.00021078,-78.9941253662109
9000000.00021078,-79.4109268188477
9000000.00021079,-79.7309799194336
9000000.00021079,-79.9391098022461
9000000.0002108,-80.0220489501953
9000000.0002108,-79.9846725463867
9000000.00021081,-79.8416366577148
9000000.00021081,-79.6076965332031
9000000.00021082,-79.2975921630859
9000000.00021082,-78.9260635375977
9000000.00021083,-78.5078582763672
9000000.00021083,-78.0577239990234
9000000.00021084,-77.5903930664063
9000000.00021084,-77.1206207275391
9000000.00021085,-76.6631469726563
9000000.00021085,-76.2327194213867
9000000.00021086,-75.8440704345703
9000000.00021086,-75.5079956054688
9000000.00021087,-75.1836166381836
9000000.00021087,-74.8570785522461
9000000.00021088,-74.5293426513672
9000000.00021088,-74.2013626098633
9000000.00021089,-73.8741073608398
9000000.00021089,-73.5485458374023
9000000.0002109,-73.2256240844727
9000000.0002109,-72.9063186645508
9000000.00021091,-72.5915908813477
9000000.00021091,-72.2823944091797
9000000.00021092,-71.9797058105469
9000000.00021092,-71.6844711303711
9000000.00021093,-71.3976669311523
9000000.00021093,-71.1142425537109
9000000.00021094,-70.8297119140625
9000000.00021094,-70.5458831787109
9000000.00021095,-70.2645492553711
9000000.00021095,-69.9875259399414
9000000.00021096,-69.7166213989258
9000000.00021096,-69.4536285400391
9000000.00021097,-69.2003555297852
9000000.00021097,-68.958610534668
9000000.00021098,-68.7301940917969
9000000.00021098,-68.5169143676758
9000000.00021099,-68.3205718994141
9000000.00021099,-68.1429748535156
9000000.000211,-67.9829330444336
9000000.000211,-67.8322677612305
9000000.00021101,-67.6914215087891
9000000.00021101,-67.5615997314453
9000000.00021102,-67.443977355957
9000000.00021102,-67.3397445678711
9000000.00021103,-67.2500991821289
9000000.00021103,-67.1762313842773
9000000.00021104,-67.1193161010742
9000000.00021104,-67.08056640625
9000000.00021105,-67.061149597168
9000000.00021105,-67.0622634887695
9000000.00021106,-67.0851058959961
9000000.00021106,-67.1300659179688
9000000.00021107,-67.1882705688477
9000000.00021107,-67.2585372924805
9000000.00021108,-67.3428955078125
9000000.00021108,-67.4434051513672
9000000.00021109,-67.5621032714844
9000000.00021109,-67.701042175293
9000000.0002111,-67.8622512817383
9000000.0002111,-68.0477828979492
9000000.00021111,-68.2596893310547
9000000.00021111,-68.5000076293945
9000000.00021112,-68.7707748413086
9000000.00021112,-69.0740509033203
9000000.00021113,-69.4118728637695
9000000.00021113,-69.8223876953125
9000000.00021114,-70.3291015625
9000000.00021114,-70.9120635986328
9000000.00021115,-71.5513381958008
9000000.00021115,-72.2269821166992
9000000.00021116,-72.9190444946289
9000000.00021116,-73.6075973510742
9000000.00021117,-74.2726821899414
9000000.00021117,-74.8943634033203
9000000.00021118,-75.4527053833008
9000000.00021118,-75.9277572631836
9000000.00021119,-76.2995758056641
9000000.00021119,-76.5482177734375
9000000.0002112,-76.661865234375
9000000.0002112,-76.6623611450195
9000000.00021121,-76.5645217895508
9000000.00021121,-76.3817443847656
9000000.00021122,-76.1274108886719
9000000.00021122,-75.8149261474609
9000000.00021123,-75.4576873779297
9000000.00021123,-75.0690841674805
9000000.00021124,-74.6625137329102
9000000.00021124,-74.2513656616211
9000000.00021125,-73.8490447998047
9000000.00021125,-73.4689407348633
9000000.00021126,-73.1244506835938
9000000.00021126,-72.8248138427734
9000000.00021127,-72.5264205932617
9000000.00021127,-72.2165832519531
9000000.00021128,-71.8984603881836
9000000.00021128,-71.5752258300781
9000000.00021129,-71.2500381469727
9000000.00021129,-70.9260787963867
9000000.0002113,-70.6064987182617
9000000.0002113,-70.2944717407227
9000000.00021131,-69.9931564331055
9000000.00021131,-69.7057342529297
9000000.00021132,-69.4353561401367
9000000.00021132,-69.1851959228516
9000000.00021133,-68.9584121704102
9000000.00021133,-68.7511825561523
9000000.00021134,-68.557373046875
9000000.00021134,-68.3767013549805
9000000.00021135,-68.2089080810547
9000000.00021135,-68.0537033081055
9000000.00021136,-67.9108352661133
9000000.00021136,-67.7800064086914
9000000.00021137,-67.6609649658203
9000000.00021137,-67.5534210205078
9000000.00021138,-67.4571075439453
9000000.00021138,-67.3717575073242
9000000.00021139,-67.2970886230469
9000000.00021139,-67.2328262329102
9000000.0002114,-67.1778030395508
9000000.0002114,-67.129524230957
9000000.00021141,-67.088996887207
9000000.00021141,-67.0574798583984
9000000.00021142,-67.036247253418
9000000.00021142,-67.0265502929688
9000000.00021143,-67.0296630859375
9000000.00021143,-67.0468444824219
9000000.00021144,-67.0793533325195
9000000.00021144,-67.1284637451172
9000000.00021145,-67.195426940918
9000000.00021145,-67.2815093994141
9000000.00021146,-67.3879776000977
9000000.00021146,-67.5146255493164
9000000.00021147,-67.6446533203125
9000000.00021147,-67.7767105102539
9000000.00021148,-67.9155654907227
9000000.00021148,-68.0659866333008
9000000.00021149,-68.2327575683594
9000000.00021149,-68.4206390380859
9000000.0002115,-68.6344223022461
9000000.0002115,-68.8788681030273
9000000.00021151,-69.1587524414063
9000000.00021151,-69.4788436889648
9000000.00021152,-69.8439254760742
9000000.00021152,-70.2587661743164
9000000.00021153,-70.728141784668
9000000.00021153,-71.3015670776367
9000000.00021154,-72.0071716308594
9000000.00021154,-72.8176422119141
9000000.00021155,-73.7056579589844
9000000.00021155,-74.6439056396484
9000000.00021156,-75.6050643920898
9000000.00021156,-76.5618286132813
9000000.00021157,-77.4868698120117
9000000.00021157,-78.3528823852539
9000000.00021158,-79.1325454711914
9000000.00021158,-79.7985458374023
9000000.00021159,-80.3235702514648
9000000.00021159,-80.6802978515625
9000000.0002116,-80.8519821166992
9000000.0002116,-80.867073059082
9000000.00021161,-80.7462844848633
9000000.00021161,-80.5085372924805
9000000.00021162,-80.1727600097656
9000000.00021162,-79.7578735351563
9000000.00021163,-79.2827987670898
9000000.00021163,-78.7664794921875
9000000.00021164,-78.2278137207031
9000000.00021164,-77.6857528686523
9000000.00021165,-77.1592025756836
9000000.00021165,-76.6670913696289
9000000.00021166,-76.2283554077148
9000000.00021166,-75.8564605712891
9000000.00021167,-75.4947967529297
9000000.00021167,-75.1255035400391
9000000.00021168,-74.7512817382813
9000000.00021168,-74.3748474121094
9000000.00021169,-73.9989166259766
9000000.00021169,-73.6261825561523
9000000.0002117,-73.2593765258789
9000000.0002117,-72.9011840820313
9000000.00021171,-72.5543365478516
9000000.00021171,-72.2215270996094
9000000.00021172,-71.9054718017578
9000000.00021172,-71.6088790893555
9000000.00021173,-71.3344650268555
9000000.00021173,-71.0807571411133
9000000.00021174,-70.8437423706055
9000000.00021174,-70.6223068237305
9000000.00021175,-70.4153289794922
9000000.00021175,-70.2216796875
9000000.00021176,-70.0402603149414
9000000.00021176,-69.8699340820313
9000000.00021177,-69.709587097168
9000000.00021177,-69.55810546875
9000000.00021178,-69.4143676757813
9000000.00021178,-69.2772521972656
9000000.00021179,-69.145637512207
9000000.00021179,-69.0184173583984
9000000.0002118,-68.8952102661133
9000000.0002118,-68.7780685424805
9000000.00021181,-68.6675872802734
9000000.00021181,-68.564208984375
9000000.00021182,-68.4683532714844
9000000.00021182,-68.3804626464844
9000000.00021183,-68.3009643554688
9000000.00021183,-68.2303085327148
9000000.00021184,-68.1689147949219
9000000.00021184,-68.1172180175781
9000000.00021185,-68.0756607055664
9000000.00021185,-68.0446701049805
9000000.00021186,-68.0246887207031
9000000.00021186,-68.0167617797852
9000000.00021187,-68.0283432006836
9000000.00021187,-68.0591430664063
9000000.00021188,-68.1061325073242
9000000.00021188,-68.1662750244141
9000000.00021189,-68.2365570068359
9000000.00021189,-68.3139419555664
9000000.0002119,-68.3954086303711
9000000.0002119,-68.4779281616211
9000000.00021191,-68.558479309082
9000000.00021191,-68.6340255737305
9000000.00021192,-68.701545715332
9000000.00021192,-68.7580108642578
9000000.00021193,-68.8003997802734
9000000.00021193,-68.8347320556641
9000000.00021194,-68.8684539794922
9000000.00021194,-68.9006729125977
9000000.00021195,-68.9305191040039
9000000.00021195,-68.9570999145508
9000000.00021196,-68.9795455932617
9000000.00021196,-68.9969482421875
9000000.00021197,-69.0084457397461
9000000.00021197,-69.0131454467773
9000000.00021198,-69.0101699829102
9000000.00021198,-68.9986267089844
9000000.00021199,-68.9776382446289
9000000.00021199,-68.9463119506836
9000000.000212,-68.9034652709961
9000000.000212,-68.8482208251953
9000000.00021201,-68.7817535400391
9000000.00021201,-68.7053833007813
9000000.00021202,-68.6204071044922
9000000.00021202,-68.5281448364258
9000000.00021203,-68.4299011230469
9000000.00021203,-68.3269805908203
9000000.00021204,-68.2206954956055
9000000.00021204,-68.1123428344727
9000000.00021205,-68.0032424926758
9000000.00021205,-67.8946990966797
9000000.00021206,-67.7880172729492
9000000.00021206,-67.6838836669922
9000000.00021207,-67.5755081176758
9000000.00021207,-67.4616241455078
9000000.00021208,-67.3434219360352
9000000.00021208,-67.2221221923828
9000000.00021209,-67.0989151000977
9000000.00021209,-66.9750061035156
9000000.0002121,-66.8516006469727
9000000.0002121,-66.7299041748047
9000000.00021211,-66.6111221313477
9000000.00021211,-66.496452331543
9000000.00021212,-66.3871002197266
9000000.00021212,-66.2842788696289
9000000.00021213,-66.1891708374023
9000000.00021213,-66.0969467163086
9000000.00021214,-66.0029678344727
9000000.00021214,-65.9087905883789
9000000.00021215,-65.8159637451172
9000000.00021215,-65.7260208129883
9000000.00021216,-65.6405258178711
9000000.00021216,-65.5610122680664
9000000.00021217,-65.4890289306641
9000000.00021217,-65.4261322021484
9000000.00021218,-65.3738555908203
9000000.00021218,-65.3337631225586
9000000.00021219,-65.3073806762695
9000000.00021219,-65.296272277832
9000000.0002122,-65.298957824707
9000000.0002122,-65.3071899414063
9000000.00021221,-65.3217086791992
9000000.00021221,-65.3440093994141
9000000.00021222,-65.375602722168
9000000.00021222,-65.4179840087891
9000000.00021223,-65.47265625
9000000.00021223,-65.5411148071289
9000000.00021224,-65.6248626708984
9000000.00021224,-65.7254028320313
9000000.00021225,-65.8442306518555
9000000.00021225,-65.9828491210938
9000000.00021226,-66.1427536010742
9000000.00021226,-66.3259658813477
9000000.00021227,-66.5391082763672
9000000.00021227,-66.780891418457
9000000.00021228,-67.0476226806641
9000000.00021228,-67.3356018066406
9000000.00021229,-67.6411056518555
9000000.00021229,-67.96044921875
9000000.0002123,-68.289909362793
9000000.0002123,-68.6257858276367
9000000.00021231,-68.9643783569336
9000000.00021231,-69.3019714355469
9000000.00021232,-69.6348724365234
9000000.00021232,-69.9593658447266
9000000.00021233,-70.2717437744141
9000000.00021233,-70.5949783325195
9000000.00021234,-70.9487228393555
9000000.00021234,-71.3243103027344
9000000.00021235,-71.7130737304688
9000000.00021235,-72.1063385009766
9000000.00021236,-72.4954452514648
9000000.00021236,-72.8717193603516
9000000.00021237,-73.2264938354492
9000000.00021237,-73.5511016845703
9000000.00021238,-73.8368682861328
9000000.00021238,-74.0751419067383
9000000.00021239,-74.2572402954102
9000000.00021239,-74.3744964599609
9000000.0002124,-74.4210357666016
9000000.0002124,-74.4042892456055
9000000.00021241,-74.3312911987305
9000000.00021241,-74.2086639404297
9000000.00021242,-74.0430221557617
9000000.00021242,-73.8409729003906
9000000.00021243,-73.6091384887695
9000000.00021243,-73.354133605957
9000000.00021244,-73.0825805664063
9000000.00021244,-72.8010864257813
9000000.00021245,-72.5162734985352
9000000.00021245,-72.2347640991211
9000000.00021246,-71.9631576538086
9000000.00021246,-71.7052688598633
9000000.00021247,-71.4306335449219
9000000.00021247,-71.1328582763672
9000000.00021248,-70.8166580200195
9000000.00021248,-70.4867630004883
9000000.00021249,-70.1478729248047
9000000.00021249,-69.8047027587891
9000000.0002125,-69.4619750976563
9000000.0002125,-69.1244049072266
9000000.00021251,-68.7967071533203
9000000.00021251,-68.4835891723633
9000000.00021252,-68.1897659301758
9000000.00021252,-67.9199676513672
9000000.00021253,-67.6788864135742
9000000.00021253,-67.4573440551758
9000000.00021254,-67.2438583374023
9000000.00021254,-67.0397033691406
9000000.00021255,-66.8461837768555
9000000.00021255,-66.6645736694336
9000000.00021256,-66.4961776733398
9000000.00021256,-66.3422622680664
9000000.00021257,-66.2041397094727
9000000.00021257,-66.0830764770508
9000000.00021258,-65.9803771972656
9000000.00021258,-65.8973236083984
9000000.00021259,-65.8351974487305
9000000.00021259,-65.7953033447266
9000000.0002126,-65.7785797119141
9000000.0002126,-65.7841644287109
9000000.00021261,-65.8109436035156
9000000.00021261,-65.8578338623047
9000000.00021262,-65.9237747192383
9000000.00021262,-66.0076904296875
9000000.00021263,-66.108512878418
9000000.00021263,-66.2251663208008
9000000.00021264,-66.3565902709961
9000000.00021264,-66.5016937255859
9000000.00021265,-66.659423828125
9000000.00021265,-66.8286972045898
9000000.00021266,-67.0084457397461
9000000.00021266,-67.1990585327148
9000000.00021267,-67.417366027832
9000000.00021267,-67.6645584106445
9000000.00021268,-67.935661315918
9000000.00021268,-68.2257308959961
9000000.00021269,-68.5298080444336
9000000.00021269,-68.8429183959961
9000000.0002127,-69.1601257324219
9000000.0002127,-69.4764556884766
9000000.00021271,-69.7869491577148
9000000.00021271,-70.0866622924805
9000000.00021272,-70.3706207275391
9000000.00021272,-70.6338653564453
9000000.00021273,-70.871452331543
9000000.00021273,-71.0946044921875
9000000.00021274,-71.3164367675781
9000000.00021274,-71.5348510742188
9000000.00021275,-71.7477340698242
9000000.00021275,-71.9529647827148
9000000.00021276,-72.1484375
9000000.00021276,-72.3320388793945
9000000.00021277,-72.5016555786133
9000000.00021277,-72.6551742553711
9000000.00021278,-72.7904815673828
9000000.00021278,-72.9054718017578
9000000.00021279,-72.9980239868164
9000000.00021279,-73.066032409668
9000000.0002128,-73.1109085083008
9000000.0002128,-73.1423568725586
9000000.00021281,-73.1598129272461
9000000.00021281,-73.1618347167969
9000000.00021282,-73.1469955444336
9000000.00021282,-73.1138687133789
9000000.00021283,-73.0610122680664
9000000.00021283,-72.9869995117188
9000000.00021284,-72.8903961181641
9000000.00021284,-72.7697677612305
9000000.00021285,-72.6236877441406
9000000.00021285,-72.4507217407227
9000000.00021286,-72.2494277954102
9000000.00021286,-72.0169067382813
9000000.00021287,-71.7351379394531
9000000.00021287,-71.4051895141602
9000000.00021288,-71.0347213745117
9000000.00021288,-70.6313934326172
9000000.00021289,-70.2028732299805
9000000.00021289,-69.7568283081055
9000000.0002129,-69.300910949707
9000000.0002129,-68.8427963256836
9000000.00021291,-68.3901443481445
9000000.00021291,-67.9506149291992
9000000.00021292,-67.5318756103516
9000000.00021292,-67.1415863037109
9000000.00021293,-66.7874145507813
9000000.00021293,-66.4537734985352
9000000.00021294,-66.12158203125
9000000.00021294,-65.7932434082031
9000000.00021295,-65.4711456298828
9000000.00021295,-65.1577072143555
9000000.00021296,-64.8553237915039
9000000.00021296,-64.5663909912109
9000000.00021297,-64.2933120727539
9000000.00021297,-64.0384979248047
9000000.00021298,-63.8043403625488
9000000.00021298,-63.5932426452637
9000000.00021299,-63.4076118469238
9000000.00021299,-63.2498435974121
9000000.000213,-63.119800567627
9000000.000213,-63.0105438232422
9000000.00021301,-62.9215354919434
9000000.00021301,-62.8528213500977
9000000.00021302,-62.8044624328613
9000000.00021302,-62.7765045166016
9000000.00021303,-62.7690086364746
9000000.00021303,-62.7820205688477
9000000.00021304,-62.8155975341797
9000000.00021304,-62.8697929382324
9000000.00021305,-62.9446563720703
9000000.00021305,-63.0402450561523
9000000.00021306,-63.156608581543
9000000.00021306,-63.2949066162109
9000000.00021307,-63.4681625366211
9000000.00021307,-63.6764984130859
9000000.00021308,-63.9152679443359
9000000.00021308,-64.1798324584961
9000000.00021309,-64.4655380249023
9000000.00021309,-64.7677383422852
9000000.0002131,-65.0818023681641
9000000.0002131,-65.4030685424805
9000000.00021311,-65.7269058227539
9000000.00021311,-66.0486602783203
9000000.00021312,-66.3636856079102
9000000.00021312,-66.6673355102539
9000000.00021313,-66.9549789428711
9000000.00021313,-67.2470092773438
9000000.00021314,-67.5624008178711
9000000.00021314,-67.8943786621094
9000000.00021315,-68.2361450195313
9000000.00021315,-68.5809173583984
9000000.00021316,-68.9218902587891
9000000.00021316,-69.2522964477539
9000000.00021317,-69.5653305053711
9000000.00021317,-69.8542098999023
9000000.00021318,-70.1121444702148
9000000.00021318,-70.3323440551758
9000000.00021319,-70.5080184936523
9000000.00021319,-70.6323852539063
9000000.0002132,-70.7019577026367
9000000.0002132,-70.7257232666016
9000000.00021321,-70.7082595825195
9000000.00021321,-70.6535568237305
9000000.00021322,-70.5655670166016
9000000.00021322,-70.4482803344727
9000000.00021323,-70.3056411743164
9000000.00021323,-70.1416473388672
9000000.00021324,-69.9602432250977
9000000.00021324,-69.7654113769531
9000000.00021325,-69.5611267089844
9000000.00021325,-69.3513488769531
9000000.00021326,-69.1400527954102
9000000.00021326,-68.928955078125
9000000.00021327,-68.6931076049805
9000000.00021327,-68.428596496582
9000000.00021328,-68.1406021118164
9000000.00021328,-67.8343048095703
9000000.00021329,-67.5148849487305
9000000.00021329,-67.1875152587891
9000000.0002133,-66.8573913574219
9000000.0002133,-66.5296936035156
9000000.00021331,-66.209587097168
9000000.00021331,-65.9022674560547
9000000.00021332,-65.6129150390625
9000000.00021332,-65.3467025756836
9000000.00021333,-65.1088180541992
9000000.00021333,-64.8887710571289
9000000.00021334,-64.673698425293
9000000.00021334,-64.4651870727539
9000000.00021335,-64.2648468017578
9000000.00021335,-64.0742797851563
9000000.00021336,-63.895076751709
9000000.00021336,-63.7288436889648
9000000.00021337,-63.5771789550781
9000000.00021337,-63.4416847229004
9000000.00021338,-63.3239555358887
9000000.00021338,-63.2255935668945
9000000.00021339,-63.1482009887695
9000000.00021339,-63.093376159668
9000000.0002134,-63.0617370605469
9000000.0002134,-63.0506172180176
9000000.00021341,-63.0590896606445
9000000.00021341,-63.0864372253418
9000000.00021342,-63.1319389343262
9000000.00021342,-63.1948699951172
9000000.00021343,-63.2745056152344
9000000.00021343,-63.3701324462891
9000000.00021344,-63.4810218811035
9000000.00021344,-63.6064529418945
9000000.00021345,-63.7457046508789
9000000.00021345,-63.8980560302734
9000000.00021346,-64.0627822875977
9000000.00021346,-64.2405853271484
9000000.00021347,-64.4478149414063
9000000.00021347,-64.6853485107422
9000000.00021348,-64.9480667114258
9000000.00021348,-65.2308502197266
9000000.00021349,-65.5285873413086
9000000.00021349,-65.8361587524414
9000000.0002135,-66.1484451293945
9000000.0002135,-66.460334777832
9000000.00021351,-66.7667083740234
9000000.00021351,-67.0624465942383
9000000.00021352,-67.3424377441406
9000000.00021352,-67.6015548706055
9000000.00021353,-67.8346939086914
9000000.00021353,-68.0531234741211
9000000.00021354,-68.2701721191406
9000000.00021354,-68.4838180541992
9000000.00021355,-68.6920318603516
9000000.00021355,-68.8927917480469
9000000.00021356,-69.0840606689453
9000000.00021356,-69.2638244628906
9000000.00021357,-69.430046081543
9000000.00021357,-69.580696105957
9000000.00021358,-69.7137603759766
9000000.00021358,-69.8272094726563
9000000.00021359,-69.9190063476563
9000000.00021359,-69.9871292114258
9000000.0002136,-70.0292587280273
9000000.0002136,-70.0445175170898
9000000.00021361,-70.0353012084961
9000000.00021361,-70.0041732788086
9000000.00021362,-69.9536895751953
9000000.00021362,-69.8864059448242
9000000.00021363,-69.8048782348633
9000000.00021363,-69.711669921875
9000000.00021364,-69.6093368530273
9000000.00021364,-69.5004348754883
9000000.00021365,-69.3875274658203
9000000.00021365,-69.2731704711914
9000000.00021366,-69.1599197387695
9000000.00021366,-69.0490798950195
9000000.00021367,-68.9270095825195
9000000.00021367,-68.7911987304688
9000000.00021368,-68.6441421508789
9000000.00021368,-68.4883270263672
9000000.00021369,-68.3262329101563
9000000.00021369,-68.1603546142578
9000000.0002137,-67.9931716918945
9000000.0002137,-67.8271713256836
9000000.00021371,-67.6648483276367
9000000.00021371,-67.508674621582
9000000.00021372,-67.3611450195313
9000000.00021372,-67.2247467041016
9000000.00021373,-67.1019668579102
9000000.00021373,-66.9864196777344
9000000.00021374,-66.8710174560547
9000000.00021374,-66.7571868896484
9000000.00021375,-66.6463470458984
9000000.00021375,-66.5399322509766
9000000.00021376,-66.4393615722656
9000000.00021376,-66.3460540771484
9000000.00021377,-66.2614364624023
9000000.00021377,-66.1869354248047
9000000.00021378,-66.1239776611328
9000000.00021378,-66.0739822387695
9000000.00021379,-66.0383682250977
9000000.00021379,-66.0185699462891
9000000.0002138,-66.0112686157227
9000000.0002138,-66.0034713745117
9000000.00021381,-65.9974136352539
9000000.00021381,-65.9965667724609
9000000.00021382,-66.0044097900391
9000000.00021382,-66.0243988037109
9000000.00021383,-66.0600051879883
9000000.00021383,-66.1147079467773
9000000.00021384,-66.1919708251953
9000000.00021384,-66.2952651977539
9000000.00021385,-66.4280548095703
9000000.00021385,-66.5938186645508
9000000.00021386,-66.796012878418
9000000.00021386,-67.0380706787109
9000000.00021387,-67.3207702636719
9000000.00021387,-67.6409759521484
9000000.00021388,-67.9952545166016
9000000.00021388,-68.3801498413086
9000000.00021389,-68.792236328125
9000000.00021389,-69.2280578613281
9000000.0002139,-69.6841812133789
9000000.0002139,-70.1571655273438
9000000.00021391,-70.6435546875
9000000.00021391,-71.1399230957031
9000000.00021392,-71.6428146362305
9000000.00021392,-72.1487884521484
9000000.00021393,-72.654411315918
9000000.00021393,-73.2056503295898
9000000.00021394,-73.8374328613281
9000000.00021394,-74.5297012329102
9000000.00021395,-75.2624206542969
9000000.00021395,-76.0155487060547
9000000.00021396,-76.76904296875
9000000.00021396,-77.5028610229492
9000000.00021397,-78.1969680786133
9000000.00021397,-78.8313064575195
9000000.00021398,-79.3858489990234
9000000.00021398,-79.8405456542969
9000000.00021399,-80.1753540039063
9000000.00021399,-80.3702392578125
9000000.000214,-80.4098205566406
9000000.000214,-80.3064422607422
9000000.00021401,-80.077766418457
9000000.00021401,-79.7409820556641
9000000.00021402,-79.3132553100586
9000000.00021402,-78.811767578125
9000000.00021403,-78.2537078857422
9000000.00021403,-77.65625
9000000.00021404,-77.0365753173828
9000000.00021404,-76.411865234375
9000000.00021405,-75.7992935180664
9000000.00021405,-75.2160415649414
9000000.00021406,-74.6792984008789
9000000.00021406,-74.2010192871094
9000000.00021407,-73.7265625
9000000.00021407,-73.2396774291992
9000000.00021408,-72.7439651489258
9000000.00021408,-72.243034362793
9000000.00021409,-71.740478515625
9000000.00021409,-71.2399063110352
9000000.0002141,-70.7449188232422
9000000.0002141,-70.2591247558594
9000000.00021411,-69.7861251831055
9000000.00021411,-69.3295211791992
9000000.00021412,-68.8929214477539
9000000.00021412,-68.4799194335938
9000000.00021413,-68.0941314697266
9000000.00021413,-67.7289733886719
9000000.00021414,-67.3759994506836
9000000.00021414,-67.0359573364258
9000000.00021415,-66.7096099853516
9000000.00021415,-66.3977203369141
9000000.00021416,-66.1010513305664
9000000.00021416,-65.8203582763672
9000000.00021417,-65.5564117431641
9000000.00021417,-65.3099594116211
9000000.00021418,-65.0817718505859
9000000.00021418,-64.8726119995117
9000000.00021419,-64.6832275390625
9000000.00021419,-64.5143890380859
9000000.0002142,-64.3664169311523
9000000.0002142,-64.2380981445313
9000000.00021421,-64.1289825439453
9000000.00021421,-64.0386962890625
9000000.00021422,-63.9668769836426
9000000.00021422,-63.9131546020508
9000000.00021423,-63.8771553039551
9000000.00021423,-63.8585166931152
9000000.00021424,-63.8568687438965
9000000.00021424,-63.8718414306641
9000000.00021425,-63.9030685424805
9000000.00021425,-63.9501800537109
9000000.00021426,-64.012809753418
9000000.00021426,-64.0913772583008
9000000.00021427,-64.1949768066406
9000000.00021427,-64.3240737915039
9000000.00021428,-64.4757766723633
9000000.00021428,-64.6472244262695
9000000.00021429,-64.8355255126953
9000000.00021429,-65.0378112792969
9000000.0002143,-65.2512054443359
9000000.0002143,-65.4728240966797
9000000.00021431,-65.6997985839844
9000000.00021431,-65.9292526245117
9000000.00021432,-66.1582946777344
9000000.00021432,-66.3840637207031
9000000.00021433,-66.6036758422852
9000000.00021433,-66.8306427001953
9000000.00021434,-67.0773086547852
9000000.00021434,-67.3390350341797
9000000.00021435,-67.6112060546875
9000000.00021435,-67.8891830444336
9000000.00021436,-68.1683502197266
9000000.00021436,-68.4440612792969
9000000.00021437,-68.7117080688477
9000000.00021437,-68.9666442871094
9000000.00021438,-69.2042541503906
9000000.00021438,-69.4198989868164
9000000.00021439,-69.6089553833008
9000000.00021439,-69.7667999267578
9000000.0002144,-69.8916473388672
9000000.0002144,-69.9912567138672
9000000.00021441,-70.0682830810547
9000000.00021441,-70.1248092651367
9000000.00021442,-70.1629028320313
9000000.00021442,-70.1846389770508
9000000.00021443,-70.1921005249023
9000000.00021443,-70.1873474121094
9000000.00021444,-70.1724624633789
9000000.00021444,-70.1495132446289
9000000.00021445,-70.1205825805664
9000000.00021445,-70.0877456665039
9000000.00021446,-70.0530624389648
9000000.00021446,-70.0174942016602
9000000.00021447,-69.968505859375
9000000.00021447,-69.9040603637695
9000000.00021448,-69.8266906738281
9000000.00021448,-69.7389144897461
9000000.00021449,-69.6432571411133
9000000.00021449,-69.5422515869141
9000000.0002145,-69.4384078979492
9000000.0002145,-69.3342666625977
9000000.00021451,-69.2323532104492
9000000.00021451,-69.1351852416992
9000000.00021452,-69.0452880859375
9000000.00021452,-68.9651870727539
9000000.00021453,-68.8974151611328
9000000.00021453,-68.8374557495117
9000000.00021454,-68.7794494628906
9000000.00021454,-68.723876953125
9000000.00021455,-68.6712341308594
9000000.00021455,-68.6219940185547
9000000.00021456,-68.5766525268555
9000000.00021456,-68.5356903076172
9000000.00021457,-68.4995956420898
9000000.00021457,-68.4688568115234
9000000.00021458,-68.443962097168
9000000.00021458,-68.4253997802734
9000000.00021459,-68.4136428833008
9000000.00021459,-68.4091949462891
9000000.0002146,-68.4092864990234
9000000.0002146,-68.4049987792969
9000000.00021461,-68.3983993530273
9000000.00021461,-68.3923950195313
9000000.00021462,-68.3899078369141
9000000.00021462,-68.3938598632813
9000000.00021463,-68.4071655273438
9000000.00021463,-68.4327392578125
9000000.00021464,-68.4735107421875
9000000.00021464,-68.5323867797852
9000000.00021465,-68.6122817993164
9000000.00021465,-68.7161254882813
9000000.00021466,-68.8468322753906
9000000.00021466,-69.0061492919922
9000000.00021467,-69.181526184082
9000000.00021467,-69.3701705932617
9000000.00021468,-69.5738296508789
9000000.00021468,-69.7942886352539
9000000.00021469,-70.0333023071289
9000000.00021469,-70.2926483154297
9000000.0002147,-70.5740814208984
9000000.0002147,-70.8793792724609
9000000.00021471,-71.2103042602539
9000000.00021471,-71.5686340332031
9000000.00021472,-71.9561157226563
9000000.00021472,-72.3745346069336
9000000.00021473,-72.8256530761719
9000000.00021473,-73.365592956543
9000000.00021474,-74.0303192138672
9000000.00021474,-74.7913208007813
9000000.00021475,-75.6201019287109
9000000.00021475,-76.488166809082
9000000.00021476,-77.3670043945313
9000000.00021476,-78.2281112670898
9000000.00021477,-79.0429992675781
9000000.00021477,-79.7831649780273
9000000.00021478,-80.4200973510742
9000000.00021478,-80.9253082275391
9000000.00021479,-81.2702865600586
9000000.00021479,-81.4265365600586
9000000.0002148,-81.3706436157227
9000000.0002148,-81.1158981323242
9000000.00021481,-80.6886367797852
9000000.00021481,-80.1149444580078
9000000.00021482,-79.4209136962891
9000000.00021482,-78.6326141357422
9000000.00021483,-77.7761383056641
9000000.00021483,-76.877555847168
9000000.00021484,-75.9629669189453
9000000.00021484,-75.0584335327148
9000000.00021485,-74.190055847168
9000000.00021485,-73.3839111328125
9000000.00021486,-72.6660766601563
9000000.00021486,-72.055778503418
9000000.00021487,-71.4825820922852
9000000.00021487,-70.9219741821289
9000000.00021488,-70.3750076293945
9000000.00021488,-69.8427276611328
9000000.00021489,-69.3261947631836
9000000.00021489,-68.8264617919922
9000000.0002149,-68.3445739746094
9000000.0002149,-67.8815994262695
9000000.00021491,-67.4385757446289
9000000.00021491,-67.0165634155273
9000000.00021492,-66.6166152954102
9000000.00021492,-66.2397766113281
9000000.00021493,-65.8871154785156
9000000.00021493,-65.5573120117188
9000000.00021494,-65.2483139038086
9000000.00021494,-64.9600448608398
9000000.00021495,-64.6924285888672
9000000.00021495,-64.4453887939453
9000000.00021496,-64.2188491821289
9000000.00021496,-64.0127258300781
9000000.00021497,-63.8269577026367
9000000.00021497,-63.6614570617676
9000000.00021498,-63.5161514282227
9000000.00021498,-63.3909645080566
9000000.00021499,-63.2858200073242
9000000.00021499,-63.2006378173828
9000000.000215,-63.136100769043
9000000.000215,-63.0942764282227
9000000.00021501,-63.0746536254883
9000000.00021501,-63.0765075683594
9000000.00021502,-63.0991249084473
9000000.00021502,-63.1417846679688
9000000.00021503,-63.2037696838379
9000000.00021503,-63.2843627929688
9000000.00021504,-63.3828430175781
9000000.00021504,-63.4984970092773
9000000.00021505,-63.6305999755859
9000000.00021505,-63.7784423828125
9000000.00021506,-63.9412994384766
9000000.00021506,-64.1198654174805
9000000.00021507,-64.3304290771484
9000000.00021507,-64.5738677978516
9000000.00021508,-64.8450698852539
9000000.00021508,-65.1389541625977
9000000.00021509,-65.4504089355469
9000000.00021509,-65.7743453979492
9000000.0002151,-66.1056747436523
9000000.0002151,-66.4392852783203
9000000.00021511,-66.7700881958008
9000000.00021511,-67.0929946899414
9000000.00021512,-67.4028930664063
9000000.00021512,-67.694694519043
9000000.00021513,-67.9633102416992
9000000.00021513,-68.2255477905273
9000000.00021514,-68.4984741210938
9000000.00021514,-68.77734375
9000000.00021515,-69.0574188232422
9000000.00021515,-69.3339614868164
9000000.00021516,-69.6022338867188
9000000.00021516,-69.8574981689453
9000000.00021517,-70.0950088500977
9000000.00021517,-70.3100280761719
9000000.00021518,-70.4978256225586
9000000.00021518,-70.6536483764648
9000000.00021519,-70.7727737426758
9000000.00021519,-70.8504486083984
9000000.0002152,-70.8831176757813
9000000.0002152,-70.8739395141602
9000000.00021521,-70.8270034790039
9000000.00021521,-70.7462997436523
9000000.00021522,-70.6358032226563
9000000.00021522,-70.4994888305664
9000000.00021523,-70.3413314819336
9000000.00021523,-70.1653137207031
9000000.00021524,-69.9754028320313
9000000.00021524,-69.7755813598633
9000000.00021525,-69.56982421875
9000000.00021525,-69.3621063232422
9000000.00021526,-69.1564025878906
9000000.00021526,-68.9546508789063
9000000.00021527,-68.7342987060547
9000000.00021527,-68.491455078125
9000000.00021528,-68.2304534912109
9000000.00021528,-67.9556198120117
9000000.00021529,-67.671272277832
9000000.00021529,-67.3817367553711
9000000.0002153,-67.0913543701172
9000000.0002153,-66.8044357299805
9000000.00021531,-66.5253143310547
9000000.00021531,-66.2583084106445
9000000.00021532,-66.0077590942383
9000000.00021532,-65.7779769897461
9000000.00021533,-65.5732955932617
9000000.00021533,-65.3843078613281
9000000.00021534,-65.199821472168
9000000.00021534,-65.0214920043945
9000000.00021535,-64.8509674072266
9000000.00021535,-64.6899108886719
9000000.00021536,-64.5399703979492
9000000.00021536,-64.4028015136719
9000000.00021537,-64.2800598144531
9000000.00021537,-64.1733932495117
9000000.00021538,-64.0844650268555
9000000.00021538,-64.0149154663086
9000000.00021539,-63.9664154052734
9000000.00021539,-63.940601348877
9000000.0002154,-63.936939239502
9000000.0002154,-63.9493942260742
9000000.00021541,-63.9779624938965
9000000.00021541,-64.0231552124023
9000000.00021542,-64.0854949951172
9000000.00021542,-64.1654968261719
9000000.00021543,-64.2636871337891
9000000.00021543,-64.3805694580078
9000000.00021544,-64.5166778564453
9000000.00021544,-64.6725158691406
9000000.00021545,-64.8486175537109
9000000.00021545,-65.0454788208008
9000000.00021546,-65.2636413574219
9000000.00021546,-65.5039367675781
9000000.00021547,-65.7704162597656
9000000.00021547,-66.0626678466797
9000000.00021548,-66.3787841796875
9000000.00021548,-66.7168655395508
9000000.00021549,-67.0750045776367
9000000.00021549,-67.4513092041016
9000000.0002155,-67.8438720703125
9000000.0002155,-68.2507934570313
9000000.00021551,-68.6701736450195
9000000.00021551,-69.10009765625
9000000.00021552,-69.5386734008789
9000000.00021552,-69.9839935302734
9000000.00021553,-70.4341659545898
9000000.00021553,-70.9292984008789
9000000.00021554,-71.4986343383789
9000000.00021554,-72.1239242553711
9000000.00021555,-72.7869567871094
9000000.00021555,-73.469482421875
9000000.00021556,-74.1532745361328
9000000.00021556,-74.8201141357422
9000000.00021557,-75.4517517089844
9000000.00021557,-76.0299606323242
9000000.00021558,-76.5365142822266
9000000.00021558,-76.9531707763672
9000000.00021559,-77.2617111206055
9000000.00021559,-77.4438934326172
9000000.0002156,-77.4858703613281
9000000.0002156,-77.3992462158203
9000000.00021561,-77.1999893188477
9000000.00021561,-76.9035797119141
9000000.00021562,-76.5254898071289
9000000.00021562,-76.0811996459961
9000000.00021563,-75.5862121582031
9000000.00021563,-75.0559844970703
9000000.00021564,-74.5060195922852
9000000.00021564,-73.951789855957
9000000.00021565,-73.4087753295898
9000000.00021565,-72.8924713134766
9000000.00021566,-72.418342590332
9000000.00021566,-71.9970245361328
9000000.00021567,-71.5773544311523
9000000.00021567,-71.1446838378906
9000000.00021568,-70.7029037475586
9000000.00021568,-70.2559585571289
9000000.00021569,-69.807746887207
9000000.00021569,-69.3621978759766
9000000.0002157,-68.9232330322266
9000000.0002157,-68.494758605957
9000000.00021571,-68.0807113647461
9000000.00021571,-67.6849899291992
9000000.00021572,-67.3115310668945
9000000.00021572,-66.964241027832
9000000.00021573,-66.6470413208008
9000000.00021573,-66.3526458740234
9000000.00021574,-66.0717544555664
9000000.00021574,-65.8052597045898
9000000.00021575,-65.5540618896484
9000000.00021575,-65.3190689086914
9000000.00021576,-65.1011581420898
9000000.00021576,-64.901237487793
9000000.00021577,-64.72021484375
9000000.00021577,-64.558967590332
9000000.00021578,-64.4184036254883
9000000.00021578,-64.2994232177734
9000000.00021579,-64.2029266357422
9000000.00021579,-64.1297988891602
9000000.0002158,-64.0794143676758
9000000.0002158,-64.0475921630859
9000000.00021581,-64.0345840454102
9000000.00021581,-64.0410308837891
9000000.00021582,-64.0675659179688
9000000.00021582,-64.1148223876953
9000000.00021583,-64.1834411621094
9000000.00021583,-64.274055480957
9000000.00021584,-64.3873062133789
9000000.00021584,-64.5238189697266
9000000.00021585,-64.6842498779297
9000000.00021585,-64.8692169189453
9000000.00021586,-65.0793609619141
9000000.00021586,-65.3150329589844
9000000.00021587,-65.573112487793
9000000.00021587,-65.8529815673828
9000000.00021588,-66.155158996582
9000000.00021588,-66.4801712036133
9000000.00021589,-66.8285369873047
9000000.00021589,-67.2007751464844
9000000.0002159,-67.597412109375
9000000.0002159,-68.0189666748047
9000000.00021591,-68.465950012207
9000000.00021591,-68.9388961791992
9000000.00021592,-69.4383163452148
9000000.00021592,-69.9647445678711
9000000.00021593,-70.518684387207
9000000.00021593,-71.1543502807617
9000000.00021594,-71.9077758789063
9000000.00021594,-72.7522506713867
9000000.00021595,-73.6610412597656
9000000.00021595,-74.6074371337891
9000000.00021596,-75.5647125244141
9000000.00021596,-76.5061492919922
9000000.00021597,-77.405029296875
9000000.00021597,-78.2346267700195
9000000.00021598,-78.9682235717773
9000000.00021598,-79.5790939331055
9000000.00021599,-80.04052734375
9000000.00021599,-80.325798034668
9000000.000216,-80.4154586791992
9000000.000216,-80.3288879394531
9000000.00021601,-80.0887832641602
9000000.00021601,-79.7169189453125
9000000.00021602,-79.2350921630859
9000000.00021602,-78.6650695800781
9000000.00021603,-78.0286331176758
9000000.00021603,-77.3475646972656
9000000.00021604,-76.6436538696289
9000000.00021604,-75.9386672973633
9000000.00021605,-75.25439453125
9000000.00021605,-74.6126098632813
9000000.00021606,-74.0350952148438
9000000.00021606,-73.5373306274414
9000000.00021607,-73.0536575317383
9000000.00021607,-72.5635147094727
9000000.00021608,-72.0701904296875
9000000.00021608,-71.5769882202148
9000000.00021609,-71.0871810913086
9000000.00021609,-70.6040802001953
9000000.0002161,-70.1309585571289
9000000.0002161,-69.6711120605469
9000000.00021611,-69.2278366088867
9000000.00021611,-68.8044204711914
9000000.00021612,-68.4041595458984
9000000.00021612,-68.0303344726563
9000000.00021613,-67.6862411499023
9000000.00021613,-67.365234375
9000000.00021614,-67.0591506958008
9000000.00021614,-66.7690048217773
9000000.00021615,-66.4957885742188
9000000.00021615,-66.2405319213867
9000000.00021616,-66.0042266845703
9000000.00021616,-65.7878875732422
9000000.00021617,-65.5925140380859
9000000.00021617,-65.4191284179688
9000000.00021618,-65.2687377929688
9000000.00021618,-65.142333984375
9000000.00021619,-65.0409469604492
9000000.00021619,-64.9655685424805
9000000.0002162,-64.9160003662109
9000000.0002162,-64.8889541625977
9000000.00021621,-64.8843002319336
9000000.00021621,-64.902214050293
9000000.00021622,-64.94287109375
9000000.00021622,-65.0064468383789
9000000.00021623,-65.0931091308594
9000000.00021623,-65.2030334472656
9000000.00021624,-65.3363952636719
9000000.00021624,-65.4933624267578
9000000.00021625,-65.6741104125977
9000000.00021625,-65.8788146972656
9000000.00021626,-66.1076507568359
9000000.00021626,-66.3628921508789
9000000.00021627,-66.6695327758789
9000000.00021627,-67.0277328491211
9000000.00021628,-67.4285202026367
9000000.00021628,-67.862922668457
9000000.00021629,-68.3219680786133
9000000.00021629,-68.7966842651367
9000000.0002163,-69.2780990600586
9000000.0002163,-69.7572402954102
9000000.00021631,-70.2251358032227
9000000.00021631,-70.6728134155273
9000000.00021632,-71.09130859375
9000000.00021632,-71.4716339111328
9000000.00021633,-71.8048248291016
9000000.00021633,-72.1094589233398
9000000.00021634,-72.4081268310547
9000000.00021634,-72.6978378295898
9000000.00021635,-72.9756240844727
9000000.00021635,-73.2384948730469
9000000.00021636,-73.4834899902344
9000000.00021636,-73.7076187133789
9000000.00021637,-73.9079132080078
9000000.00021637,-74.0813827514648
9000000.00021638,-74.2250671386719
9000000.00021638,-74.3359756469727
9000000.00021639,-74.4111328125
9000000.00021639,-74.4475708007813
9000000.0002164,-74.4418716430664
9000000.0002164,-74.3927764892578
9000000.00021641,-74.3038101196289
9000000.00021641,-74.1787185668945
9000000.00021642,-74.0212478637695
9000000.00021642,-73.8351440429688
9000000.00021643,-73.6241607666016
9000000.00021643,-73.3920440673828
9000000.00021644,-73.1425399780273
9000000.00021644,-72.8794021606445
9000000.00021645,-72.6063766479492
9000000.00021645,-72.3272094726563
9000000.00021646,-72.045654296875
9000000.00021646,-71.7631072998047
9000000.00021647,-71.4534072875977
9000000.00021647,-71.1128158569336
9000000.00021648,-70.7471466064453
9000000.00021648,-70.3622131347656
9000000.00021649,-69.9638366699219
9000000.00021649,-69.5578231811523
9000000.0002165,-69.1499862670898
9000000.0002165,-68.7461395263672
9000000.00021651,-68.3520965576172
9000000.00021651,-67.9736785888672
9000000.00021652,-67.6166839599609
9000000.00021652,-67.2869415283203
9000000.00021653,-66.9902572631836
9000000.00021653,-66.7146530151367
9000000.00021654,-66.445556640625
9000000.00021654,-66.1848526000977
9000000.00021655,-65.9344482421875
9000000.00021655,-65.6962356567383
9000000.00021656,-65.4721069335938
9000000.00021656,-65.2639694213867
9000000.00021657,-65.0737075805664
9000000.00021657,-64.9032287597656
9000000.00021658,-64.7544250488281
9000000.00021658,-64.6291885375977
9000000.00021659,-64.5294189453125
9000000.00021659,-64.4570159912109
9000000.0002166,-64.4107513427734
9000000.0002166,-64.3820571899414
9000000.00021661,-64.3714141845703
9000000.00021661,-64.3800354003906
9000000.00021662,-64.4091644287109
9000000.00021662,-64.4600296020508
9000000.00021663,-64.5338668823242
9000000.00021663,-64.6319046020508
9000000.00021664,-64.7553787231445
9000000.00021664,-64.9055252075195
9000000.00021665,-65.0835647583008
9000000.00021665,-65.2907409667969
9000000.00021666,-65.5282745361328
9000000.00021666,-65.8003692626953
9000000.00021667,-66.1422348022461
9000000.00021667,-66.55322265625
9000000.00021668,-67.0197830200195
9000000.00021668,-67.5283508300781
9000000.00021669,-68.0653610229492
9000000.00021669,-68.6172637939453
9000000.0002167,-69.1704940795898
9000000.0002167,-69.7114944458008
9000000.00021671,-70.2267150878906
9000000.00021671,-70.7025833129883
9000000.00021672,-71.1255416870117
9000000.00021672,-71.482048034668
9000000.00021673,-71.7585220336914
9000000.00021673,-71.9711685180664
9000000.00021674,-72.1460723876953
9000000.00021674,-72.2845230102539
9000000.00021675,-72.3877944946289
9000000.00021675,-72.4571762084961
9000000.00021676,-72.4939575195313
9000000.00021676,-72.4994049072266
9000000.00021677,-72.4748229980469
9000000.00021677,-72.4214782714844
9000000.00021678,-72.3406600952148
9000000.00021678,-72.2336578369141
9000000.00021679,-72.1017456054688
9000000.00021679,-71.9462127685547
9000000.0002168,-71.7599029541016
9000000.0002168,-71.5195999145508
9000000.00021681,-71.2306365966797
9000000.00021681,-70.9005966186523
9000000.00021682,-70.5370559692383
9000000.00021682,-70.147575378418
9000000.00021683,-69.73974609375
9000000.00021683,-69.3211212158203
9000000.00021684,-68.8992919921875
9000000.00021684,-68.481819152832
9000000.00021685,-68.0762786865234
9000000.00021685,-67.6902465820313
9000000.00021686,-67.331298828125
9000000.00021686,-67.0046768188477
9000000.00021687,-66.6859130859375
9000000.00021687,-66.3678588867188
9000000.00021688,-66.0522155761719
9000000.00021688,-65.7407073974609
9000000.00021689,-65.43505859375
9000000.00021689,-65.1369781494141
9000000.0002169,-64.8481826782227
9000000.0002169,-64.5703964233398
9000000.00021691,-64.3053359985352
9000000.00021691,-64.0547180175781
9000000.00021692,-63.8202629089355
9000000.00021692,-63.6036834716797
9000000.00021693,-63.4067039489746
9000000.00021693,-63.2258071899414
9000000.00021694,-63.0567054748535
9000000.00021694,-62.8999404907227
9000000.00021695,-62.7560653686523
9000000.00021695,-62.6256256103516
9000000.00021696,-62.5091705322266
9000000.00021696,-62.4072456359863
9000000.00021697,-62.3204040527344
9000000.00021697,-62.2491874694824
9000000.00021698,-62.1941452026367
9000000.00021698,-62.1558265686035
9000000.00021699,-62.1347770690918
9000000.00021699,-62.1315498352051
9000000.000217,-62.1472625732422
9000000.000217,-62.1835174560547
9000000.00021701,-62.2392730712891
9000000.00021701,-62.313304901123
9000000.00021702,-62.4044036865234
9000000.00021702,-62.5113410949707
9000000.00021703,-62.6329078674316
9000000.00021703,-62.767879486084
9000000.00021704,-62.9150390625
9000000.00021704,-63.073169708252
9000000.00021705,-63.2410507202148
9000000.00021705,-63.4174613952637
9000000.00021706,-63.601188659668
9000000.00021706,-63.7920532226563
9000000.00021707,-64.0018310546875
9000000.00021707,-64.2317733764648
9000000.00021708,-64.4788360595703
9000000.00021708,-64.7399826049805
9000000.00021709,-65.0121688842773
9000000.00021709,-65.292350769043
9000000.0002171,-65.5774765014648
9000000.0002171,-65.8645095825195
9000000.00021711,-66.1504058837891
9000000.00021711,-66.4321212768555
9000000.00021712,-66.7066192626953
9000000.00021712,-66.9708404541016
9000000.00021713,-67.2217559814453
9000000.00021713,-67.4695510864258
9000000.00021714,-67.7245101928711
9000000.00021714,-67.9837265014648
9000000.00021715,-68.2443008422852
9000000.00021715,-68.5033416748047
9000000.00021716,-68.757942199707
9000000.00021716,-69.0052032470703
9000000.00021717,-69.2422256469727
9000000.00021717,-69.4661102294922
9000000.00021718,-69.673957824707
9000000.00021718,-69.8628616333008
9000000.00021719,-70.0299224853516
9000000.00021719,-70.1722412109375
9000000.0002172,-70.2905044555664
9000000.0002172,-70.3944702148438
9000000.00021721,-70.4844055175781
9000000.00021721,-70.559700012207
9000000.00021722,-70.619743347168
9000000.00021722,-70.663932800293
9000000.00021723,-70.6916732788086
9000000.00021723,-70.7023468017578
9000000.00021724,-70.6953506469727
9000000.00021724,-70.6700897216797
9000000.00021725,-70.6259536743164
9000000.00021725,-70.5623397827148
9000000.00021726,-70.4786376953125
9000000.00021726,-70.3731460571289
9000000.00021727,-70.2325973510742
9000000.00021727,-70.0573577880859
9000000.00021728,-69.8526763916016
9000000.00021728,-69.6237716674805
9000000.00021729,-69.3758850097656
9000000.00021729,-69.1142425537109
9000000.0002173,-68.8440856933594
9000000.0002173,-68.5706329345703
9000000.00021731,-68.2991180419922
9000000.00021731,-68.034782409668
9000000.00021732,-67.7828521728516
9000000.00021732,-67.5485610961914
9000000.00021733,-67.3371429443359
9000000.00021733,-67.1367263793945
9000000.00021734,-66.9334487915039
9000000.00021734,-66.7295455932617
9000000.00021735,-66.5272521972656
9000000.00021735,-66.3288192749023
9000000.00021736,-66.1364822387695
9000000.00021736,-65.9524688720703
9000000.00021737,-65.7790298461914
9000000.00021737,-65.6184005737305
9000000.00021738,-65.4728240966797
9000000.00021738,-65.3445281982422
9000000.00021739,-65.2357635498047
9000000.00021739,-65.1487655639648
9000000.0002174,-65.0837173461914
9000000.0002174,-65.035026550293
9000000.00021741,-65.001953125
9000000.00021741,-64.9841842651367
9000000.00021742,-64.9814529418945
9000000.00021742,-64.9934463500977
9000000.00021743,-65.019889831543
9000000.00021743,-65.0604858398438
9000000.00021744,-65.1149520874023
9000000.00021744,-65.1829833984375
9000000.00021745,-65.2643051147461
9000000.00021745,-65.3586196899414
9000000.00021746,-65.4656372070313
9000000.00021746,-65.5860366821289
9000000.00021747,-65.7310333251953
9000000.00021747,-65.9010391235352
9000000.00021748,-66.0923538208008
9000000.00021748,-66.3012924194336
9000000.00021749,-66.5241546630859
9000000.00021749,-66.7572326660156
9000000.0002175,-66.9968414306641
9000000.0002175,-67.2392807006836
9000000.00021751,-67.4808578491211
9000000.00021751,-67.7178726196289
9000000.00021752,-67.9466323852539
9000000.00021752,-68.1634368896484
9000000.00021753,-68.3645858764648
9000000.00021753,-68.5624923706055
9000000.00021754,-68.7696762084961
9000000.00021754,-68.9825897216797
9000000.00021755,-69.1977005004883
9000000.00021755,-69.4114608764648
9000000.00021756,-69.6203384399414
9000000.00021756,-69.8207931518555
9000000.00021757,-70.0092849731445
9000000.00021757,-70.1822738647461
9000000.00021758,-70.3362197875977
9000000.00021758,-70.4675827026367
9000000.00021759,-70.5728302001953
9000000.00021759,-70.6484146118164
9000000.0002176,-70.6911468505859
9000000.0002176,-70.7018737792969
9000000.00021761,-70.6841125488281
9000000.00021761,-70.6413879394531
9000000.00021762,-70.5772705078125
9000000.00021762,-70.4952850341797
9000000.00021763,-70.3989791870117
9000000.00021763,-70.2919158935547
9000000.00021764,-70.177619934082
9000000.00021764,-70.0596466064453
9000000.00021765,-69.9415512084961
9000000.00021765,-69.8268585205078
9000000.00021766,-69.7191314697266
9000000.00021766,-69.6205062866211
9000000.00021767,-69.5159072875977
9000000.00021767,-69.4019165039063
9000000.00021768,-69.2806396484375
9000000.00021768,-69.1541442871094
9000000.00021769,-69.0245361328125
9000000.00021769,-68.8938903808594
9000000.0002177,-68.7642974853516
9000000.0002177,-68.6378402709961
9000000.00021771,-68.5166168212891
9000000.00021771,-68.402702331543
9000000.00021772,-68.2981948852539
9000000.00021772,-68.2051773071289
9000000.00021773,-68.125732421875
9000000.00021773,-68.0577621459961
9000000.00021774,-67.9975204467773
9000000.00021774,-67.9446029663086
9000000.00021775,-67.8986434936523
9000000.00021775,-67.8592376708984
9000000.00021776,-67.8260040283203
9000000.00021776,-67.7985610961914
9000000.00021777,-67.7765045166016
9000000.00021777,-67.7594604492188
9000000.00021778,-67.7470397949219
9000000.00021778,-67.7388458251953
9000000.00021779,-67.7344970703125
9000000.00021779,-67.7336044311523
9000000.0002178,-67.7349624633789
9000000.0002178,-67.7362899780273
9000000.00021781,-67.7386627197266
9000000.00021781,-67.7433776855469
9000000.00021782,-67.7517395019531
9000000.00021782,-67.7650527954102
9000000.00021783,-67.7846298217773
9000000.00021783,-67.8117599487305
9000000.00021784,-67.8477630615234
9000000.00021784,-67.893928527832
9000000.00021785,-67.9515762329102
9000000.00021785,-68.0219955444336
9000000.00021786,-68.1064987182617
9000000.00021786,-68.2049255371094
9000000.00021787,-68.3006210327148
9000000.00021787,-68.3921966552734
9000000.00021788,-68.4843368530273
9000000.00021788,-68.5817184448242
9000000.00021789,-68.6890487670898
9000000.00021789,-68.8109970092773
9000000.0002179,-68.952262878418
9000000.0002179,-69.1175308227539
9000000.00021791,-69.3114852905273
9000000.00021791,-69.538818359375
9000000.00021792,-69.8042221069336
9000000.00021792,-70.1123733520508
9000000.00021793,-70.4679718017578
9000000.00021793,-70.9067535400391
9000000.00021794,-71.4476165771484
9000000.00021794,-72.0700225830078
9000000.00021795,-72.7534103393555
9000000.00021795,-73.4772262573242
9000000.00021796,-74.2209167480469
9000000.00021796,-74.9639358520508
9000000.00021797,-75.6857147216797
9000000.00021797,-76.3657150268555
9000000.00021798,-76.9833755493164
9000000.00021798,-77.5181427001953
9000000.00021799,-77.949462890625
9000000.00021799,-78.2567901611328
9000000.000218,-78.4329299926758
9000000.000218,-78.5142211914063
9000000.00021801,-78.5119476318359
9000000.00021801,-78.4345626831055
9000000.00021802,-78.2905426025391
9000000.00021802,-78.0883483886719
9000000.00021803,-77.8364486694336
9000000.00021803,-77.5433044433594
9000000.00021804,-77.2173843383789
9000000.00021804,-76.8671569824219
9000000.00021805,-76.501091003418
9000000.00021805,-76.1276473999023
9000000.00021806,-75.7552947998047
9000000.00021806,-75.3881225585938
9000000.00021807,-74.9780502319336
9000000.00021807,-74.5167770385742
9000000.00021808,-74.0135498046875
9000000.00021808,-73.4776229858398
9000000.00021809,-72.9182434082031
9000000.00021809,-72.3446502685547
9000000.0002181,-71.7661056518555
9000000.0002181,-71.1918411254883
9000000.00021811,-70.6311187744141
9000000.00021811,-70.0931777954102
9000000.00021812,-69.587272644043
9000000.00021812,-69.1226425170898
9000000.00021813,-68.7085342407227
9000000.00021813,-68.3299407958984
9000000.00021814,-67.9663696289063
9000000.00021814,-67.6188812255859
9000000.00021815,-67.2885437011719
9000000.00021815,-66.9764022827148
9000000.00021816,-66.6835250854492
9000000.00021816,-66.4109725952148
9000000.00021817,-66.1597900390625
9000000.00021817,-65.9310531616211
9000000.00021818,-65.7258071899414
9000000.00021818,-65.5451126098633
9000000.00021819,-65.3900375366211
9000000.00021819,-65.2616271972656
9000000.0002182,-65.1581497192383
9000000.0002182,-65.071907043457
9000000.00021821,-65.0040054321289
9000000.00021821,-64.9562530517578
9000000.00021822,-64.9304656982422
9000000.00021822,-64.9284591674805
9000000.00021823,-64.9520492553711
9000000.00021823,-65.003044128418
9000000.00021824,-65.0832748413086
9000000.00021824,-65.1945343017578
9000000.00021825,-65.3386611938477
9000000.00021825,-65.517448425293
9000000.00021826,-65.7327194213867
9000000.00021826,-65.9876937866211
9000000.00021827,-66.2995758056641
9000000.00021827,-66.6669464111328
9000000.00021828,-67.0820693969727
9000000.00021828,-67.537223815918
9000000.00021829,-68.0246887207031
9000000.00021829,-68.5367202758789
9000000.0002183,-69.0655975341797
9000000.0002183,-69.6035919189453
9000000.00021831,-70.1429748535156
9000000.00021831,-70.6760101318359
9000000.00021832,-71.1949844360352
9000000.00021832,-71.6921539306641
9000000.00021833,-72.159797668457
9000000.00021833,-72.6390380859375
9000000.00021834,-73.1662902832031
9000000.00021834,-73.7267684936523
9000000.00021835,-74.3056945800781
9000000.00021835,-74.8882904052734
9000000.00021836,-75.4597625732422
9000000.00021836,-76.0053329467773
9000000.00021837,-76.5102233886719
9000000.00021837,-76.9596405029297
9000000.00021838,-77.3388061523438
9000000.00021838,-77.632942199707
9000000.00021839,-77.827262878418
9000000.00021839,-77.906982421875
9000000.0002184,-77.8566207885742
9000000.0002184,-77.6739044189453
9000000.00021841,-77.3751449584961
9000000.00021841,-76.977409362793
9000000.00021842,-76.4977874755859
9000000.00021842,-75.9533538818359
9000000.00021843,-75.3611831665039
9000000.00021843,-74.7383499145508
9000000.00021844,-74.1019439697266
9000000.00021844,-73.4690322875977
9000000.00021845,-72.8566970825195
9000000.00021845,-72.2820129394531
9000000.00021846,-71.7620544433594
9000000.00021846,-71.3090744018555
9000000.00021847,-70.8728713989258
9000000.00021847,-70.4373474121094
9000000.00021848,-70.0046310424805
9000000.00021848,-69.5768432617188
9000000.00021849,-69.1561050415039
9000000.00021849,-68.7445526123047
9000000.0002185,-68.3443145751953
9000000.0002185,-67.9575042724609
9000000.00021851,-67.5862579345703
9000000.00021851,-67.2326965332031
9000000.00021852,-66.8989562988281
9000000.00021852,-66.5871505737305
9000000.00021853,-66.2994155883789
9000000.00021853,-66.0307540893555
9000000.00021854,-65.7754287719727
9000000.00021854,-65.5344314575195
9000000.00021855,-65.3087463378906
9000000.00021855,-65.0993576049805
9000000.00021856,-64.9072647094727
9000000.00021856,-64.7334594726563
9000000.00021857,-64.5789184570313
9000000.00021857,-64.4446487426758
9000000.00021858,-64.3316192626953
9000000.00021858,-64.240837097168
9000000.00021859,-64.1732864379883
9000000.00021859,-64.1299514770508
9000000.0002186,-64.1108322143555
9000000.0002186,-64.1132125854492
9000000.00021861,-64.1368179321289
9000000.00021861,-64.1816253662109
9000000.00021862,-64.2475967407227
9000000.00021862,-64.3347091674805
9000000.00021863,-64.4429168701172
9000000.00021863,-64.5721969604492
9000000.00021864,-64.7225112915039
9000000.00021864,-64.8938293457031
9000000.00021865,-65.0861206054688
9000000.00021865,-65.2993545532227
9000000.00021866,-65.5334854125977
9000000.00021866,-65.7901077270508
9000000.00021867,-66.0881271362305
9000000.00021867,-66.4278259277344
9000000.00021868,-66.8025512695313
9000000.00021868,-67.2056655883789
9000000.00021869,-67.6305160522461
9000000.00021869,-68.0704498291016
9000000.0002187,-68.5188217163086
9000000.0002187,-68.968994140625
9000000.00021871,-69.4142990112305
9000000.00021871,-69.8481063842773
9000000.00021872,-70.2637634277344
9000000.00021872,-70.6546249389648
9000000.00021873,-71.014030456543
9000000.00021873,-71.3593292236328
9000000.00021874,-71.7096557617188
9000000.00021874,-72.0610733032227
9000000.00021875,-72.4096298217773
9000000.00021875,-72.7513885498047
9000000.00021876,-73.0824127197266
9000000.00021876,-73.3987579345703
9000000.00021877,-73.6964721679688
9000000.00021877,-73.9716262817383
9000000.00021878,-74.2202758789063
9000000.00021878,-74.4384689331055
9000000.00021879,-74.6222763061523
9000000.00021879,-74.7677459716797
9000000.0002188,-74.8724365234375
9000000.0002188,-74.9403533935547
9000000.00021881,-74.9745178222656
9000000.00021881,-74.9776916503906
9000000.00021882,-74.9526443481445
9000000.00021882,-74.9021377563477
9000000.00021883,-74.8289489746094
9000000.00021883,-74.73583984375
9000000.00021884,-74.6255798339844
9000000.00021884,-74.5009307861328
9000000.00021885,-74.3646697998047
9000000.00021885,-74.2195510864258
9000000.00021886,-74.0683517456055
9000000.00021886,-73.911994934082
9000000.00021887,-73.72998046875
9000000.00021887,-73.51953125
9000000.00021888,-73.2853546142578
9000000.00021888,-73.0321731567383
9000000.00021889,-72.7646942138672
9000000.00021889,-72.4876327514648
9000000.0002189,-72.2057113647461
9000000.0002189,-71.9236297607422
9000000.00021891,-71.6461181640625
9000000.00021891,-71.3778839111328
9000000.00021892,-71.1236343383789
9000000.00021892,-70.8880844116211
9000000.00021893,-70.6759643554688
9000000.00021893,-70.4792785644531
9000000.00021894,-70.2873840332031
9000000.00021894,-70.1009826660156
9000000.00021895,-69.9207534790039
9000000.00021895,-69.7473983764648
9000000.00021896,-69.5816040039063
9000000.00021896,-69.4240798950195
9000000.00021897,-69.2754974365234
9000000.00021897,-69.1365737915039
9000000.00021898,-69.0079879760742
9000000.00021898,-68.8904418945313
9000000.00021899,-68.7846145629883
9000000.00021899,-68.6912231445313
9000000.000219,-68.6091079711914
9000000.000219,-68.5332260131836
9000000.00021901,-68.4643020629883
9000000.00021901,-68.4035263061523
9000000.00021902,-68.3520889282227
9000000.00021902,-68.3111801147461
9000000.00021903,-68.2819976806641
9000000.00021903,-68.2657241821289
9000000.00021904,-68.263542175293
9000000.00021904,-68.2766647338867
9000000.00021905,-68.3062591552734
9000000.00021905,-68.3535308837891
9000000.00021906,-68.4196701049805
9000000.00021906,-68.5040664672852
9000000.00021907,-68.5861129760742
9000000.00021907,-68.6644592285156
9000000.00021908,-68.7452926635742
9000000.00021908,-68.8348083496094
9000000.00021909,-68.9391937255859
9000000.00021909,-69.0646362304688
9000000.0002191,-69.2173233032227
9000000.0002191,-69.403450012207
9000000.00021911,-69.6292037963867
9000000.00021911,-69.9007720947266
9000000.00021912,-70.2243423461914
9000000.00021912,-70.6061019897461
9000000.00021913,-71.05224609375
9000000.00021913,-71.6124649047852
9000000.00021914,-72.3134002685547
9000000.00021914,-73.126708984375
9000000.00021915,-74.0240325927734
9000000.00021915,-74.9770278930664
9000000.00021916,-75.9573364257813
9000000.00021916,-76.9365997314453
9000000.00021917,-77.8864669799805
9000000.00021917,-78.7785949707031
9000000.00021918,-79.5846176147461
9000000.00021918,-80.2761917114258
9000000.00021919,-80.8249588012695
9000000.00021919,-81.2025680541992
9000000.0002192,-81.3928451538086
9000000.0002192,-81.4286422729492
9000000.00021921,-81.3304977416992
9000000.00021921,-81.1167678833008
9000000.00021922,-80.8058166503906
9000000.00021922,-80.4159851074219
9000000.00021923,-79.9656524658203
9000000.00021923,-79.4731597900391
9000000.00021924,-78.9568710327148
9000000.00021924,-78.4351348876953
9000000.00021925,-77.9263305664063
9000000.00021925,-77.4487915039063
9000000.00021926,-77.0208892822266
9000000.00021926,-76.6554107666016
9000000.00021927,-76.2940139770508
9000000.00021927,-75.9193420410156
9000000.00021928,-75.5352172851563
9000000.00021928,-75.1454772949219
9000000.00021929,-74.7539520263672
9000000.00021929,-74.3644714355469
9000000.0002193,-73.9808731079102
9000000.0002193,-73.6069793701172
9000000.00021931,-73.2466201782227
9000000.00021931,-72.9036331176758
9000000.00021932,-72.5818557739258
9000000.00021932,-72.2851028442383
9000000.00021933,-72.017219543457
9000000.00021933,-71.7772521972656
9000000.00021934,-71.5602951049805
9000000.00021934,-71.3642044067383
9000000.00021935,-71.1868515014648
9000000.00021935,-71.026123046875
9000000.00021936,-70.8798751831055
9000000.00021936,-70.745979309082
9000000.00021937,-70.622314453125
9000000.00021937,-70.5067520141602
9000000.00021938,-70.3971481323242
9000000.00021938,-70.291389465332
9000000.00021939,-70.1873397827148
9000000.00021939,-70.0828704833984
9000000.0002194,-69.9770278930664
9000000.0002194,-69.8729782104492
9000000.00021941,-69.7720565795898
9000000.00021941,-69.6753768920898
9000000.00021942,-69.5840454101563
9000000.00021942,-69.4991607666016
9000000.00021943,-69.4218368530273
9000000.00021943,-69.3531723022461
9000000.00021944,-69.2942810058594
9000000.00021944,-69.2462615966797
9000000.00021945,-69.2102203369141
9000000.00021945,-69.1872711181641
9000000.00021946,-69.1785125732422
9000000.00021946,-69.1853408813477
9000000.00021947,-69.2116622924805
9000000.00021947,-69.2565155029297
9000000.00021948,-69.3175277709961
9000000.00021948,-69.3923110961914
9000000.00021949,-69.4784698486328
9000000.00021949,-69.5736389160156
9000000.0002195,-69.675422668457
9000000.0002195,-69.7814407348633
9000000.00021951,-69.8893051147461
9000000.00021951,-69.9966430664063
9000000.00021952,-70.1010513305664
9000000.00021952,-70.2001647949219
9000000.00021953,-70.2915878295898
9000000.00021953,-70.3844757080078
9000000.00021954,-70.4876861572266
9000000.00021954,-70.5983581542969
9000000.00021955,-70.7136611938477
9000000.00021955,-70.8307495117188
9000000.00021956,-70.9467926025391
9000000.00021956,-71.0589370727539
9000000.00021957,-71.1643371582031
9000000.00021957,-71.2601699829102
9000000.00021958,-71.3435745239258
9000000.00021958,-71.4117202758789
9000000.00021959,-71.4617614746094
9000000.00021959,-71.4908599853516
9000000.0002196,-71.4993515014648
9000000.0002196,-71.4959030151367
9000000.00021961,-71.4810333251953
9000000.00021961,-71.4544906616211
9000000.00021962,-71.4160385131836
9000000.00021962,-71.3654174804688
9000000.00021963,-71.3023986816406
9000000.00021963,-71.2267379760742
9000000.00021964,-71.13818359375
9000000.00021964,-71.0364990234375
9000000.00021965,-70.9214324951172
9000000.00021965,-70.7927474975586
9000000.00021966,-70.6501998901367
9000000.00021966,-70.4925231933594
9000000.00021967,-70.3075866699219
9000000.00021967,-70.0954513549805
9000000.00021968,-69.8606262207031
9000000.00021968,-69.6076049804688
9000000.00021969,-69.3408966064453
9000000.00021969,-69.0650100708008
9000000.0002197,-68.7844314575195
9000000.0002197,-68.5036849975586
9000000.00021971,-68.2272491455078
9000000.00021971,-67.9596481323242
9000000.00021972,-67.7053756713867
9000000.00021972,-67.4689331054688
9000000.00021973,-67.2548294067383
9000000.00021973,-67.0521926879883
9000000.00021974,-66.8486557006836
9000000.00021974,-66.6464614868164
9000000.00021975,-66.4478454589844
9000000.00021975,-66.2550659179688
9000000.00021976,-66.0703506469727
9000000.00021976,-65.8959503173828
9000000.00021977,-65.7341156005859
9000000.00021977,-65.5870742797852
9000000.00021978,-65.4570846557617
9000000.00021978,-65.3463821411133
9000000.00021979,-65.2572174072266
9000000.00021979,-65.1918182373047
9000000.0002198,-65.1493682861328
9000000.0002198,-65.1214065551758
9000000.00021981,-65.1080093383789
9000000.00021981,-65.109977722168
9000000.00021982,-65.1281127929688
9000000.00021982,-65.1632232666016
9000000.00021983,-65.2161178588867
9000000.00021983,-65.28759765625
9000000.00021984,-65.3784713745117
9000000.00021984,-65.4895401000977
9000000.00021985,-65.6216049194336
9000000.00021985,-65.7754898071289
9000000.00021986,-65.9519805908203
9000000.00021986,-66.1483459472656
9000000.00021987,-66.3230590820313
9000000.00021987,-66.474853515625
9000000.00021988,-66.6176452636719
9000000.00021988,-66.7653579711914
9000000.00021989,-66.9318923950195
9000000.00021989,-67.1311798095703
9000000.0002199,-67.3771286010742
9000000.0002199,-67.6836547851563
9000000.00021991,-68.0646743774414
9000000.00021991,-68.5341033935547
9000000.00021992,-69.1058654785156
9000000.00021992,-69.7938613891602
9000000.00021993,-70.6120223999023
9000000.00021993,-71.6581878662109
9000000.00021994,-72.9829254150391
9000000.00021994,-74.5292358398438
9000000.00021995,-76.2401123046875
9000000.00021995,-78.0585479736328
9000000.00021996,-79.9275436401367
9000000.00021996,-81.7900848388672
9000000.00021997,-83.5891799926758
9000000.00021997,-85.2678146362305
9000000.00021998,-86.7689895629883
9000000.00021998,-88.0356903076172
9000000.00021999,-89.0109329223633
9000000.00021999,-89.6376953125
9000000.00022,-89.8758239746094
9000000.00022,-89.7703247070313
9000000.00022001,-89.3685607910156
9000000.00022001,-88.7155838012695
9000000.00022002,-87.8564376831055
9000000.00022002,-86.836181640625
9000000.00022003,-85.6998519897461
9000000.00022003,-84.4925079345703
9000000.00022004,-83.2591857910156
9000000.00022004,-82.0449447631836
9000000.00022005,-80.8948211669922
9000000.00022005,-79.853874206543
9000000.00022006,-78.967155456543
9000000.00022006,-78.2688446044922
9000000.00022007,-77.6489639282227
9000000.00022007,-77.065315246582
9000000.00022008,-76.5156097412109
9000000.00022008,-75.9975433349609
9000000.00022009,-75.5088195800781
9000000.00022009,-75.0471420288086
9000000.0002201,-74.6102066040039
9000000.0002201,-74.1957168579102
9000000.00022011,-73.8013763427734
9000000.00022011,-73.4248886108398
9000000.00022012,-73.0639572143555
9000000.00022012,-72.7162704467773
9000000.00022013,-72.3795471191406
9000000.00022013,-72.0620040893555
9000000.00022014,-71.7717819213867
9000000.00022014,-71.5064239501953
9000000.00022015,-71.2634735107422
9000000.00022015,-71.0404891967773
9000000.00022016,-70.8350219726563
9000000.00022016,-70.6445999145508
9000000.00022017,-70.4667892456055
9000000.00022017,-70.2991333007813
9000000.00022018,-70.1391830444336
9000000.00022018,-69.9844741821289
9000000.00022019,-69.8325729370117
9000000.00022019,-69.6810150146484
9000000.0002202,-69.5281677246094
9000000.0002202,-69.3762588500977
9000000.00022021,-69.2272262573242
9000000.00022021,-69.0829086303711
9000000.00022022,-68.9451446533203
9000000.00022022,-68.8157653808594
9000000.00022023,-68.6965942382813
9000000.00022023,-68.589469909668
9000000.00022024,-68.496223449707
9000000.00022024,-68.4186935424805
9000000.00022025,-68.3587036132813
9000000.00022025,-68.3180923461914
9000000.00022026,-68.2986907958984
9000000.00022026,-68.3007049560547
9000000.00022027,-68.3058242797852
9000000.00022027,-68.312141418457
9000000.00022028,-68.3244552612305
9000000.00022028,-68.3475646972656
9000000.00022029,-68.3862533569336
9000000.00022029,-68.4453201293945
9000000.0002203,-68.5295715332031
9000000.0002203,-68.6437835693359
9000000.00022031,-68.7927703857422
9000000.00022031,-68.981315612793
9000000.00022032,-69.2142105102539
9000000.00022032,-69.4962615966797
9000000.00022033,-69.8322525024414
9000000.00022033,-70.2556381225586
9000000.00022034,-70.7836685180664
9000000.00022034,-71.3968124389648
9000000.00022035,-72.0755767822266
9000000.00022035,-72.8004455566406
9000000.00022036,-73.5518951416016
9000000.00022036,-74.3104248046875
9000000.00022037,-75.056526184082
9000000.00022037,-75.7706756591797
9000000.00022038,-76.4333648681641
9000000.00022038,-77.0250930786133
9000000.00022039,-77.5263290405273
9000000.00022039,-77.9175796508789
9000000.0002204,-78.1943893432617
9000000.0002204,-78.3978042602539
9000000.00022041,-78.53662109375
9000000.00022041,-78.6163635253906
9000000.00022042,-78.6425323486328
9000000.00022042,-78.6206359863281
9000000.00022043,-78.5561828613281
9000000.00022043,-78.4546737670898
9000000.00022044,-78.3216247558594
9000000.00022044,-78.1625366210938
9000000.00022045,-77.9829177856445
9000000.00022045,-77.7882766723633
9000000.00022046,-77.5841293334961
9000000.00022046,-77.372932434082
9000000.00022047,-77.1211166381836
9000000.00022047,-76.8232574462891
9000000.00022048,-76.4861831665039
9000000.00022048,-76.1167144775391
9000000.00022049,-75.7216796875
9000000.00022049,-75.3078918457031
9000000.0002205,-74.8821792602539
9000000.0002205,-74.4513702392578
9000000.00022051,-74.0222854614258
9000000.00022051,-73.6017456054688
9000000.00022052,-73.1965789794922
9000000.00022052,-72.813606262207
9000000.00022053,-72.4596481323242
9000000.00022053,-72.122444152832
9000000.00022054,-71.7860641479492
9000000.00022054,-71.4518814086914
9000000.00022055,-71.1212387084961
9000000.00022055,-70.7955169677734
9000000.00022056,-70.4760589599609
9000000.00022056,-70.1642303466797
9000000.00022057,-69.8613967895508
9000000.00022057,-69.5689163208008
9000000.00022058,-69.2881393432617
9000000.00022058,-69.0204315185547
9000000.00022059,-68.7671508789063
9000000.00022059,-68.5296630859375
9000000.0002206,-68.3059234619141
9000000.0002206,-68.0865707397461
9000000.00022061,-67.8728713989258
9000000.00022061,-67.6669540405273
9000000.00022062,-67.4709320068359
9000000.00022062,-67.2869491577148
9000000.00022063,-67.1171264648438
9000000.00022063,-66.9635772705078
9000000.00022064,-66.8284454345703
9000000.00022064,-66.7138519287109
9000000.00022065,-66.6219177246094
9000000.00022065,-66.5547714233398
9000000.00022066,-66.5145416259766
9000000.00022066,-66.5024642944336
9000000.00022067,-66.5089111328125
9000000.00022067,-66.5318374633789
9000000.00022068,-66.5726928710938
9000000.00022068,-66.6329345703125
9000000.00022069,-66.7140274047852
9000000.00022069,-66.8174209594727
9000000.0002207,-66.944580078125
9000000.0002207,-67.0969543457031
9000000.00022071,-67.276008605957
9000000.00022071,-67.4832000732422
9000000.00022072,-67.7199783325195
9000000.00022072,-67.9878158569336
9000000.00022073,-68.2881546020508
9000000.00022073,-68.6483993530273
9000000.00022074,-69.0854339599609
9000000.00022074,-69.5849533081055
9000000.00022075,-70.1326293945313
9000000.00022075,-70.7141571044922
9000000.00022076,-71.3152160644531
9000000.00022076,-71.921501159668
9000000.00022077,-72.518684387207
9000000.00022077,-73.0924682617188
9000000.00022078,-73.6285247802734
9000000.00022078,-74.112548828125
9000000.00022079,-74.5302276611328
9000000.00022079,-74.8672332763672
9000000.0002208,-75.1209564208984
9000000.0002208,-75.3232727050781
9000000.00022081,-75.4801254272461
9000000.00022081,-75.5948791503906
9000000.00022082,-75.6708831787109
9000000.00022082,-75.7115097045898
9000000.00022083,-75.7201080322266
9000000.00022083,-75.7000350952148
9000000.00022084,-75.6546478271484
9000000.00022084,-75.5873107910156
9000000.00022085,-75.5013809204102
9000000.00022085,-75.4002075195313
9000000.00022086,-75.2871551513672
9000000.00022086,-75.1633987426758
9000000.00022087,-75.0045394897461
9000000.00022087,-74.8072357177734
9000000.00022088,-74.577018737793
9000000.00022088,-74.3194427490234
9000000.00022089,-74.0400390625
9000000.00022089,-73.7443542480469
9000000.0002209,-73.4379272460938
9000000.0002209,-73.1263122558594
9000000.00022091,-72.8150405883789
9000000.00022091,-72.5096588134766
9000000.00022092,-72.2157135009766
9000000.00022092,-71.9387435913086
9000000.00022093,-71.6842956542969
9000000.00022093,-71.4437942504883
9000000.00022094,-71.2052536010742
9000000.00022094,-70.969108581543
9000000.00022095,-70.7357788085938
9000000.00022095,-70.5056838989258
9000000.00022096,-70.2792587280273
9000000.00022096,-70.0569152832031
9000000.00022097,-69.8390808105469
9000000.00022097,-69.6261825561523
9000000.00022098,-69.4186477661133
9000000.00022098,-69.2168884277344
9000000.00022099,-69.0213470458984
9000000.00022099,-68.8324279785156
9000000.000221,-68.6483154296875
9000000.000221,-68.4628067016602
9000000.00022101,-68.2772369384766
9000000.00022101,-68.0935516357422
9000000.00022102,-67.9136657714844
9000000.00022102,-67.7395248413086
9000000.00022103,-67.5730590820313
9000000.00022103,-67.4161987304688
9000000.00022104,-67.270881652832
9000000.00022104,-67.1390380859375
9000000.00022105,-67.0225982666016
9000000.00022105,-66.9235000610352
9000000.00022106,-66.8436660766602
9000000.00022106,-66.7839584350586
9000000.00022107,-66.7323379516602
9000000.00022107,-66.6869125366211
9000000.00022108,-66.6501541137695
9000000.00022108,-66.6245346069336
9000000.00022109,-66.612548828125
9000000.00022109,-66.6166687011719
9000000.0002211,-66.6393737792969
9000000.0002211,-66.6831512451172
9000000.00022111,-66.7504730224609
9000000.00022111,-66.8438186645508
9000000.00022112,-66.9656677246094
9000000.00022112,-67.1185073852539
9000000.00022113,-67.3048095703125
9000000.00022113,-67.5490188598633
9000000.00022114,-67.8648910522461
9000000.00022114,-68.2388458251953
9000000.00022115,-68.6573181152344
9000000.00022115,-69.1067504882813
9000000.00022116,-69.5735702514648
9000000.00022116,-70.0442047119141
9000000.00022117,-70.5050964355469
9000000.00022117,-70.9426727294922
9000000.00022118,-71.3433609008789
9000000.00022118,-71.693603515625
9000000.00022119,-71.9798355102539
9000000.00022119,-72.1884765625
9000000.0002212,-72.3138198852539
9000000.0002212,-72.3771743774414
9000000.00022121,-72.3867492675781
9000000.00022121,-72.3491744995117
9000000.00022122,-72.2710800170898
9000000.00022122,-72.1590728759766
9000000.00022123,-72.0197906494141
9000000.00022123,-71.8598556518555
9000000.00022124,-71.6858901977539
9000000.00022124,-71.504524230957
9000000.00022125,-71.3223724365234
9000000.00022125,-71.1460723876953
9000000.00022126,-70.9822387695313
9000000.00022126,-70.8347396850586
9000000.00022127,-70.6737594604492
9000000.00022127,-70.4929046630859
9000000.00022128,-70.2966613769531
9000000.00022128,-70.0895156860352
9000000.00022129,-69.8759307861328
9000000.00022129,-69.660400390625
9000000.0002213,-69.447395324707
9000000.0002213,-69.2414016723633
9000000.00022131,-69.0468978881836
9000000.00022131,-68.8683624267578
9000000.00022132,-68.7102737426758
9000000.00022132,-68.5771102905273
9000000.00022133,-68.4733581542969
9000000.00022133,-68.4009628295898
9000000.00022134,-68.3562545776367
9000000.00022134,-68.3352432250977
9000000.00022135,-68.3339538574219
9000000.00022135,-68.3484115600586
9000000.00022136,-68.3746337890625
9000000.00022136,-68.4086532592773
9000000.00022137,-68.4464721679688
9000000.00022137,-68.484130859375
9000000.00022138,-68.5176391601563
9000000.00022138,-68.5430297851563
9000000.00022139,-68.5563125610352
9000000.00022139,-68.5535125732422
9000000.0002214,-68.5322570800781
9000000.0002214,-68.4968414306641
9000000.00022141,-68.4502410888672
9000000.00022141,-68.3951416015625
9000000.00022142,-68.3342514038086
9000000.00022142,-68.2702484130859
9000000.00022143,-68.2058410644531
9000000.00022143,-68.1437072753906
9000000.00022144,-68.086555480957
9000000.00022144,-68.0370712280273
9000000.00022145,-67.9979553222656
9000000.00022145,-67.9718856811523
9000000.00022146,-67.9615783691406
9000000.00022146,-67.9689102172852
9000000.00022147,-67.985595703125
9000000.00022147,-68.0090942382813
9000000.00022148,-68.0398635864258
9000000.00022148,-68.0783843994141
9000000.00022149,-68.125114440918
9000000.00022149,-68.180534362793
9000000.0002215,-68.2451095581055
9000000.0002215,-68.3193054199219
9000000.00022151,-68.4035949707031
9000000.00022151,-68.4984588623047
9000000.00022152,-68.6043472290039
9000000.00022152,-68.7217407226563
9000000.00022153,-68.8511123657227
9000000.00022153,-69.005615234375
9000000.00022154,-69.1936264038086
9000000.00022154,-69.4084167480469
9000000.00022155,-69.6432723999023
9000000.00022155,-69.891471862793
9000000.00022156,-70.1462936401367
9000000.00022156,-70.401008605957
9000000.00022157,-70.6489181518555
9000000.00022157,-70.8832778930664
9000000.00022158,-71.0973815917969
9000000.00022158,-71.2845077514648
9000000.00022159,-71.4379348754883
9000000.00022159,-71.5509414672852
9000000.0002216,-71.6227798461914
9000000.0002216,-71.6697540283203
9000000.00022161,-71.6942749023438
9000000.00022161,-71.697395324707
9000000.00022162,-71.6801834106445
9000000.00022162,-71.6436920166016
9000000.00022163,-71.588981628418
9000000.00022163,-71.5171127319336
9000000.00022164,-71.4291534423828
9000000.00022164,-71.3261413574219
9000000.00022165,-71.2091598510742
9000000.00022165,-71.0792541503906
9000000.00022166,-70.9374923706055
9000000.00022166,-70.783332824707
9000000.00022167,-70.5984954833984
9000000.00022167,-70.3817901611328
9000000.00022168,-70.1386947631836
9000000.00022168,-69.8746948242188
9000000.00022169,-69.5952835083008
9000000.00022169,-69.3059463500977
9000000.0002217,-69.0121765136719
9000000.0002217,-68.7194442749023
9000000.00022171,-68.4332504272461
9000000.00022171,-68.1590728759766
9000000.00022172,-67.9024124145508
9000000.00022172,-67.6687393188477
9000000.00022173,-67.4635543823242
9000000.00022173,-67.2741622924805
9000000.00022174,-67.0858764648438
9000000.00022174,-66.9011459350586
9000000.00022175,-66.7224426269531
9000000.00022175,-66.5522232055664
9000000.00022176,-66.3929595947266
9000000.00022176,-66.2471084594727
9000000.00022177,-66.1171417236328
9000000.00022177,-66.0055084228516
9000000.00022178,-65.9146728515625
9000000.00022178,-65.8471145629883
9000000.00022179,-65.8052749633789
9000000.00022179,-65.791633605957
9000000.0002218,-65.8092422485352
9000000.0002218,-65.8598022460938
9000000.00022181,-65.9402084350586
9000000.00022181,-66.047119140625
9000000.00022182,-66.1771621704102
9000000.00022182,-66.3269958496094
9000000.00022183,-66.4932556152344
9000000.00022183,-66.6725845336914
9000000.00022184,-66.8616256713867
9000000.00022184,-67.0570373535156
9000000.00022185,-67.2554397583008
9000000.00022185,-67.453498840332
9000000.00022186,-67.6478500366211
9000000.00022186,-67.8373718261719
9000000.00022187,-68.0471649169922
9000000.00022187,-68.2805709838867
9000000.00022188,-68.5318145751953
9000000.00022188,-68.7950973510742
9000000.00022189,-69.0646438598633
9000000.00022189,-69.3346557617188
9000000.0002219,-69.5993499755859
9000000.0002219,-69.8529357910156
9000000.00022191,-70.0896301269531
9000000.00022191,-70.3036346435547
9000000.00022192,-70.4891662597656
9000000.00022192,-70.6404342651367
9000000.00022193,-70.7516555786133
9000000.00022193,-70.8231048583984
9000000.00022194,-70.8614273071289
9000000.00022194,-70.8704071044922
9000000.00022195,-70.8538208007813
9000000.00022195,-70.8154373168945
9000000.00022196,-70.7590408325195
9000000.00022196,-70.6884155273438
9000000.00022197,-70.6073226928711
9000000.00022197,-70.5195541381836
9000000.00022198,-70.4288787841797
9000000.00022198,-70.3390808105469
9000000.00022199,-70.2539291381836
9000000.00022199,-70.1772079467773
9000000.000222,-70.1088638305664
9000000.000222,-70.038444519043
9000000.00022201,-69.964973449707
9000000.00022201,-69.8883514404297
9000000.00022202,-69.8084716796875
9000000.00022202,-69.7252578735352
9000000.00022203,-69.6385955810547
9000000.00022203,-69.5484008789063
9000000.00022204,-69.4545669555664
9000000.00022204,-69.3570022583008
9000000.00022205,-69.2556076049805
9000000.00022205,-69.1502838134766
9000000.00022206,-69.0409393310547
9000000.00022206,-68.9271774291992
9000000.00022207,-68.8053588867188
9000000.00022207,-68.675537109375
9000000.00022208,-68.5390777587891
9000000.00022208,-68.3973388671875
9000000.00022209,-68.2517013549805
9000000.00022209,-68.1035232543945
9000000.0002221,-67.9541702270508
9000000.0002221,-67.8050155639648
9000000.00022211,-67.6574249267578
9000000.00022211,-67.5127639770508
9000000.00022212,-67.3724060058594
9000000.00022212,-67.2377090454102
9000000.00022213,-67.1100463867188
9000000.00022213,-66.9834136962891
9000000.00022214,-66.8522186279297
9000000.00022214,-66.7184677124023
9000000.00022215,-66.5841522216797
9000000.00022215,-66.4512710571289
9000000.00022216,-66.3218154907227
9000000.00022216,-66.1977996826172
9000000.00022217,-66.0812149047852
9000000.00022217,-65.9740524291992
9000000.00022218,-65.8783187866211
9000000.00022218,-65.7960052490234
9000000.00022219,-65.729118347168
9000000.00022219,-65.6796417236328
9000000.0002222,-65.6456832885742
9000000.0002222,-65.6165313720703
9000000.00022221,-65.5931625366211
9000000.00022221,-65.5775299072266
9000000.00022222,-65.5715789794922
9000000.00022222,-65.577262878418
9000000.00022223,-65.5965423583984
9000000.00022223,-65.6313552856445
9000000.00022224,-65.6836624145508
9000000.00022224,-65.7554092407227
9000000.00022225,-65.8485488891602
9000000.00022225,-65.9650421142578
9000000.00022226,-66.1068267822266
9000000.00022226,-66.2760314941406
9000000.00022227,-66.475471496582
9000000.00022227,-66.7034225463867
9000000.00022228,-66.9570999145508
9000000.00022228,-67.2337417602539
9000000.00022229,-67.5305633544922
9000000.00022229,-67.8447952270508
9000000.0002223,-68.1736679077148
9000000.0002223,-68.5143966674805
9000000.00022231,-68.8642196655273
9000000.00022231,-69.2203598022461
9000000.00022232,-69.5800399780273
9000000.00022232,-69.9404907226563
9000000.00022233,-70.2989349365234
9000000.00022233,-70.6841049194336
9000000.00022234,-71.1184997558594
9000000.00022234,-71.5900344848633
9000000.00022235,-72.0865859985352
9000000.00022235,-72.5960693359375
9000000.00022236,-73.1063766479492
9000000.00022236,-73.6054153442383
9000000.00022237,-74.0810699462891
9000000.00022237,-74.5212478637695
9000000.00022238,-74.9138488769531
9000000.00022238,-75.2467651367188
9000000.00022239,-75.5078964233398
9000000.00022239,-75.6851501464844
9000000.0002224,-75.771858215332
9000000.0002224,-75.7827072143555
9000000.00022241,-75.7262725830078
9000000.00022241,-75.6101303100586
9000000.00022242,-75.4418640136719
9000000.00022242,-75.2290420532227
9000000.00022243,-74.9792404174805
9000000.00022243,-74.7000503540039
9000000.00022244,-74.3990478515625
9000000.00022244,-74.0838012695313
9000000.00022245,-73.7618942260742
9000000.00022245,-73.4409027099609
9000000.00022246,-73.1284103393555
9000000.00022246,-72.8287200927734
9000000.00022247,-72.5063858032227
9000000.00022247,-72.1540908813477
9000000.00022248,-71.7774276733398
9000000.00022248,-71.3819885253906
9000000.00022249,-70.9733657836914
9000000.00022249,-70.5571746826172
9000000.0002225,-70.1389923095703
9000000.0002225,-69.7244186401367
9000000.00022251,-69.3190536499023
9000000.00022251,-68.9284896850586
9000000.00022252,-68.5583267211914
9000000.00022252,-68.2141571044922
9000000.00022253,-67.9015731811523
9000000.00022253,-67.6094665527344
9000000.00022254,-67.3240661621094
9000000.00022254,-67.047004699707
9000000.00022255,-66.779899597168
9000000.00022255,-66.5243911743164
9000000.00022256,-66.2821044921875
9000000.00022256,-66.0546646118164
9000000.00022257,-65.8436965942383
9000000.00022257,-65.6508331298828
9000000.00022258,-65.4776992797852
9000000.00022258,-65.3259201049805
9000000.00022259,-65.197135925293
9000000.00022259,-65.0929565429688
9000000.0002226,-65.0110549926758
9000000.0002226,-64.9405288696289
9000000.00022261,-64.8827896118164
9000000.00022261,-64.8402862548828
9000000.00022262,-64.8154373168945
9000000.00022262,-64.810676574707
9000000.00022263,-64.8284378051758
9000000.00022263,-64.8711547851563
9000000.00022264,-64.9412536621094
9000000.00022264,-65.0411682128906
9000000.00022265,-65.1733322143555
9000000.00022265,-65.3401718139648
9000000.00022266,-65.5441284179688
9000000.00022266,-65.7894821166992
9000000.00022267,-66.0990829467773
9000000.00022267,-66.4710388183594
9000000.00022268,-66.8950576782227
9000000.00022268,-67.3608627319336
9000000.00022269,-67.8581619262695
9000000.00022269,-68.3766784667969
9000000.0002227,-68.9061279296875
9000000.0002227,-69.4362182617188
9000000.00022271,-69.9566802978516
9000000.00022271,-70.4572143554688
9000000.00022272,-70.9275512695313
9000000.00022272,-71.3573989868164
9000000.00022273,-71.7364730834961
9000000.00022273,-72.0968399047852
9000000.00022274,-72.4716415405273
9000000.00022274,-72.8522415161133
9000000.00022275,-73.22998046875
9000000.00022275,-73.5962066650391
9000000.00022276,-73.9422912597656
9000000.00022276,-74.2595596313477
9000000.00022277,-74.5393905639648
9000000.00022277,-74.7731094360352
9000000.00022278,-74.9520874023438
9000000.00022278,-75.0676651000977
9000000.00022279,-75.111198425293
9000000.00022279,-75.0740356445313
9000000.0002228,-74.9429779052734
9000000.0002228,-74.7052688598633
9000000.00022281,-74.3737487792969
9000000.00022281,-73.9628295898438
9000000.00022282,-73.4869155883789
9000000.00022282,-72.9604110717773
9000000.00022283,-72.3977355957031
9000000.00022283,-71.8132858276367
9000000.00022284,-71.2214736938477
9000000.00022284,-70.6367111206055
9000000.00022285,-70.0734024047852
9000000.00022285,-69.5459518432617
9000000.00022286,-69.0687789916992
9000000.00022286,-68.6523666381836
9000000.00022287,-68.2563095092773
9000000.00022287,-67.8670501708984
9000000.00022288,-67.4857025146484
9000000.00022288,-67.1133575439453
9000000.00022289,-66.7511444091797
9000000.00022289,-66.4001693725586
9000000.0002229,-66.0615310668945
9000000.0002229,-65.7363510131836
9000000.00022291,-65.4257354736328
9000000.00022291,-65.1307907104492
9000000.00022292,-64.8526306152344
9000000.00022292,-64.5923614501953
9000000.00022293,-64.3510971069336
9000000.00022293,-64.126708984375
9000000.00022294,-63.9165191650391
9000000.00022294,-63.7208099365234
9000000.00022295,-63.5398750305176
9000000.00022295,-63.3739929199219
9000000.00022296,-63.223445892334
9000000.00022296,-63.0885238647461
9000000.00022297,-62.9695091247559
9000000.00022297,-62.8666877746582
9000000.00022298,-62.7803421020508
9000000.00022298,-62.7107582092285
9000000.00022299,-62.6582183837891
9000000.00022299,-62.6230125427246
9000000.000223,-62.6046295166016
9000000.000223,-62.600887298584
9000000.00022301,-62.6121215820313
9000000.00022301,-62.6388549804688
9000000.00022302,-62.6816215515137
9000000.00022302,-62.7409515380859
9000000.00022303,-62.8173751831055
9000000.00022303,-62.9114227294922
9000000.00022304,-63.023624420166
9000000.00022304,-63.1545066833496
9000000.00022305,-63.3046073913574
9000000.00022305,-63.4744491577148
9000000.00022306,-63.6645660400391
9000000.00022306,-63.8760757446289
9000000.00022307,-64.1161346435547
9000000.00022307,-64.3843536376953
9000000.00022308,-64.6777191162109
9000000.00022308,-64.9932327270508
9000000.00022309,-65.327880859375
9000000.00022309,-65.6786575317383
9000000.0002231,-66.0425567626953
9000000.0002231,-66.4165573120117
9000000.00022311,-66.7976684570313
9000000.00022311,-67.1828765869141
9000000.00022312,-67.5691680908203
9000000.00022312,-67.9535446166992
9000000.00022313,-68.3329849243164
9000000.00022313,-68.7355728149414
9000000.00022314,-69.1836395263672
9000000.00022314,-69.6655578613281
9000000.00022315,-70.1697006225586
9000000.00022315,-70.684440612793
9000000.00022316,-71.1981582641602
9000000.00022316,-71.69921875
9000000.00022317,-72.1760025024414
9000000.00022317,-72.6168823242188
9000000.00022318,-73.0102310180664
9000000.00022318,-73.3444213867188
9000000.00022319,-73.6078262329102
9000000.00022319,-73.7888259887695
9000000.0002232,-73.8793411254883
9000000.0002232,-73.8888320922852
9000000.00022321,-73.8268890380859
9000000.00022321,-73.7025833129883
9000000.00022322,-73.5249786376953
9000000.00022322,-73.3031539916992
9000000.00022323,-73.0461807250977
9000000.00022323,-72.7631225585938
9000000.00022324,-72.4630584716797
9000000.00022324,-72.1550521850586
9000000.00022325,-71.8481903076172
9000000.00022325,-71.5515365600586
9000000.00022326,-71.2741546630859
9000000.00022326,-71.0219497680664
9000000.00022327,-70.7610549926758
9000000.00022327,-70.4828186035156
9000000.00022328,-70.19091796875
9000000.00022328,-69.8890151977539
9000000.00022329,-69.5807800292969
9000000.00022329,-69.2698974609375
9000000.0002233,-68.9600219726563
9000000.0002233,-68.6548309326172
9000000.00022331,-68.3579940795898
9000000.00022331,-68.0731811523438
9000000.00022332,-67.8040618896484
9000000.00022332,-67.5543060302734
9000000.00022333,-67.3275909423828
9000000.00022333,-67.1161575317383
9000000.00022334,-66.9106826782227
9000000.00022334,-66.7124481201172
9000000.00022335,-66.5227432250977
9000000.00022335,-66.3428573608398
9000000.00022336,-66.1740798950195
9000000.00022336,-66.0177001953125
9000000.00022337,-65.8750076293945
9000000.00022337,-65.7472915649414
9000000.00022338,-65.6358489990234
9000000.00022338,-65.5419540405273
9000000.00022339,-65.4669036865234
9000000.00022339,-65.4119873046875
9000000.0002234,-65.3770599365234
9000000.0002234,-65.3582077026367
9000000.00022341,-65.3551864624023
9000000.00022341,-65.3681030273438
9000000.00022342,-65.3970642089844
9000000.00022342,-65.4421691894531
9000000.00022343,-65.5035247802734
9000000.00022343,-65.5812301635742
9000000.00022344,-65.6753921508789
9000000.00022344,-65.7861099243164
9000000.00022345,-65.9134979248047
9000000.00022345,-66.0576400756836
9000000.00022346,-66.2186584472656
9000000.00022346,-66.3976669311523
9000000.00022347,-66.6067123413086
9000000.00022347,-66.8458480834961
9000000.00022348,-67.1107406616211
9000000.00022348,-67.3970489501953
9000000.00022349,-67.7004165649414
9000000.00022349,-68.0165023803711
9000000.0002235,-68.3409652709961
9000000.0002235,-68.6694564819336
9000000.00022351,-68.9976348876953
9000000.00022351,-69.3211517333984
9000000.00022352,-69.6356658935547
9000000.00022352,-69.9368286132813
9000000.00022353,-70.2202987670898
9000000.00022353,-70.5047988891602
9000000.00022354,-70.8078231811523
9000000.00022354,-71.1232070922852
9000000.00022355,-71.4447784423828
9000000.00022355,-71.7663650512695
9000000.00022356,-72.0817947387695
9000000.00022356,-72.384895324707
9000000.00022357,-72.6694946289063
9000000.00022357,-72.9294204711914
9000000.00022358,-73.1585006713867
9000000.00022358,-73.3505706787109
9000000.00022359,-73.4994506835938
9000000.00022359,-73.5989761352539
9000000.0002236,-73.6446762084961
9000000.0002236,-73.6410751342773
9000000.00022361,-73.5934066772461
9000000.00022361,-73.5066757202148
9000000.00022362,-73.3858947753906
9000000.00022362,-73.2360687255859
9000000.00022363,-73.0622100830078
9000000.00022363,-72.8693161010742
9000000.00022364,-72.6624069213867
9000000.00022364,-72.4464797973633
9000000.00022365,-72.2265472412109
9000000.00022365,-72.0076217651367
9000000.00022366,-71.7947006225586
9000000.00022366,-71.5906066894531
9000000.00022367,-71.3713684082031
9000000.00022367,-71.1321640014648
9000000.00022368,-70.8768539428711
9000000.00022368,-70.6093368530273
9000000.00022369,-70.3334884643555
9000000.00022369,-70.0531921386719
9000000.0002237,-69.772331237793
9000000.0002237,-69.4947738647461
9000000.00022371,-69.2244186401367
9000000.00022371,-68.9651336669922
9000000.00022372,-68.7208099365234
9000000.00022372,-68.4953231811523
9000000.00022373,-68.2925643920898
9000000.00022373,-68.105110168457
9000000.00022374,-67.9236297607422
9000000.00022374,-67.7490997314453
9000000.00022375,-67.5825119018555
9000000.00022375,-67.4248275756836
9000000.00022376,-67.2770462036133
9000000.00022376,-67.1401443481445
9000000.00022377,-67.0150985717773
9000000.00022377,-66.9028854370117
9000000.00022378,-66.8045043945313
9000000.00022378,-66.7209243774414
9000000.00022379,-66.6531295776367
9000000.00022379,-66.6020965576172
9000000.0002238,-66.5672607421875
9000000.0002238,-66.5443649291992
9000000.00022381,-66.5336151123047
9000000.00022381,-66.5355606079102
9000000.00022382,-66.5507736206055
9000000.00022382,-66.5798263549805
9000000.00022383,-66.623291015625
9000000.00022383,-66.6817321777344
9000000.00022384,-66.7557144165039
9000000.00022384,-66.8458023071289
9000000.00022385,-66.9525756835938
9000000.00022385,-67.0765991210938
9000000.00022386,-67.2184448242188
9000000.00022386,-67.3787155151367
9000000.00022387,-67.5581817626953
9000000.00022387,-67.75634765625
9000000.00022388,-67.9724197387695
9000000.00022388,-68.2056121826172
9000000.00022389,-68.4551239013672
9000000.00022389,-68.7201766967773
9000000.0002239,-68.9999694824219
9000000.0002239,-69.2937240600586
9000000.00022391,-69.6006469726563
9000000.00022391,-69.9199447631836
9000000.00022392,-70.2508316040039
9000000.00022392,-70.5925216674805
9000000.00022393,-70.9442138671875
9000000.00022393,-71.3331298828125
9000000.00022394,-71.7785415649414
9000000.00022394,-72.2677383422852
9000000.00022395,-72.7880172729492
9000000.00022395,-73.3266754150391
9000000.00022396,-73.8709945678711
9000000.00022396,-74.4082870483398
9000000.00022397,-74.9258346557617
9000000.00022397,-75.4109344482422
9000000.00022398,-75.8508758544922
9000000.00022398,-76.2329635620117
9000000.00022399,-76.5444869995117
9000000.00022399,-76.7727355957031
9000000.000224,-76.9112701416016
9000000.000224,-76.9770431518555
9000000.00022401,-76.9786224365234
9000000.00022401,-76.9233627319336
9000000.00022402,-76.8186340332031
9000000.00022402,-76.6717987060547
9000000.00022403,-76.4902267456055
9000000.00022403,-76.2812805175781
9000000.00022404,-76.0523147583008
9000000.00022404,-75.8107070922852
9000000.00022405,-75.5638198852539
9000000.00022405,-75.3190231323242
9000000.00022406,-75.0836715698242
9000000.00022406,-74.8622512817383
9000000.00022407,-74.6238174438477
9000000.00022407,-74.3612976074219
9000000.00022408,-74.0788955688477
9000000.00022408,-73.7808151245117
9000000.00022409,-73.4712524414063
9000000.00022409,-73.1544189453125
9000000.0002241,-72.8345184326172
9000000.0002241,-72.515754699707
9000000.00022411,-72.2023239135742
9000000.00022411,-71.8984375
9000000.00022412,-71.6082992553711
9000000.00022412,-71.3360977172852
9000000.00022413,-71.086051940918
9000000.00022413,-70.8493118286133
9000000.00022414,-70.6151962280273
9000000.00022414,-70.3851699829102
9000000.00022415,-70.1607055664063
9000000.00022415,-69.9432525634766
9000000.00022416,-69.7342987060547
9000000.00022416,-69.535285949707
9000000.00022417,-69.3476943969727
9000000.00022417,-69.1729888916016
9000000.00022418,-69.0126190185547
9000000.00022418,-68.8680725097656
9000000.00022419,-68.7407913208008
9000000.00022419,-68.6322631835938
9000000.0002242,-68.5393600463867
9000000.0002242,-68.4495162963867
9000000.00022421,-68.3648223876953
9000000.00022421,-68.2885208129883
9000000.00022422,-68.2238693237305
9000000.00022422,-68.1741256713867
9000000.00022423,-68.1425399780273
9000000.00022423,-68.1323776245117
9000000.00022424,-68.1468887329102
9000000.00022424,-68.1893310546875
9000000.00022425,-68.2629547119141
9000000.00022425,-68.3710250854492
9000000.00022426,-68.5167846679688
9000000.00022426,-68.7041702270508
9000000.00022427,-68.9423828125
9000000.00022427,-69.2285842895508
9000000.00022428,-69.5565643310547
9000000.00022428,-69.9200973510742
9000000.00022429,-70.31298828125
9000000.00022429,-70.7289962768555
9000000.0002243,-71.1619110107422
9000000.0002243,-71.6055297851563
9000000.00022431,-72.0536117553711
9000000.00022431,-72.4999618530273
9000000.00022432,-72.938346862793
9000000.00022432,-73.3625564575195
9000000.00022433,-73.7663726806641
9000000.00022433,-74.1921615600586
9000000.00022434,-74.6755065917969
9000000.00022434,-75.1999969482422
9000000.00022435,-75.7492141723633
9000000.00022435,-76.3067474365234
9000000.00022436,-76.8561782836914
9000000.00022436,-77.381103515625
9000000.00022437,-77.8651123046875
9000000.00022437,-78.2917785644531
9000000.00022438,-78.6446990966797
9000000.00022438,-78.9074630737305
9000000.00022439,-79.0636520385742
9000000.00022439,-79.0968551635742
9000000.0002244,-78.9901962280273
9000000.0002244,-78.7420043945313
9000000.00022441,-78.3701324462891
9000000.00022441,-77.8932113647461
9000000.00022442,-77.3298797607422
9000000.00022442,-76.6987609863281
9000000.00022443,-76.0184936523438
9000000.00022443,-75.3077011108398
9000000.00022444,-74.5850143432617
9000000.00022444,-73.8690795898438
9000000.00022445,-73.1785049438477
9000000.00022445,-72.5319442749023
9000000.00022446,-71.9480056762695
9000000.00022446,-71.4402618408203
9000000.00022447,-70.956298828125
9000000.00022447,-70.4785766601563
9000000.00022448,-70.0085830688477
9000000.00022448,-69.5478210449219
9000000.00022449,-69.097770690918
9000000.00022449,-68.6599273681641
9000000.0002245,-68.2357788085938
9000000.0002245,-67.8268203735352
9000000.00022451,-67.4345397949219
9000000.00022451,-67.0604248046875
9000000.00022452,-66.7059783935547
9000000.00022452,-66.3726806640625
9000000.00022453,-66.0620269775391
9000000.00022453,-65.7717437744141
9000000.00022454,-65.4986114501953
9000000.00022454,-65.2427368164063
9000000.00022455,-65.0042266845703
9000000.00022455,-64.7831802368164
9000000.00022456,-64.5796966552734
9000000.00022456,-64.3938827514648
9000000.00022457,-64.225830078125
9000000.00022457,-64.0756454467773
9000000.00022458,-63.943431854248
9000000.00022458,-63.829288482666
9000000.00022459,-63.7333183288574
9000000.00022459,-63.6556205749512
9000000.0002246,-63.5957717895508
9000000.0002246,-63.5523223876953
9000000.00022461,-63.5255813598633
9000000.00022461,-63.5160026550293
9000000.00022462,-63.5240287780762
9000000.00022462,-63.5501174926758
9000000.00022463,-63.5947113037109
9000000.00022463,-63.658260345459
9000000.00022464,-63.7412147521973
9000000.00022464,-63.8440284729004
9000000.00022465,-63.9671440124512
9000000.00022465,-64.1110153198242
9000000.00022466,-64.2760848999023
9000000.00022466,-64.4618225097656
9000000.00022467,-64.6568298339844
9000000.00022467,-64.8605499267578
9000000.00022468,-65.0765991210938
9000000.00022468,-65.3085861206055
9000000.00022469,-65.5601272583008
9000000.00022469,-65.834831237793
9000000.0002247,-66.1363220214844
9000000.0002247,-66.4682006835938
9000000.00022471,-66.8340911865234
9000000.00022471,-67.2376022338867
9000000.00022472,-67.6823501586914
9000000.00022472,-68.1719436645508
9000000.00022473,-68.7100067138672
9000000.00022473,-69.3486328125
9000000.00022474,-70.1189956665039
9000000.00022474,-70.9933090209961
9000000.00022475,-71.9437713623047
9000000.00022475,-72.9426116943359
9000000.00022476,-73.9620208740234
9000000.00022476,-74.9742202758789
9000000.00022477,-75.9514083862305
9000000.00022477,-76.8658142089844
9000000.00022478,-77.6896286010742
9000000.00022478,-78.3950653076172
9000000.00022479,-78.954345703125
9000000.00022479,-79.3396682739258
9000000.0002248,-79.5329742431641
9000000.0002248,-79.5603790283203
9000000.00022481,-79.4437789916992
9000000.00022481,-79.2035064697266
9000000.00022482,-78.8599166870117
9000000.00022482,-78.4333572387695
9000000.00022483,-77.9441604614258
9000000.00022483,-77.4126815795898
9000000.00022484,-76.859260559082
9000000.00022484,-76.3042526245117
9000000.00022485,-75.7679901123047
9000000.00022485,-75.2708206176758
9000000.00022486,-74.8330993652344
9000000.00022486,-74.4694900512695
9000000.00022487,-74.1212768554688
9000000.00022487,-73.7692794799805
9000000.00022488,-73.415657043457
9000000.00022488,-73.0625610351563
9000000.00022489,-72.712158203125
9000000.00022489,-72.3666000366211
9000000.0002249,-72.0280380249023
9000000.0002249,-71.6986312866211
9000000.00022491,-71.3805313110352
9000000.00022491,-71.0759048461914
9000000.00022492,-70.7869033813477
9000000.00022492,-70.5156860351563
9000000.00022493,-70.2643966674805
9000000.00022493,-70.0311279296875
9000000.00022494,-69.8121871948242
9000000.00022494,-69.6070327758789
9000000.00022495,-69.415153503418
9000000.00022495,-69.2360153198242
9000000.00022496,-69.069091796875
9000000.00022496,-68.9138641357422
9000000.00022497,-68.7697982788086
9000000.00022497,-68.6363754272461
9000000.00022498,-68.513069152832
9000000.00022498,-68.3993530273438
9000000.00022499,-68.2947006225586
9000000.00022499,-68.1985855102539
9000000.000225,-68.1105041503906
9000000.000225,-68.0304794311523
9000000.00022501,-67.9590682983398
9000000.00022501,-67.8968200683594
9000000.00022502,-67.8443145751953
9000000.00022502,-67.8021011352539
9000000.00022503,-67.7707595825195
9000000.00022503,-67.7508392333984
9000000.00022504,-67.7429046630859
9000000.00022504,-67.7475280761719
9000000.00022505,-67.7652740478516
9000000.00022505,-67.7966918945313
9000000.00022506,-67.8423614501953
9000000.00022506,-67.9033050537109
9000000.00022507,-67.9852752685547
9000000.00022507,-68.0878295898438
9000000.00022508,-68.2084274291992
9000000.00022508,-68.3445358276367
9000000.00022509,-68.4935989379883
9000000.00022509,-68.6530838012695
9000000.0002251,-68.8204498291016
9000000.0002251,-68.9931488037109
9000000.00022511,-69.1686325073242
9000000.00022511,-69.3443756103516
9000000.00022512,-69.5178298950195
9000000.00022512,-69.6864471435547
9000000.00022513,-69.8476867675781
9000000.00022513,-70.0144195556641
9000000.00022514,-70.1981658935547
9000000.00022514,-70.3943939208984
9000000.00022515,-70.5985565185547
9000000.00022515,-70.8061218261719
9000000.00022516,-71.0125427246094
9000000.00022516,-71.2132873535156
9000000.00022517,-71.40380859375
9000000.00022517,-71.5795669555664
9000000.00022518,-71.7360229492188
9000000.00022518,-71.8686370849609
9000000.00022519,-71.9728698730469
9000000.00022519,-72.0441741943359
9000000.0002252,-72.0793838500977
9000000.0002252,-72.0821075439453
9000000.00022521,-72.0561141967773
9000000.00022521,-72.0049743652344
9000000.00022522,-71.932258605957
9000000.00022522,-71.8415374755859
9000000.00022523,-71.7363815307617
9000000.00022523,-71.6203689575195
9000000.00022524,-71.4970703125
9000000.00022524,-71.3700561523438
9000000.00022525,-71.2428894042969
9000000.00022525,-71.1191558837891
9000000.00022526,-71.0024185180664
9000000.00022526,-70.8948593139648
9000000.00022527,-70.7814865112305
9000000.00022527,-70.6588592529297
9000000.00022528,-70.5290222167969
9000000.00022528,-70.3940048217773
9000000.00022529,-70.2558441162109
9000000.00022529,-70.1165618896484
9000000.0002253,-69.9781951904297
9000000.0002253,-69.8427734375
9000000.00022531,-69.7123413085938
9000000.00022531,-69.5889129638672
9000000.00022532,-69.4745407104492
9000000.00022532,-69.3712387084961
9000000.00022533,-69.2810516357422
9000000.00022533,-69.2006988525391
9000000.00022534,-69.1256942749023
9000000.00022534,-69.0562591552734
9000000.00022535,-68.9926223754883
9000000.00022535,-68.9349899291992
9000000.00022536,-68.8835983276367
9000000.00022536,-68.8386535644531
9000000.00022537,-68.8003845214844
9000000.00022537,-68.7690124511719
9000000.00022538,-68.7447509765625
9000000.00022538,-68.7278213500977
9000000.00022539,-68.7184524536133
9000000.00022539,-68.7168579101563
9000000.0002254,-68.7203826904297
9000000.0002254,-68.7211151123047
9000000.00022541,-68.7211074829102
9000000.00022541,-68.7231750488281
9000000.00022542,-68.7301406860352
9000000.00022542,-68.7448196411133
9000000.00022543,-68.7700424194336
9000000.00022543,-68.8086166381836
9000000.00022544,-68.8633575439453
9000000.00022544,-68.9371032714844
9000000.00022545,-69.0326538085938
9000000.00022545,-69.1528396606445
9000000.00022546,-69.3004760742188
9000000.00022546,-69.4796371459961
9000000.00022547,-69.7061233520508
9000000.00022547,-69.9776077270508
9000000.00022548,-70.2859191894531
9000000.00022548,-70.622917175293
9000000.00022549,-70.9804458618164
9000000.00022549,-71.3503341674805
9000000.0002255,-71.7244491577148
9000000.0002255,-72.0946197509766
9000000.00022551,-72.4527053833008
9000000.00022551,-72.7905349731445
9000000.00022552,-73.099967956543
9000000.00022552,-73.3728408813477
9000000.00022553,-73.6010055541992
9000000.00022553,-73.7990875244141
9000000.00022554,-73.986083984375
9000000.00022554,-74.1603927612305
9000000.00022555,-74.3203887939453
9000000.00022555,-74.464485168457
9000000.00022556,-74.591064453125
9000000.00022556,-74.6985168457031
9000000.00022557,-74.7852401733398
9000000.00022557,-74.8496246337891
9000000.00022558,-74.8900604248047
9000000.00022558,-74.9049530029297
9000000.00022559,-74.8926773071289
9000000.00022559,-74.8516387939453
9000000.0002256,-74.7766418457031
9000000.0002256,-74.6577301025391
9000000.00022561,-74.4994964599609
9000000.00022561,-74.3075256347656
9000000.00022562,-74.0874404907227
9000000.00022562,-73.8448257446289
9000000.00022563,-73.5852966308594
9000000.00022563,-73.314453125
9000000.00022564,-73.0379028320313
9000000.00022564,-72.7612380981445
9000000.00022565,-72.4900665283203
9000000.00022565,-72.2299957275391
9000000.00022566,-71.9866256713867
9000000.00022566,-71.7638473510742
9000000.00022567,-71.5436401367188
9000000.00022567,-71.3207092285156
9000000.00022568,-71.0962905883789
9000000.00022568,-70.8716354370117
9000000.00022569,-70.6479721069336
9000000.00022569,-70.4265518188477
9000000.0002257,-70.2086181640625
9000000.0002257,-69.9954071044922
9000000.00022571,-69.7881622314453
9000000.00022571,-69.5881195068359
9000000.00022572,-69.3965301513672
9000000.00022572,-69.2146301269531
9000000.00022573,-69.0436706542969
9000000.00022573,-68.8796768188477
9000000.00022574,-68.7186126708984
9000000.00022574,-68.5615539550781
9000000.00022575,-68.4095764160156
9000000.00022575,-68.2637786865234
9000000.00022576,-68.1252365112305
9000000.00022576,-67.9950408935547
9000000.00022577,-67.874267578125
9000000.00022577,-67.7640151977539
9000000.00022578,-67.6653518676758
9000000.00022578,-67.5793685913086
9000000.00022579,-67.5071563720703
9000000.00022579,-67.4497909545898
9000000.0002258,-67.4064331054688
9000000.0002258,-67.3718109130859
9000000.00022581,-67.3462905883789
9000000.00022581,-67.3307342529297
9000000.00022582,-67.3259887695313
9000000.00022582,-67.3329086303711
9000000.00022583,-67.3523483276367
9000000.00022583,-67.3851547241211
9000000.00022584,-67.4321899414063
9000000.00022584,-67.4943084716797
9000000.00022585,-67.5723495483398
9000000.00022585,-67.6671752929688
9000000.00022586,-67.7796325683594
9000000.00022586,-67.9116744995117
9000000.00022587,-68.0763778686523
9000000.00022587,-68.2731628417969
9000000.00022588,-68.4966201782227
9000000.00022588,-68.7413482666016
9000000.00022589,-69.0019378662109
9000000.00022589,-69.2729949951172
9000000.0002259,-69.5491180419922
9000000.0002259,-69.8248977661133
9000000.00022591,-70.0949401855469
9000000.00022591,-70.3538284301758
9000000.00022592,-70.5961761474609
9000000.00022592,-70.8165740966797
9000000.00022593,-71.0096206665039
9000000.00022593,-71.1884536743164
9000000.00022594,-71.3679733276367
9000000.00022594,-71.5454483032227
9000000.00022595,-71.718132019043
9000000.00022595,-71.8832931518555
9000000.00022596,-72.0381851196289
9000000.00022596,-72.1800765991211
9000000.00022597,-72.3062286376953
9000000.00022597,-72.4138870239258
9000000.00022598,-72.5003280639648
9000000.00022598,-72.5628128051758
9000000.00022599,-72.5985870361328
9000000.00022599,-72.6049270629883
9000000.000226,-72.5777130126953
9000000.000226,-72.5131149291992
9000000.00022601,-72.4151229858398
9000000.00022601,-72.2882461547852
9000000.00022602,-72.1369552612305
9000000.00022602,-71.9657440185547
9000000.00022603,-71.7790985107422
9000000.00022603,-71.5815124511719
9000000.00022604,-71.3774566650391
9000000.00022604,-71.1714324951172
9000000.00022605,-70.9679260253906
9000000.00022605,-70.7714157104492
9000000.00022606,-70.5863952636719
9000000.00022606,-70.4157562255859
9000000.00022607,-70.2425079345703
9000000.00022607,-70.062370300293
9000000.00022608,-69.8772430419922
9000000.00022608,-69.6890335083008
9000000.00022609,-69.499626159668
9000000.00022609,-69.3109359741211
9000000.0002261,-69.124870300293
9000000.0002261,-68.9433135986328
9000000.00022611,-68.7681732177734
9000000.00022611,-68.6013565063477
9000000.00022612,-68.4447555541992
9000000.00022612,-68.3002777099609
9000000.00022613,-68.1698303222656
9000000.00022613,-68.049446105957
9000000.00022614,-67.9343490600586
9000000.00022614,-67.8251647949219
9000000.00022615,-67.7225341796875
9000000.00022615,-67.6270904541016
9000000.00022616,-67.5394821166992
9000000.00022616,-67.460334777832
9000000.00022617,-67.3902969360352
9000000.00022617,-67.3299942016602
9000000.00022618,-67.2800674438477
9000000.00022618,-67.2411575317383
9000000.00022619,-67.2138900756836
9000000.00022619,-67.1989212036133
9000000.0002262,-67.1949920654297
9000000.0002262,-67.1969223022461
9000000.00022621,-67.2055358886719
9000000.00022621,-67.2221374511719
9000000.00022622,-67.2480392456055
9000000.00022622,-67.2845306396484
9000000.00022623,-67.3329162597656
9000000.00022623,-67.3945159912109
9000000.00022624,-67.4706192016602
9000000.00022624,-67.5625305175781
9000000.00022625,-67.6715621948242
9000000.00022625,-67.7990188598633
9000000.00022626,-67.9461898803711
9000000.00022626,-68.1136932373047
9000000.00022627,-68.2937850952148
9000000.00022627,-68.4851684570313
9000000.00022628,-68.6893997192383
9000000.00022628,-68.9080200195313
9000000.00022629,-69.1425628662109
9000000.00022629,-69.3945846557617
9000000.0002263,-69.6656265258789
9000000.0002263,-69.9572296142578
9000000.00022631,-70.2709274291992
9000000.00022631,-70.6082763671875
9000000.00022632,-70.970817565918
9000000.00022632,-71.3600845336914
9000000.00022633,-71.7776336669922
9000000.00022633,-72.2555465698242
9000000.00022634,-72.8137893676758
9000000.00022634,-73.4357070922852
9000000.00022635,-74.1046371459961
9000000.00022635,-74.8039321899414
9000000.00022636,-75.5169372558594
9000000.00022636,-76.2269973754883
9000000.00022637,-76.9174499511719
9000000.00022637,-77.5716400146484
9000000.00022638,-78.1729202270508
9000000.00022638,-78.7046356201172
9000000.00022639,-79.1501159667969
9000000.00022639,-79.4927291870117
9000000.0002264,-79.7282333374023
9000000.0002264,-79.8904876708984
9000000.00022641,-79.9873657226563
9000000.00022641,-80.0240097045898
9000000.00022642,-80.0055847167969
9000000.00022642,-79.9372329711914
9000000.00022643,-79.8241271972656
9000000.00022643,-79.6714172363281
9000000.00022644,-79.4842529296875
9000000.00022644,-79.2677917480469
9000000.00022645,-79.0271987915039
9000000.00022645,-78.7676162719727
9000000.00022646,-78.4942092895508
9000000.00022646,-78.2085342407227
9000000.00022647,-77.8702239990234
9000000.00022647,-77.4740905761719
9000000.00022648,-77.0296630859375
9000000.00022648,-76.5464935302734
9000000.00022649,-76.0341186523438
9000000.00022649,-75.502067565918
9000000.0002265,-74.9598922729492
9000000.0002265,-74.417121887207
9000000.00022651,-73.88330078125
9000000.00022651,-73.3679580688477
9000000.00022652,-72.8806457519531
9000000.00022652,-72.4308929443359
9000000.00022653,-72.0282440185547
9000000.00022653,-71.6579513549805
9000000.00022654,-71.2994079589844
9000000.00022654,-70.9533309936523
9000000.00022655,-70.6204528808594
9000000.00022655,-70.3014907836914
9000000.00022656,-69.997184753418
9000000.00022656,-69.708251953125
9000000.00022657,-69.4354248046875
9000000.00022657,-69.1794204711914
9000000.00022658,-68.9409790039063
9000000.00022658,-68.7208099365234
9000000.00022659,-68.5196533203125
9000000.00022659,-68.3382339477539
9000000.0002266,-68.1756134033203
9000000.0002266,-68.027229309082
9000000.00022661,-67.8936233520508
9000000.00022661,-67.7757797241211
9000000.00022662,-67.6746520996094
9000000.00022662,-67.5912170410156
9000000.00022663,-67.5264358520508
9000000.00022663,-67.4812850952148
9000000.00022664,-67.4567260742188
9000000.00022664,-67.453727722168
9000000.00022665,-67.4732666015625
9000000.00022665,-67.5163040161133
9000000.00022666,-67.5838012695313
9000000.00022666,-67.6760787963867
9000000.00022667,-67.7856369018555
9000000.00022667,-67.9115142822266
9000000.00022668,-68.0554733276367
9000000.00022668,-68.2192535400391
9000000.00022669,-68.4046096801758
9000000.00022669,-68.6133117675781
9000000.0002267,-68.8471069335938
9000000.0002267,-69.1077499389648
9000000.00022671,-69.3969955444336
9000000.00022671,-69.7166061401367
9000000.00022672,-70.0683212280273
9000000.00022672,-70.4539108276367
9000000.00022673,-70.875129699707
9000000.00022673,-71.3807144165039
9000000.00022674,-72.0016555786133
9000000.00022674,-72.7130508422852
9000000.00022675,-73.489990234375
9000000.00022675,-74.3075790405273
9000000.00022676,-75.1409072875977
9000000.00022676,-75.9650802612305
9000000.00022677,-76.7551956176758
9000000.00022677,-77.4863510131836
9000000.00022678,-78.1336364746094
9000000.00022678,-78.6721572875977
9000000.00022679,-79.0770111083984
9000000.00022679,-79.3232955932617
9000000.0002268,-79.3926086425781
9000000.0002268,-79.3022384643555
9000000.00022681,-79.0735702514648
9000000.00022681,-78.7271881103516
9000000.00022682,-78.28369140625
9000000.00022682,-77.763671875
9000000.00022683,-77.1877288818359
9000000.00022683,-76.5764541625977
9000000.00022684,-75.950439453125
9000000.00022684,-75.3302841186523
9000000.00022685,-74.7365875244141
9000000.00022685,-74.1899261474609
9000000.00022686,-73.7109146118164
9000000.00022686,-73.3146133422852
9000000.00022687,-72.9441070556641
9000000.00022687,-72.5800247192383
9000000.00022688,-72.2236557006836
9000000.00022688,-71.8762893676758
9000000.00022689,-71.5392150878906
9000000.00022689,-71.2137145996094
9000000.0002269,-70.9010848999023
9000000.0002269,-70.6026153564453
9000000.00022691,-70.3195953369141
9000000.00022691,-70.0533142089844
9000000.00022692,-69.8050537109375
9000000.00022692,-69.5761108398438
9000000.00022693,-69.3677749633789
9000000.00022693,-69.1826858520508
9000000.00022694,-69.0212020874023
9000000.00022694,-68.8811569213867
9000000.00022695,-68.7603912353516
9000000.00022695,-68.6567535400391
9000000.00022696,-68.5680770874023
9000000.00022696,-68.4922103881836
9000000.00022697,-68.4269866943359
9000000.00022697,-68.3702545166016
9000000.00022698,-68.3198547363281
9000000.00022698,-68.2736206054688
9000000.00022699,-68.2293930053711
9000000.00022699,-68.1850204467773
9000000.000227,-68.1384506225586
9000000.000227,-68.0898971557617
9000000.00022701,-68.0415878295898
9000000.00022701,-67.9958038330078
9000000.00022702,-67.9548110961914
9000000.00022702,-67.9208984375
9000000.00022703,-67.8963394165039
9000000.00022703,-67.8834075927734
9000000.00022704,-67.8843765258789
9000000.00022704,-67.9015350341797
9000000.00022705,-67.9371490478516
9000000.00022705,-67.9935073852539
9000000.00022706,-68.0728759765625
9000000.00022706,-68.176887512207
9000000.00022707,-68.2988967895508
9000000.00022707,-68.4367370605469
9000000.00022708,-68.5906982421875
9000000.00022708,-68.7610473632813
9000000.00022709,-68.9480514526367
9000000.00022709,-69.151985168457
9000000.0002271,-69.3731231689453
9000000.0002271,-69.6117401123047
9000000.00022711,-69.8681030273438
9000000.00022711,-70.1424865722656
9000000.00022712,-70.435173034668
9000000.00022712,-70.7464141845703
9000000.00022713,-71.0764999389648
9000000.00022713,-71.4527130126953
9000000.00022714,-71.893180847168
9000000.00022714,-72.3844451904297
9000000.00022715,-72.9130477905273
9000000.00022715,-73.4655380249023
9000000.00022716,-74.028450012207
9000000.00022716,-74.5883255004883
9000000.00022717,-75.1317138671875
9000000.00022717,-75.6451416015625
9000000.00022718,-76.1151657104492
9000000.00022718,-76.5283126831055
9000000.00022719,-76.8711395263672
9000000.00022719,-77.1301803588867
9000000.0002272,-77.3021240234375
9000000.0002272,-77.4145812988281
9000000.00022721,-77.4738311767578
9000000.00022721,-77.4839401245117
9000000.00022722,-77.448974609375
9000000.00022722,-77.3730010986328
9000000.00022723,-77.2600708007813
9000000.00022723,-77.1142654418945
9000000.00022724,-76.9396438598633
9000000.00022724,-76.7402648925781
9000000.00022725,-76.5202026367188
9000000.00022725,-76.2835159301758
9000000.00022726,-76.0342712402344
9000000.00022726,-75.7735061645508
9000000.00022727,-75.4671478271484
9000000.00022727,-75.1110763549805
9000000.00022728,-74.7136001586914
9000000.00022728,-74.2830352783203
9000000.00022729,-73.8277053833008
9000000.00022729,-73.3559112548828
9000000.0002273,-72.8759689331055
9000000.0002273,-72.3962020874023
9000000.00022731,-71.9249114990234
9000000.00022731,-71.4704208374023
9000000.00022732,-71.0410385131836
9000000.00022732,-70.6450805664063
9000000.00022733,-70.2908554077148
9000000.00022733,-69.9637832641602
9000000.00022734,-69.6447372436523
9000000.00022734,-69.3351745605469
9000000.00022735,-69.0365829467773
9000000.00022735,-68.7504425048828
9000000.00022736,-68.4782104492188
9000000.00022736,-68.2213821411133
9000000.00022737,-67.9814300537109
9000000.00022737,-67.7598266601563
9000000.00022738,-67.5580444335938
9000000.00022738,-67.3775634765625
9000000.00022739,-67.2198638916016
9000000.00022739,-67.0864181518555
9000000.0002274,-66.9776916503906
9000000.0002274,-66.8909530639648
9000000.00022741,-66.8254318237305
9000000.00022741,-66.7805709838867
9000000.00022742,-66.7557983398438
9000000.00022742,-66.7505645751953
9000000.00022743,-66.7643051147461
9000000.00022743,-66.7964706420898
9000000.00022744,-66.8464965820313
9000000.00022744,-66.913818359375
9000000.00022745,-66.9978866577148
9000000.00022745,-67.0981369018555
9000000.00022746,-67.2140121459961
9000000.00022746,-67.34619140625
9000000.00022747,-67.5090484619141
9000000.00022747,-67.7032775878906
9000000.00022748,-67.9243240356445
9000000.00022748,-68.1676177978516
9000000.00022749,-68.4285888671875
9000000.00022749,-68.7026824951172
9000000.0002275,-68.9853363037109
9000000.0002275,-69.2719802856445
9000000.00022751,-69.5580596923828
9000000.00022751,-69.8390045166016
9000000.00022752,-70.1102523803711
9000000.00022752,-70.3672409057617
9000000.00022753,-70.6054077148438
9000000.00022753,-70.8438034057617
9000000.00022754,-71.1004104614258
9000000.00022754,-71.3690414428711
9000000.00022755,-71.6435012817383
9000000.00022755,-71.9176025390625
9000000.00022756,-72.1851654052734
9000000.00022756,-72.4400024414063
9000000.00022757,-72.6759185791016
9000000.00022757,-72.8867263793945
9000000.00022758,-73.0662536621094
9000000.00022758,-73.2082901000977
9000000.00022759,-73.3066635131836
9000000.00022759,-73.3551864624023
9000000.0002276,-73.3493270874023
9000000.0002276,-73.2935028076172
9000000.00022761,-73.192985534668
9000000.00022761,-73.0528564453125
9000000.00022762,-72.8781814575195
9000000.00022762,-72.6740188598633
9000000.00022763,-72.4454574584961
9000000.00022763,-72.1975555419922
9000000.00022764,-71.9353942871094
9000000.00022764,-71.6640243530273
9000000.00022765,-71.3885345458984
9000000.00022765,-71.1139907836914
9000000.00022766,-70.845458984375
9000000.00022766,-70.5857315063477
9000000.00022767,-70.3098907470703
9000000.00022767,-70.0130233764648
9000000.00022768,-69.6993026733398
9000000.00022768,-69.3728790283203
9000000.00022769,-69.0379257202148
9000000.00022769,-68.6986083984375
9000000.0002277,-68.3590850830078
9000000.0002277,-68.0235137939453
9000000.00022771,-67.6960678100586
9000000.00022771,-67.3809051513672
9000000.00022772,-67.0821914672852
9000000.00022772,-66.8040924072266
9000000.00022773,-66.5507659912109
9000000.00022773,-66.3128967285156
9000000.00022774,-66.0795516967773
9000000.00022774,-65.8524475097656
9000000.00022775,-65.6332931518555
9000000.00022775,-65.4238052368164
9000000.00022776,-65.225715637207
9000000.00022776,-65.0407257080078
9000000.00022777,-64.8705596923828
9000000.00022777,-64.716926574707
9000000.00022778,-64.5815582275391
9000000.00022778,-64.4661560058594
9000000.00022779,-64.3724517822266
9000000.00022779,-64.3021545410156
9000000.0002278,-64.2532806396484
9000000.0002278,-64.215705871582
9000000.00022781,-64.1905364990234
9000000.00022781,-64.179801940918
9000000.00022782,-64.185546875
9000000.00022782,-64.2098159790039
9000000.00022783,-64.254638671875
9000000.00022783,-64.3220596313477
9000000.00022784,-64.4141082763672
9000000.00022784,-64.532844543457
9000000.00022785,-64.6802825927734
9000000.00022785,-64.8584823608398
9000000.00022786,-65.069465637207
9000000.00022786,-65.3164749145508
9000000.00022787,-65.6143951416016
9000000.00022787,-65.9615783691406
9000000.00022788,-66.3509063720703
9000000.00022788,-66.775260925293
9000000.00022789,-67.2275390625
9000000.00022789,-67.7006149291992
9000000.0002279,-68.187385559082
9000000.0002279,-68.6807327270508
9000000.00022791,-69.1735458374023
9000000.00022791,-69.6586990356445
9000000.00022792,-70.1290969848633
9000000.00022792,-70.5776062011719
9000000.00022793,-70.9971313476563
9000000.00022793,-71.4223098754883
9000000.00022794,-71.8845138549805
9000000.00022794,-72.3716888427734
9000000.00022795,-72.8717880249023
9000000.00022795,-73.3727493286133
9000000.00022796,-73.8625259399414
9000000.00022796,-74.3290634155273
9000000.00022797,-74.7603149414063
9000000.00022797,-75.1442260742188
9000000.00022798,-75.4687423706055
9000000.00022798,-75.721809387207
9000000.00022799,-75.8913879394531
9000000.00022799,-75.9654083251953
9000000.000228,-75.9307556152344
9000000.000228,-75.7841491699219
9000000.00022801,-75.5392913818359
9000000.00022801,-75.2106552124023
9000000.00022802,-74.8127136230469
9000000.00022802,-74.3599319458008
9000000.00022803,-73.8667831420898
9000000.00022803,-73.3477325439453
9000000.00022804,-72.817253112793
9000000.00022804,-72.2898101806641
9000000.00022805,-71.7798767089844
9000000.00022805,-71.3019256591797
9000000.00022806,-70.8704147338867
9000000.00022806,-70.4956588745117
9000000.00022807,-70.1343078613281
9000000.00022807,-69.7726898193359
9000000.00022808,-69.4129180908203
9000000.00022808,-69.0570678710938
9000000.00022809,-68.7072448730469
9000000.00022809,-68.3655319213867
9000000.0002281,-68.0340270996094
9000000.0002281,-67.7148284912109
9000000.00022811,-67.4100189208984
9000000.00022811,-67.121696472168
9000000.00022812,-66.8519592285156
9000000.00022812,-66.6028900146484
9000000.00022813,-66.376579284668
9000000.00022813,-66.1685256958008
9000000.00022814,-65.9733352661133
9000000.00022814,-65.7917861938477
9000000.00022815,-65.6246643066406
9000000.00022815,-65.4727478027344
9000000.00022816,-65.3368301391602
9000000.00022816,-65.2176742553711
9000000.00022817,-65.116081237793
9000000.00022817,-65.032829284668
9000000.00022818,-64.9686889648438
9000000.00022818,-64.9244537353516
9000000.00022819,-64.9009094238281
9000000.00022819,-64.8988265991211
9000000.0002282,-64.9197540283203
9000000.0002282,-64.9658126831055
9000000.00022821,-65.0355606079102
9000000.00022821,-65.1273345947266
9000000.00022822,-65.2394332885742
9000000.00022822,-65.3702011108398
9000000.00022823,-65.5179443359375
9000000.00022823,-65.6809997558594
9000000.00022824,-65.8576812744141
9000000.00022824,-66.0463180541992
9000000.00022825,-66.245231628418
9000000.00022825,-66.4527359008789
9000000.00022826,-66.6671676635742
9000000.00022826,-66.888801574707
9000000.00022827,-67.1400833129883
9000000.00022827,-67.4228286743164
9000000.00022828,-67.7306442260742
9000000.00022828,-68.0571365356445
9000000.00022829,-68.3959197998047
9000000.00022829,-68.740608215332
9000000.0002283,-69.0848007202148
9000000.0002283,-69.4221115112305
9000000.00022831,-69.7461471557617
9000000.00022831,-70.0505294799805
9000000.00022832,-70.3288497924805
9000000.00022832,-70.5747375488281
9000000.00022833,-70.7817916870117
9000000.00022833,-70.958854675293
9000000.00022834,-71.1190414428711
9000000.00022834,-71.2623748779297
9000000.00022835,-71.3888549804688
9000000.00022835,-71.4985122680664
9000000.00022836,-71.5913543701172
9000000.00022836,-71.6674041748047
9000000.00022837,-71.7266693115234
9000000.00022837,-71.7691650390625
9000000.00022838,-71.794921875
9000000.00022838,-71.8039398193359
9000000.00022839,-71.7962341308594
9000000.00022839,-71.7718353271484
9000000.0002284,-71.7288665771484
9000000.0002284,-71.6621398925781
9000000.00022841,-71.5731506347656
9000000.00022841,-71.4638671875
9000000.00022842,-71.3362884521484
9000000.00022842,-71.1924057006836
9000000.00022843,-71.0341949462891
9000000.00022843,-70.863655090332
9000000.00022844,-70.6827697753906
9000000.00022844,-70.493522644043
9000000.00022845,-70.2979049682617
9000000.00022845,-70.097900390625
9000000.00022846,-69.8955078125
9000000.00022846,-69.6913986206055
9000000.00022847,-69.470947265625
9000000.00022847,-69.232177734375
9000000.00022848,-68.9784240722656
9000000.00022848,-68.7130355834961
9000000.00022849,-68.4393615722656
9000000.00022849,-68.1607437133789
9000000.0002285,-67.8805236816406
9000000.0002285,-67.6020584106445
9000000.00022851,-67.3286895751953
9000000.00022851,-67.0637588500977
9000000.00022852,-66.8106155395508
9000000.00022852,-66.5726013183594
9000000.00022853,-66.3530654907227
9000000.00022853,-66.1443328857422
9000000.00022854,-65.9374847412109
9000000.00022854,-65.7339859008789
9000000.00022855,-65.5353164672852
9000000.00022855,-65.3429489135742
9000000.00022856,-65.1583480834961
9000000.00022856,-64.9829940795898
9000000.00022857,-64.818359375
9000000.00022857,-64.6659088134766
9000000.00022858,-64.5271224975586
9000000.00022858,-64.4034652709961
9000000.00022859,-64.2964172363281
9000000.00022859,-64.2074432373047
9000000.0002286,-64.1369094848633
9000000.0002286,-64.0817642211914
9000000.00022861,-64.0413360595703
9000000.00022861,-64.0151824951172
9000000.00022862,-64.0028610229492
9000000.00022862,-64.0039443969727
9000000.00022863,-64.0179901123047
9000000.00022863,-64.0445556640625
9000000.00022864,-64.0832214355469
9000000.00022864,-64.1335296630859
9000000.00022865,-64.1950531005859
9000000.00022865,-64.2673568725586
9000000.00022866,-64.3500061035156
9000000.00022866,-64.4433364868164
9000000.00022867,-64.556510925293
9000000.00022867,-64.6900253295898
9000000.00022868,-64.8410568237305
9000000.00022868,-65.0067901611328
9000000.00022869,-65.1843872070313
9000000.00022869,-65.3710250854492
9000000.0002287,-65.5638809204102
9000000.0002287,-65.7601318359375
9000000.00022871,-65.9569473266602
9000000.00022871,-66.151496887207
9000000.00022872,-66.3409652709961
9000000.00022872,-66.5225219726563
9000000.00022873,-66.6933364868164
9000000.00022873,-66.8623275756836
9000000.00022874,-67.0386505126953
9000000.00022874,-67.2198944091797
9000000.00022875,-67.4036331176758
9000000.00022875,-67.5874481201172
9000000.00022876,-67.768913269043
9000000.00022876,-67.9455947875977
9000000.00022877,-68.1150894165039
9000000.00022877,-68.2749633789063
9000000.00022878,-68.4227905273438
9000000.00022878,-68.55615234375
9000000.00022879,-68.6726226806641
9000000.00022879,-68.7697830200195
9000000.0002288,-68.8458023071289
9000000.0002288,-68.9022369384766
9000000.00022881,-68.9412002563477
9000000.00022881,-68.9647445678711
9000000.00022882,-68.9749221801758
9000000.00022882,-68.9737854003906
9000000.00022883,-68.9633712768555
9000000.00022883,-68.9457473754883
9000000.00022884,-68.9229583740234
9000000.00022884,-68.8970413208008
9000000.00022885,-68.8700637817383
9000000.00022885,-68.8440628051758
9000000.00022886,-68.8210983276367
9000000.00022886,-68.8023071289063
9000000.00022887,-68.7777404785156
9000000.00022887,-68.7454299926758
9000000.00022888,-68.7070083618164
9000000.00022888,-68.6641006469727
9000000.00022889,-68.6183547973633
9000000.00022889,-68.5713958740234
9000000.0002289,-68.5248718261719
9000000.0002289,-68.4804000854492
9000000.00022891,-68.4396286010742
9000000.00022891,-68.4041900634766
9000000.00022892,-68.3757171630859
9000000.00022892,-68.355842590332
9000000.00022893,-68.3462142944336
9000000.00022893,-68.3466186523438
9000000.00022894,-68.355094909668
9000000.00022894,-68.3706436157227
9000000.00022895,-68.3922500610352
9000000.00022895,-68.4189147949219
9000000.00022896,-68.4496154785156
9000000.00022896,-68.4833602905273
9000000.00022897,-68.5191421508789
9000000.00022897,-68.5559387207031
9000000.00022898,-68.5927581787109
9000000.00022898,-68.6285781860352
9000000.00022899,-68.6624069213867
9000000.00022899,-68.6932220458984
9000000.000229,-68.7196807861328
9000000.000229,-68.7407989501953
9000000.00022901,-68.7579116821289
9000000.00022901,-68.7725143432617
9000000.00022902,-68.7860946655273
9000000.00022902,-68.8001327514648
9000000.00022903,-68.8161087036133
9000000.00022903,-68.8355178833008
9000000.00022904,-68.8598403930664
9000000.00022904,-68.8905487060547
9000000.00022905,-68.9291458129883
9000000.00022905,-68.9771041870117
9000000.00022906,-69.0359191894531
9000000.00022906,-69.107307434082
9000000.00022907,-69.1947860717773
9000000.00022907,-69.2970428466797
9000000.00022908,-69.4114990234375
9000000.00022908,-69.5355529785156
9000000.00022909,-69.6666259765625
9000000.00022909,-69.8021240234375
9000000.0002291,-69.939453125
9000000.0002291,-70.0760269165039
9000000.00022911,-70.2092514038086
9000000.00022911,-70.3365325927734
9000000.00022912,-70.4552917480469
9000000.00022912,-70.5629272460938
9000000.00022913,-70.656852722168
9000000.00022913,-70.7458572387695
9000000.00022914,-70.8387756347656
9000000.00022914,-70.9330749511719
9000000.00022915,-71.026237487793
9000000.00022915,-71.1157379150391
9000000.00022916,-71.1990509033203
9000000.00022916,-71.2736434936523
9000000.00022917,-71.3369903564453
9000000.00022917,-71.3865814208984
9000000.00022918,-71.4198684692383
9000000.00022918,-71.4343490600586
9000000.00022919,-71.4274826049805
9000000.00022919,-71.3967514038086
9000000.0002292,-71.3401870727539
9000000.0002292,-71.2592849731445
9000000.00022921,-71.1562881469727
9000000.00022921,-71.0333786010742
9000000.00022922,-70.8927612304688
9000000.00022922,-70.7366180419922
9000000.00022923,-70.5671463012695
9000000.00022923,-70.3865280151367
9000000.00022924,-70.1969528198242
9000000.00022924,-70.000617980957
9000000.00022925,-69.7997131347656
9000000.00022925,-69.5964202880859
9000000.00022926,-69.3929443359375
9000000.00022926,-69.1900405883789
9000000.00022927,-68.9718399047852
9000000.00022927,-68.7361373901367
9000000.00022928,-68.4865417480469
9000000.00022928,-68.2266693115234
9000000.00022929,-67.9601211547852
9000000.00022929,-67.6905059814453
9000000.0002293,-67.4214248657227
9000000.0002293,-67.1564788818359
9000000.00022931,-66.8992919921875
9000000.00022931,-66.6534576416016
9000000.00022932,-66.4225769042969
9000000.00022932,-66.2102737426758
9000000.00022933,-66.0201416015625
9000000.00022933,-65.8431854248047
9000000.00022934,-65.6692962646484
9000000.00022934,-65.5004272460938
9000000.00022935,-65.3385009765625
9000000.00022935,-65.1854705810547
9000000.00022936,-65.0432739257813
9000000.00022936,-64.9138412475586
9000000.00022937,-64.7991180419922
9000000.00022937,-64.7010345458984
9000000.00022938,-64.6215515136719
9000000.00022938,-64.5625839233398
9000000.00022939,-64.5260848999023
9000000.00022939,-64.5139923095703
9000000.0002294,-64.5256881713867
9000000.0002294,-64.5541687011719
9000000.00022941,-64.5994033813477
9000000.00022941,-64.661979675293
9000000.00022942,-64.7424697875977
9000000.00022942,-64.8414611816406
9000000.00022943,-64.9595336914063
9000000.00022943,-65.0972747802734
9000000.00022944,-65.255256652832
9000000.00022944,-65.4340744018555
9000000.00022945,-65.6343078613281
9000000.00022945,-65.8565292358398
9000000.00022946,-66.1013336181641
9000000.00022946,-66.3715744018555
9000000.00022947,-66.6943435668945
9000000.00022947,-67.069450378418
9000000.00022948,-67.4868240356445
9000000.00022948,-67.9363632202148
9000000.00022949,-68.4079895019531
9000000.00022949,-68.8916015625
9000000.0002295,-69.3771133422852
9000000.0002295,-69.8544464111328
9000000.00022951,-70.3134918212891
9000000.00022951,-70.7441787719727
9000000.00022952,-71.1364059448242
9000000.00022952,-71.4800872802734
9000000.00022953,-71.76513671875
9000000.00022953,-72.0080871582031
9000000.00022954,-72.2313690185547
9000000.00022954,-72.4337692260742
9000000.00022955,-72.6140670776367
9000000.00022955,-72.7710189819336
9000000.00022956,-72.9034042358398
9000000.00022956,-73.010009765625
9000000.00022957,-73.0895919799805
9000000.00022957,-73.1409378051758
9000000.00022958,-73.1628112792969
9000000.00022958,-73.1539993286133
9000000.00022959,-73.1132659912109
9000000.00022959,-73.0393829345703
9000000.0002296,-72.9259262084961
9000000.0002296,-72.7584838867188
9000000.00022961,-72.5425262451172
9000000.00022961,-72.2849578857422
9000000.00022962,-71.9926834106445
9000000.00022962,-71.6726150512695
9000000.00022963,-71.3316650390625
9000000.00022963,-70.9767303466797
9000000.00022964,-70.6147232055664
9000000.00022964,-70.2525482177734
9000000.00022965,-69.8971252441406
9000000.00022965,-69.5553588867188
9000000.00022966,-69.2341537475586
9000000.00022966,-68.9380874633789
9000000.00022967,-68.6424713134766
9000000.00022967,-68.3407363891602
9000000.00022968,-68.0352935791016
9000000.00022968,-67.7285461425781
9000000.00022969,-67.4229049682617
9000000.00022969,-67.1207733154297
9000000.0002297,-66.8245620727539
9000000.0002297,-66.5366821289063
9000000.00022971,-66.2595443725586
9000000.00022971,-65.9955444335938
9000000.00022972,-65.7471008300781
9000000.00022972,-65.5166244506836
9000000.00022973,-65.306510925293
9000000.00022973,-65.1116943359375
9000000.00022974,-64.9260330200195
9000000.00022974,-64.7503814697266
9000000.00022975,-64.5855865478516
9000000.00022975,-64.432487487793
9000000.00022976,-64.2919387817383
9000000.00022976,-64.1647796630859
9000000.00022977,-64.0518569946289
9000000.00022977,-63.9540138244629
9000000.00022978,-63.8720970153809
9000000.00022978,-63.8069534301758
9000000.00022979,-63.7594299316406
9000000.00022979,-63.7303695678711
9000000.0002298,-63.7195434570313
9000000.0002298,-63.7240028381348
9000000.00022981,-63.743709564209
9000000.00022981,-63.7788734436035
9000000.00022982,-63.829704284668
9000000.00022982,-63.8964157104492
9000000.00022983,-63.9792175292969
9000000.00022983,-64.0783309936523
9000000.00022984,-64.1939544677734
9000000.00022984,-64.3263092041016
9000000.00022985,-64.4756011962891
9000000.00022985,-64.6420516967773
9000000.00022986,-64.8258590698242
9000000.00022986,-65.0271224975586
9000000.00022987,-65.2443618774414
9000000.00022987,-65.4773788452148
9000000.00022988,-65.7264938354492
9000000.00022988,-65.9920272827148
9000000.00022989,-66.274299621582
9000000.00022989,-66.5736389160156
9000000.0002299,-66.8903579711914
9000000.0002299,-67.2247772216797
9000000.00022991,-67.5772323608398
9000000.00022991,-67.9480361938477
9000000.00022992,-68.3375091552734
9000000.00022992,-68.7459716796875
9000000.00022993,-69.1737518310547
9000000.00022993,-69.6598358154297
9000000.00022994,-70.2302169799805
9000000.00022994,-70.8656997680664
9000000.00022995,-71.5471038818359
9000000.00022995,-72.255241394043
9000000.00022996,-72.9709243774414
9000000.00022996,-73.6749725341797
9000000.00022997,-74.3481903076172
9000000.00022997,-74.9713973999023
9000000.00022998,-75.5254135131836
9000000.00022998,-75.9910354614258
9000000.00022999,-76.3490905761719
9000000.00022999,-76.5803909301758
9000000.00023,-76.6728439331055
9000000.00023,-76.6455383300781
9000000.00023001,-76.5132827758789
9000000.00023001,-76.2897033691406
9000000.00023002,-75.9884567260742
9000000.00023002,-75.6231689453125
9000000.00023003,-75.2074890136719
9000000.00023003,-74.7550506591797
9000000.00023004,-74.2795028686523
9000000.00023004,-73.7944717407227
9000000.00023005,-73.313606262207
9000000.00023005,-72.8505477905273
9000000.00023006,-72.4189300537109
9000000.00023006,-72.0276947021484
9000000.00023007,-71.6268615722656
9000000.00023007,-71.2034530639648
9000000.00023008,-70.7626419067383
9000000.00023008,-70.3096237182617
9000000.00023009,-69.8495864868164
9000000.00023009,-69.3877105712891
9000000.0002301,-68.9291915893555
9000000.0002301,-68.4792175292969
9000000.00023011,-68.04296875
9000000.00023011,-67.6256332397461
9000000.00023012,-67.2324066162109
9000000.00023012,-66.8684616088867
9000000.00023013,-66.5390014648438
9000000.00023013,-66.2348403930664
9000000.00023014,-65.943977355957
9000000.00023014,-65.6673812866211
9000000.00023015,-65.406005859375
9000000.00023015,-65.1608123779297
9000000.00023016,-64.9327621459961
9000000.00023016,-64.7228164672852
9000000.00023017,-64.5319366455078
9000000.00023017,-64.361083984375
9000000.00023018,-64.2112274169922
9000000.00023018,-64.0833053588867
9000000.00023019,-63.9783020019531
9000000.00023019,-63.8971672058105
9000000.0002302,-63.8393859863281
9000000.0002302,-63.8009147644043
9000000.00023021,-63.7819023132324
9000000.00023021,-63.7828636169434
9000000.00023022,-63.8043060302734
9000000.00023022,-63.8467445373535
9000000.00023023,-63.9106864929199
9000000.00023023,-63.9966468811035
9000000.00023024,-64.1051406860352
9000000.00023024,-64.2366714477539
9000000.00023025,-64.3917541503906
9000000.00023025,-64.5708999633789
9000000.00023026,-64.7746276855469
9000000.00023026,-65.0029067993164
9000000.00023027,-65.2497177124023
9000000.00023027,-65.514518737793
9000000.00023028,-65.7989730834961
9000000.00023028,-66.104736328125
9000000.00023029,-66.433464050293
9000000.00023029,-66.7868270874023
9000000.0002303,-67.1664810180664
9000000.0002303,-67.5740814208984
9000000.00023031,-68.0112991333008
9000000.00023031,-68.4797897338867
9000000.00023032,-68.9812088012695
9000000.00023032,-69.517219543457
9000000.00023033,-70.089485168457
9000000.00023033,-70.7482376098633
9000000.00023034,-71.5255661010742
9000000.00023034,-72.3959197998047
9000000.00023035,-73.3337249755859
9000000.00023035,-74.3134307861328
9000000.00023036,-75.3094635009766
9000000.00023036,-76.296272277832
9000000.00023037,-77.2482833862305
9000000.00023037,-78.1399536132813
9000000.00023038,-78.9457015991211
9000000.00023038,-79.6399765014648
9000000.00023039,-80.1972198486328
9000000.00023039,-80.5918579101563
9000000.0002304,-80.8078308105469
9000000.0002304,-80.8706283569336
9000000.00023041,-80.7999572753906
9000000.00023041,-80.6139678955078
9000000.00023042,-80.3307876586914
9000000.00023042,-79.9685668945313
9000000.00023043,-79.5454483032227
9000000.00023043,-79.0795745849609
9000000.00023044,-78.5890808105469
9000000.00023044,-78.0921096801758
9000000.00023045,-77.6068115234375
9000000.00023045,-77.1513214111328
9000000.00023046,-76.743782043457
9000000.00023046,-76.3965454101563
9000000.00023047,-76.0486526489258
9000000.00023047,-75.6828918457031
9000000.00023048,-75.3042297363281
9000000.00023048,-74.917610168457
9000000.00023049,-74.5280075073242
9000000.00023049,-74.1403579711914
9000000.0002305,-73.7596282958984
9000000.0002305,-73.3907775878906
9000000.00023051,-73.0387649536133
9000000.00023051,-72.7085342407227
9000000.00023052,-72.4050521850586
9000000.00023052,-72.1332778930664
9000000.00023053,-71.8981628417969
9000000.00023053,-71.6953430175781
9000000.00023054,-71.5163269042969
9000000.00023054,-71.3599014282227
9000000.00023055,-71.2248306274414
9000000.00023055,-71.1098937988281
9000000.00023056,-71.0138626098633
9000000.00023056,-70.9355087280273
9000000.00023057,-70.8736114501953
9000000.00023057,-70.8269424438477
9000000.00023058,-70.7942733764648
9000000.00023058,-70.7743835449219
9000000.00023059,-70.7660446166992
9000000.00023059,-70.7680206298828
9000000.0002306,-70.7834625244141
9000000.0002306,-70.8243408203125
9000000.00023061,-70.8884963989258
9000000.00023061,-70.9726409912109
9000000.00023062,-71.0734786987305
9000000.00023062,-71.1877288818359
9000000.00023063,-71.3120956420898
9000000.00023063,-71.4432830810547
9000000.00023064,-71.5780181884766
9000000.00023064,-71.7129898071289
9000000.00023065,-71.8449249267578
9000000.00023065,-71.9705276489258
9000000.00023066,-72.0865097045898
9000000.00023066,-72.1894912719727
9000000.00023067,-72.2771911621094
9000000.00023067,-72.3525543212891
9000000.00023068,-72.4193878173828
9000000.00023068,-72.4815139770508
9000000.00023069,-72.542724609375
9000000.00023069,-72.6068420410156
9000000.0002307,-72.6776657104492
9000000.0002307,-72.7590179443359
9000000.00023071,-72.8546981811523
9000000.00023071,-72.9685287475586
9000000.00023072,-73.1043090820313
9000000.00023072,-73.2658462524414
9000000.00023073,-73.4569625854492
9000000.00023073,-73.682487487793
9000000.00023074,-73.9414367675781
9000000.00023074,-74.228889465332
9000000.00023075,-74.539909362793
9000000.00023075,-74.8695678710938
9000000.00023076,-75.2129364013672
9000000.00023076,-75.5650863647461
9000000.00023077,-75.9210891723633
9000000.00023077,-76.2760238647461
9000000.00023078,-76.6249465942383
9000000.00023078,-76.9629364013672
9000000.00023079,-77.2850646972656
9000000.00023079,-77.5864028930664
9000000.0002308,-77.8785629272461
9000000.0002308,-78.2070083618164
9000000.00023081,-78.5638275146484
9000000.00023081,-78.9368515014648
9000000.00023082,-79.3138885498047
9000000.00023082,-79.6827621459961
9000000.00023083,-80.0312881469727
9000000.00023083,-80.347297668457
9000000.00023084,-80.6185913085938
9000000.00023084,-80.8330078125
9000000.00023085,-80.9783630371094
9000000.00023085,-81.0424652099609
9000000.00023086,-81.0131378173828
9000000.00023086,-80.8772430419922
9000000.00023087,-80.6185607910156
9000000.00023087,-80.2479019165039
9000000.00023088,-79.782112121582
9000000.00023088,-79.2380142211914
9000000.00023089,-78.6324615478516
9000000.00023089,-77.9822769165039
9000000.0002309,-77.3043060302734
9000000.0002309,-76.6153869628906
9000000.00023091,-75.9323577880859
9000000.00023091,-75.2720489501953
9000000.00023092,-74.6513061523438
9000000.00023092,-74.0869674682617
9000000.00023093,-73.5958633422852
9000000.00023093,-73.1527099609375
9000000.00023094,-72.7215957641602
9000000.00023094,-72.303466796875
9000000.00023095,-71.8992309570313
9000000.00023095,-71.5098342895508
9000000.00023096,-71.1361846923828
9000000.00023096,-70.7792282104492
9000000.00023097,-70.4398803710938
9000000.00023097,-70.1190719604492
9000000.00023098,-69.8177337646484
9000000.00023098,-69.5367889404297
9000000.00023099,-69.2771606445313
9000000.00023099,-69.0397872924805
9000000.000231,-68.8249664306641
9000000.000231,-68.6310195922852
9000000.00023101,-68.4574432373047
9000000.00023101,-68.3038864135742
9000000.00023102,-68.1699752807617
9000000.00023102,-68.0553436279297
9000000.00023103,-67.9596328735352
9000000.00023103,-67.8824768066406
9000000.00023104,-67.8235092163086
9000000.00023104,-67.7823638916016
9000000.00023105,-67.7586822509766
9000000.00023105,-67.7520904541016
9000000.00023106,-67.7622299194336
9000000.00023106,-67.7890625
9000000.00023107,-67.8362121582031
9000000.00023107,-67.9040679931641
9000000.00023108,-67.9916763305664
9000000.00023108,-68.0980911254883
9000000.00023109,-68.2223510742188
9000000.00023109,-68.3635025024414
9000000.0002311,-68.5206069946289
9000000.0002311,-68.6927032470703
9000000.00023111,-68.8788452148438
9000000.00023111,-69.0780715942383
9000000.00023112,-69.2894439697266
9000000.00023112,-69.5120010375977
9000000.00023113,-69.7447967529297
9000000.00023113,-70.0148468017578
9000000.00023114,-70.3414764404297
9000000.00023114,-70.7121810913086
9000000.00023115,-71.1144561767578
9000000.00023115,-71.5358047485352
9000000.00023116,-71.9637222290039
9000000.00023116,-72.3857040405273
9000000.00023117,-72.7892532348633
9000000.00023117,-73.1618576049805
9000000.00023118,-73.4910278320313
9000000.00023118,-73.7642517089844
9000000.00023119,-73.9690322875977
9000000.00023119,-74.0928649902344
9000000.0002312,-74.1283187866211
9000000.0002312,-74.0890502929688
9000000.00023121,-73.9843597412109
9000000.00023121,-73.8226547241211
9000000.00023122,-73.6123504638672
9000000.00023122,-73.3618621826172
9000000.00023123,-73.0796203613281
9000000.00023123,-72.7740173339844
9000000.00023124,-72.453483581543
9000000.00023124,-72.1264266967773
9000000.00023125,-71.8012619018555
9000000.00023125,-71.4864044189453
9000000.00023126,-71.1902770996094
9000000.00023126,-70.9183120727539
9000000.00023127,-70.6387710571289
9000000.00023127,-70.3436279296875
9000000.00023128,-70.0364074707031
9000000.00023128,-69.7206192016602
9000000.00023129,-69.3997955322266
9000000.00023129,-69.0774459838867
9000000.0002313,-68.7570953369141
9000000.0002313,-68.4422607421875
9000000.00023131,-68.1364593505859
9000000.00023131,-67.8432235717773
9000000.00023132,-67.5660552978516
9000000.00023132,-67.3084869384766
9000000.00023133,-67.0740356445313
9000000.00023133,-66.8570709228516
9000000.00023134,-66.6498565673828
9000000.00023134,-66.4527587890625
9000000.00023135,-66.2661285400391
9000000.00023135,-66.0903396606445
9000000.00023136,-65.9257354736328
9000000.00023136,-65.7726821899414
9000000.00023137,-65.6315460205078
9000000.00023137,-65.5026779174805
9000000.00023138,-65.3864440917969
9000000.00023138,-65.283203125
9000000.00023139,-65.1933135986328
9000000.00023139,-65.1171340942383
9000000.0002314,-65.0528411865234
9000000.0002314,-64.9944000244141
9000000.00023141,-64.9431686401367
9000000.00023141,-64.9010848999023
9000000.00023142,-64.8700942993164
9000000.00023142,-64.8521194458008
9000000.00023143,-64.8491058349609
9000000.00023143,-64.8629913330078
9000000.00023144,-64.8957061767578
9000000.00023144,-64.9491882324219
9000000.00023145,-65.0253829956055
9000000.00023145,-65.1262130737305
9000000.00023146,-65.2536239624023
9000000.00023146,-65.4070510864258
9000000.00023147,-65.5578842163086
9000000.00023147,-65.7039794921875
9000000.00023148,-65.8536911010742
9000000.00023148,-66.0153427124023
9000000.00023149,-66.197265625
9000000.00023149,-66.4077911376953
9000000.0002315,-66.6552581787109
9000000.0002315,-66.9480056762695
9000000.00023151,-67.2943496704102
9000000.00023151,-67.70263671875
9000000.00023152,-68.1811981201172
9000000.00023152,-68.7383651733398
9000000.00023153,-69.3824691772461
9000000.00023153,-70.1810684204102
9000000.00023154,-71.1704864501953
9000000.00023154,-72.3122329711914
9000000.00023155,-73.5678100585938
9000000.00023155,-74.8987350463867
9000000.00023156,-76.2665100097656
9000000.00023156,-77.6326446533203
9000000.00023157,-78.9586486816406
9000000.00023157,-80.2060241699219
9000000.00023158,-81.3362808227539
9000000.00023158,-82.310920715332
9000000.00023159,-83.0914611816406
9000000.00023159,-83.639404296875
9000000.0002316,-83.9302520751953
9000000.0002316,-84.0016098022461
9000000.00023161,-83.8833847045898
9000000.00023161,-83.6031951904297
9000000.00023162,-83.1886749267578
9000000.00023162,-82.6674499511719
9000000.00023163,-82.0671539306641
9000000.00023163,-81.415412902832
9000000.00023164,-80.7398529052734
9000000.00023164,-80.0681076049805
9000000.00023165,-79.4277954101563
9000000.00023165,-78.8465576171875
9000000.00023166,-78.3520126342773
9000000.00023166,-77.9649963378906
9000000.00023167,-77.6164245605469
9000000.00023167,-77.2803955078125
9000000.00023168,-76.9560775756836
9000000.00023168,-76.6426391601563
9000000.00023169,-76.3392486572266
9000000.00023169,-76.0450592041016
9000000.0002317,-75.7592468261719
9000000.0002317,-75.4809799194336
9000000.00023171,-75.2094116210938
9000000.00023171,-74.943717956543
9000000.00023172,-74.6830596923828
9000000.00023172,-74.4266052246094
9000000.00023173,-74.1735229492188
9000000.00023173,-73.9246215820313
9000000.00023174,-73.6813888549805
9000000.00023174,-73.4439849853516
9000000.00023175,-73.2125778198242
9000000.00023175,-72.9873428344727
9000000.00023176,-72.7684478759766
9000000.00023176,-72.5560455322266
9000000.00023177,-72.3503189086914
9000000.00023177,-72.1514358520508
9000000.00023178,-71.9595489501953
9000000.00023178,-71.7748413085938
9000000.00023179,-71.5974655151367
9000000.00023179,-71.427604675293
9000000.0002318,-71.2624588012695
9000000.0002318,-71.0938873291016
9000000.00023181,-70.9240570068359
9000000.00023181,-70.7559432983398
9000000.00023182,-70.5925064086914
9000000.00023182,-70.4367218017578
9000000.00023183,-70.2915420532227
9000000.00023183,-70.1599426269531
9000000.00023184,-70.0448913574219
9000000.00023184,-69.949348449707
9000000.00023185,-69.8762817382813
9000000.00023185,-69.8286590576172
9000000.00023186,-69.809440612793
9000000.00023186,-69.8191223144531
9000000.00023187,-69.8296356201172
9000000.00023187,-69.8379364013672
9000000.00023188,-69.8512191772461
9000000.00023188,-69.8766784667969
9000000.00023189,-69.921501159668
9000000.00023189,-69.9928970336914
9000000.0002319,-70.0980529785156
9000000.0002319,-70.2441558837891
9000000.00023191,-70.4384155273438
9000000.00023191,-70.6880187988281
9000000.00023192,-71.0001602172852
9000000.00023192,-71.3820343017578
9000000.00023193,-71.8408355712891
9000000.00023193,-72.4394836425781
9000000.00023194,-73.2124404907227
9000000.00023194,-74.1242523193359
9000000.00023195,-75.1394424438477
9000000.00023195,-76.222541809082
9000000.00023196,-77.3380813598633
9000000.00023196,-78.4505920410156
9000000.00023197,-79.5246124267578
9000000.00023197,-80.5246658325195
9000000.00023198,-81.4152908325195
9000000.00023198,-82.1610107421875
9000000.00023199,-82.7263565063477
9000000.00023199,-83.0758666992188
9000000.000232,-83.1883697509766
9000000.000232,-83.1023712158203
9000000.00023201,-82.8443145751953
9000000.00023201,-82.4381637573242
9000000.00023202,-81.9078826904297
9000000.00023202,-81.2774276733398
9000000.00023203,-80.5707778930664
9000000.00023203,-79.8118896484375
9000000.00023204,-79.0247268676758
9000000.00023204,-78.2332534790039
9000000.00023205,-77.4614410400391
9000000.00023205,-76.7332458496094
9000000.00023206,-76.072639465332
9000000.00023206,-75.4964447021484
9000000.00023207,-74.9301452636719
9000000.00023207,-74.35107421875
9000000.00023208,-73.763671875
9000000.00023208,-73.17236328125
9000000.00023209,-72.5815811157227
9000000.00023209,-71.9957504272461
9000000.0002321,-71.4193115234375
9000000.0002321,-70.8566741943359
9000000.00023211,-70.3122863769531
9000000.00023211,-69.7905731201172
9000000.00023212,-69.2959518432617
9000000.00023212,-68.8328704833984
9000000.00023213,-68.4057388305664
9000000.00023213,-68.0080871582031
9000000.00023214,-67.6305618286133
9000000.00023214,-67.2733306884766
9000000.00023215,-66.9365692138672
9000000.00023215,-66.6204376220703
9000000.00023216,-66.3250961303711
9000000.00023216,-66.0507202148438
9000000.00023217,-65.7974700927734
9000000.00023217,-65.5655136108398
9000000.00023218,-65.3550109863281
9000000.00023218,-65.166130065918
9000000.00023219,-64.9990386962891
9000000.00023219,-64.8539047241211
9000000.0002322,-64.7314147949219
9000000.0002322,-64.6330108642578
9000000.00023221,-64.55810546875
9000000.00023221,-64.5059661865234
9000000.00023222,-64.475830078125
9000000.00023222,-64.4669799804688
9000000.00023223,-64.4786529541016
9000000.00023223,-64.510124206543
9000000.00023224,-64.5606460571289
9000000.00023224,-64.6294708251953
9000000.00023225,-64.7158660888672
9000000.00023225,-64.819091796875
9000000.00023226,-64.9383926391602
9000000.00023226,-65.0743942260742
9000000.00023227,-65.2426071166992
9000000.00023227,-65.4439239501953
9000000.00023228,-65.6735305786133
9000000.00023228,-65.9266204833984
9000000.00023229,-66.1983871459961
9000000.00023229,-66.4840240478516
9000000.0002323,-66.7787322998047
9000000.0002323,-67.0776977539063
9000000.00023231,-67.3761138916016
9000000.00023231,-67.6691818237305
9000000.00023232,-67.9520950317383
9000000.00023232,-68.2200393676758
9000000.00023233,-68.4682083129883
9000000.00023233,-68.7115707397461
9000000.00023234,-68.9655990600586
9000000.00023234,-69.2262496948242
9000000.00023235,-69.4895172119141
9000000.00023235,-69.751350402832
9000000.00023236,-70.0077285766602
9000000.00023236,-70.2546310424805
9000000.00023237,-70.4880142211914
9000000.00023237,-70.7038497924805
9000000.00023238,-70.8981170654297
9000000.00023238,-71.066780090332
9000000.00023239,-71.2058181762695
9000000.00023239,-71.3111877441406
9000000.0002324,-71.3801345825195
9000000.0002324,-71.4160385131836
9000000.00023241,-71.4221878051758
9000000.00023241,-71.4016876220703
9000000.00023242,-71.3576431274414
9000000.00023242,-71.2931671142578
9000000.00023243,-71.2113647460938
9000000.00023243,-71.1153335571289
9000000.00023244,-71.0081939697266
9000000.00023244,-70.8930511474609
9000000.00023245,-70.7730026245117
9000000.00023245,-70.6511611938477
9000000.00023246,-70.530632019043
9000000.00023246,-70.4131469726563
9000000.00023247,-70.283805847168
9000000.00023247,-70.1396026611328
9000000.00023248,-69.9829635620117
9000000.00023248,-69.8163070678711
9000000.00023249,-69.6420669555664
9000000.00023249,-69.4626617431641
9000000.0002325,-69.2805252075195
9000000.0002325,-69.0980758666992
9000000.00023251,-68.9177474975586
9000000.00023251,-68.7419586181641
9000000.00023252,-68.5731353759766
9000000.00023252,-68.4137115478516
9000000.00023253,-68.2661056518555
9000000.00023253,-68.1246871948242
9000000.00023254,-67.9829406738281
9000000.00023254,-67.8419647216797
9000000.00023255,-67.7028579711914
9000000.00023255,-67.5667343139648
9000000.00023256,-67.4346771240234
9000000.00023256,-67.3078079223633
9000000.00023257,-67.1872100830078
9000000.00023257,-67.0739974975586
9000000.00023258,-66.9692611694336
9000000.00023258,-66.8741149902344
9000000.00023259,-66.7896423339844
9000000.00023259,-66.7169647216797
9000000.0002326,-66.6547775268555
9000000.0002326,-66.5965347290039
9000000.00023261,-66.54296875
9000000.00023261,-66.4953918457031
9000000.00023262,-66.4551467895508
9000000.00023262,-66.4235458374023
9000000.00023263,-66.4019393920898
9000000.00023263,-66.3916397094727
9000000.00023264,-66.3939743041992
9000000.00023264,-66.4102783203125
9000000.00023265,-66.4418792724609
9000000.00023265,-66.490104675293
9000000.00023266,-66.556282043457
9000000.00023266,-66.6422119140625
9000000.00023267,-66.7540512084961
9000000.00023267,-66.8906631469727
9000000.00023268,-67.0486679077148
9000000.00023268,-67.2247009277344
9000000.00023269,-67.4153671264648
9000000.00023269,-67.6172866821289
9000000.0002327,-67.8270874023438
9000000.0002327,-68.041389465332
9000000.00023271,-68.2568054199219
9000000.00023271,-68.4699630737305
9000000.00023272,-68.6774673461914
9000000.00023272,-68.8759536743164
9000000.00023273,-69.0620422363281
9000000.00023273,-69.2495193481445
9000000.00023274,-69.4514999389648
9000000.00023274,-69.6635513305664
9000000.00023275,-69.8812408447266
9000000.00023275,-70.1001358032227
9000000.00023276,-70.3158111572266
9000000.00023276,-70.5238342285156
9000000.00023277,-70.7197723388672
9000000.00023277,-70.8992004394531
9000000.00023278,-71.0576858520508
9000000.00023278,-71.1907958984375
9000000.00023279,-71.2941055297852
9000000.00023279,-71.3631744384766
9000000.0002328,-71.3939208984375
9000000.0002328,-71.3871536254883
9000000.00023281,-71.3473358154297
9000000.00023281,-71.2789993286133
9000000.00023282,-71.1866836547852
9000000.00023282,-71.0749206542969
9000000.00023283,-70.9482574462891
9000000.00023283,-70.8112182617188
9000000.00023284,-70.6683578491211
9000000.00023284,-70.5242004394531
9000000.00023285,-70.3832855224609
9000000.00023285,-70.2501525878906
9000000.00023286,-70.1293411254883
9000000.00023286,-70.0238876342773
9000000.00023287,-69.9179840087891
9000000.00023287,-69.8073272705078
9000000.00023288,-69.693359375
9000000.00023288,-69.5774993896484
9000000.00023289,-69.4611968994141
9000000.00023289,-69.3458862304688
9000000.0002329,-69.2330093383789
9000000.0002329,-69.1239929199219
9000000.00023291,-69.0202865600586
9000000.00023291,-68.9233169555664
9000000.00023292,-68.8345260620117
9000000.00023292,-68.7553482055664
9000000.00023293,-68.6872253417969
9000000.00023293,-68.6309051513672
9000000.00023294,-68.5853118896484
9000000.00023294,-68.5490951538086
9000000.00023295,-68.5209121704102
9000000.00023295,-68.4994354248047
9000000.00023296,-68.4833068847656
9000000.00023296,-68.4711990356445
9000000.00023297,-68.4617691040039
9000000.00023297,-68.4536743164063
9000000.00023298,-68.4455718994141
9000000.00023298,-68.4361267089844
9000000.00023299,-68.4239959716797
9000000.00023299,-68.407844543457
9000000.000233,-68.3850860595703
9000000.000233,-68.3522796630859
9000000.00023301,-68.3118362426758
9000000.00023301,-68.2665557861328
9000000.00023302,-68.2192459106445
9000000.00023302,-68.1727066040039
9000000.00023303,-68.1297302246094
9000000.00023303,-68.0931167602539
9000000.00023304,-68.0656814575195
9000000.00023304,-68.0502166748047
9000000.00023305,-68.0495147705078
9000000.00023305,-68.0663909912109
9000000.00023306,-68.103630065918
9000000.00023306,-68.1608276367188
9000000.00023307,-68.2011413574219
9000000.00023307,-68.221549987793
9000000.00023308,-68.2325057983398
9000000.00023308,-68.2444458007813
9000000.00023309,-68.267822265625
9000000.00023309,-68.3130722045898
9000000.0002331,-68.3906402587891
9000000.0002331,-68.5109710693359
9000000.00023311,-68.6845092773438
9000000.00023311,-68.9216995239258
9000000.00023312,-69.2329864501953
9000000.00023312,-69.6288070678711
9000000.00023313,-70.1196136474609
9000000.00023313,-70.7745361328125
9000000.00023314,-71.6286239624023
9000000.00023314,-72.6411895751953
9000000.00023315,-73.7715377807617
9000000.00023315,-74.9789733886719
9000000.00023316,-76.2228164672852
9000000.00023316,-77.4623718261719
9000000.00023317,-78.6569519042969
9000000.00023317,-79.7658615112305
9000000.00023318,-80.7484130859375
9000000.00023318,-81.5639190673828
9000000.00023319,-82.1716766357422
9000000.00023319,-82.531005859375
9000000.0002332,-82.6145629882813
9000000.0002332,-82.4580917358398
9000000.00023321,-82.0943603515625
9000000.00023321,-81.5541229248047
9000000.00023322,-80.8681335449219
9000000.00023322,-80.067138671875
9000000.00023323,-79.181884765625
9000000.00023323,-78.2431335449219
9000000.00023324,-77.2816390991211
9000000.00023324,-76.3281402587891
9000000.00023325,-75.4134063720703
9000000.00023325,-74.5681686401367
9000000.00023326,-73.8231964111328
9000000.00023326,-73.2011032104492
9000000.00023327,-72.618278503418
9000000.00023327,-72.0458221435547
9000000.00023328,-71.4851608276367
9000000.00023328,-70.937744140625
9000000.00023329,-70.4049987792969
9000000.00023329,-69.8883743286133
9000000.0002333,-69.3892974853516
9000000.0002333,-68.9092178344727
9000000.00023331,-68.4495620727539
9000000.00023331,-68.0117721557617
9000000.00023332,-67.597297668457
9000000.00023332,-67.2075576782227
9000000.00023333,-66.8440017700195
9000000.00023333,-66.5057830810547
9000000.00023334,-66.1907196044922
9000000.00023334,-65.8982467651367
9000000.00023335,-65.6278228759766
9000000.00023335,-65.3788681030273
9000000.00023336,-65.1508331298828
9000000.00023336,-64.9431533813477
9000000.00023337,-64.7552719116211
9000000.00023337,-64.5866241455078
9000000.00023338,-64.4366607666016
9000000.00023338,-64.3048095703125
9000000.00023339,-64.1905212402344
9000000.00023339,-64.0932235717773
9000000.0002334,-64.0134811401367
9000000.0002334,-63.9543609619141
9000000.00023341,-63.9155616760254
9000000.00023341,-63.8965187072754
9000000.00023342,-63.8966598510742
9000000.00023342,-63.9154167175293
9000000.00023343,-63.9522094726563
9000000.00023343,-64.006477355957
9000000.00023344,-64.0776443481445
9000000.00023344,-64.1651306152344
9000000.00023345,-64.2683868408203
9000000.00023345,-64.3868179321289
9000000.00023346,-64.5198745727539
9000000.00023346,-64.6677551269531
9000000.00023347,-64.8395843505859
9000000.00023347,-65.0359878540039
9000000.00023348,-65.254280090332
9000000.00023348,-65.4917526245117
9000000.00023349,-65.745735168457
9000000.00023349,-66.0135269165039
9000000.0002335,-66.2924270629883
9000000.0002335,-66.5797576904297
9000000.00023351,-66.8728179931641
9000000.00023351,-67.1689224243164
9000000.00023352,-67.4653778076172
9000000.00023352,-67.7594909667969
9000000.00023353,-68.0485610961914
9000000.00023353,-68.3488922119141
9000000.00023354,-68.6744766235352
9000000.00023354,-69.0192184448242
9000000.00023355,-69.3770141601563
9000000.00023355,-69.7417678833008
9000000.00023356,-70.1073608398438
9000000.00023356,-70.4676971435547
9000000.00023357,-70.8166732788086
9000000.00023357,-71.1481857299805
9000000.00023358,-71.4561309814453
9000000.00023358,-71.7344055175781
9000000.00023359,-71.9768981933594
9000000.00023359,-72.1775131225586
9000000.0002336,-72.3347396850586
9000000.0002336,-72.4610824584961
9000000.00023361,-72.5593872070313
9000000.00023361,-72.6315078735352
9000000.00023362,-72.6792984008789
9000000.00023362,-72.7046127319336
9000000.00023363,-72.7092971801758
9000000.00023363,-72.6952133178711
9000000.00023364,-72.6641998291016
9000000.00023364,-72.6181182861328
9000000.00023365,-72.5588226318359
9000000.00023365,-72.488151550293
9000000.00023366,-72.4079742431641
9000000.00023366,-72.3186950683594
9000000.00023367,-72.204216003418
9000000.00023367,-72.0626373291016
9000000.00023368,-71.8979568481445
9000000.00023368,-71.7141876220703
9000000.00023369,-71.5153045654297
9000000.00023369,-71.3053207397461
9000000.0002337,-71.0882263183594
9000000.0002337,-70.8680191040039
9000000.00023371,-70.6486968994141
9000000.00023371,-70.4342498779297
9000000.00023372,-70.2286911010742
9000000.00023372,-70.0359954833984
9000000.00023373,-69.8601837158203
9000000.00023373,-69.6907424926758
9000000.00023374,-69.5161285400391
9000000.00023374,-69.3387451171875
9000000.00023375,-69.1609954833984
9000000.00023375,-68.9852828979492
9000000.00023376,-68.8140106201172
9000000.00023376,-68.6495819091797
9000000.00023377,-68.4944000244141
9000000.00023377,-68.3508682250977
9000000.00023378,-68.2213897705078
9000000.00023378,-68.1083679199219
9000000.00023379,-68.0142059326172
9000000.00023379,-67.9413146972656
9000000.0002338,-67.887077331543
9000000.0002338,-67.8377685546875
9000000.00023381,-67.794807434082
9000000.00023381,-67.7608642578125
9000000.00023382,-67.7386245727539
9000000.00023382,-67.7307739257813
9000000.00023383,-67.7399826049805
9000000.00023383,-67.768928527832
9000000.00023384,-67.8202972412109
9000000.00023384,-67.8967590332031
9000000.00023385,-68.0009994506836
9000000.00023385,-68.1356964111328
9000000.00023386,-68.3035202026367
9000000.00023386,-68.5096969604492
9000000.00023387,-68.785026550293
9000000.00023387,-69.1275100708008
9000000.00023388,-69.523811340332
9000000.00023388,-69.9606094360352
9000000.00023389,-70.4245758056641
9000000.00023389,-70.9023971557617
9000000.0002339,-71.380744934082
9000000.0002339,-71.8462905883789
9000000.00023391,-72.2857208251953
9000000.00023391,-72.6857070922852
9000000.00023392,-73.0329208374023
9000000.00023392,-73.3140487670898
9000000.00023393,-73.515754699707
9000000.00023393,-73.6477279663086
9000000.00023394,-73.7313919067383
9000000.00023394,-73.7710342407227
9000000.00023395,-73.7709579467773
9000000.00023395,-73.7354431152344
9000000.00023396,-73.6687927246094
9000000.00023396,-73.5753021240234
9000000.00023397,-73.4592590332031
9000000.00023397,-73.3249588012695
9000000.00023398,-73.1766967773438
9000000.00023398,-73.0187683105469
9000000.00023399,-72.8554534912109
9000000.00023399,-72.6910629272461
9000000.000234,-72.5214691162109
9000000.000234,-72.3235702514648
9000000.00023401,-72.099494934082
9000000.00023401,-71.8534698486328
9000000.00023402,-71.589714050293
9000000.00023402,-71.3124618530273
9000000.00023403,-71.0259246826172
9000000.00023403,-70.7343444824219
9000000.00023404,-70.4419403076172
9000000.00023404,-70.1529388427734
9000000.00023405,-69.8715667724609
9000000.00023405,-69.6020431518555
9000000.00023406,-69.3485946655273
9000000.00023406,-69.1140518188477
9000000.00023407,-68.8835601806641
9000000.00023407,-68.6531066894531
9000000.00023408,-68.424072265625
9000000.00023408,-68.1978378295898
9000000.00023409,-67.9757843017578
9000000.00023409,-67.7593078613281
9000000.0002341,-67.5497894287109
9000000.0002341,-67.3486022949219
9000000.00023411,-67.1571426391602
9000000.00023411,-66.9767913818359
9000000.00023412,-66.8089294433594
9000000.00023412,-66.6549453735352
9000000.00023413,-66.5162200927734
9000000.00023413,-66.390380859375
9000000.00023414,-66.2742691040039
9000000.00023414,-66.1681137084961
9000000.00023415,-66.0721282958984
9000000.00023415,-65.9865417480469
9000000.00023416,-65.9115676879883
9000000.00023416,-65.8474273681641
9000000.00023417,-65.7943496704102
9000000.00023417,-65.7525405883789
9000000.00023418,-65.7222290039063
9000000.00023418,-65.7036361694336
9000000.00023419,-65.6969833374023
9000000.00023419,-65.7024841308594
9000000.0002342,-65.7198638916016
9000000.0002342,-65.7477569580078
9000000.00023421,-65.7863235473633
9000000.00023421,-65.8358535766602
9000000.00023422,-65.8966293334961
9000000.00023422,-65.9689407348633
9000000.00023423,-66.0530700683594
9000000.00023423,-66.1493148803711
9000000.00023424,-66.2579650878906
9000000.00023424,-66.3792877197266
9000000.00023425,-66.5135955810547
9000000.00023425,-66.6611557006836
9000000.00023426,-66.822265625
9000000.00023426,-66.9970474243164
9000000.00023427,-67.1837463378906
9000000.00023427,-67.3820724487305
9000000.00023428,-67.5923919677734
9000000.00023428,-67.815055847168
9000000.00023429,-68.0504302978516
9000000.00023429,-68.2988739013672
9000000.0002343,-68.5607528686523
9000000.0002343,-68.8364105224609
9000000.00023431,-69.1262283325195
9000000.00023431,-69.430549621582
9000000.00023432,-69.7497406005859
9000000.00023432,-70.0841598510742
9000000.00023433,-70.4341659545898
9000000.00023433,-70.8139495849609
9000000.00023434,-71.2326889038086
9000000.00023434,-71.683235168457
9000000.00023435,-72.158447265625
9000000.00023435,-72.6511917114258
9000000.00023436,-73.1543121337891
9000000.00023436,-73.6606674194336
9000000.00023437,-74.1631164550781
9000000.00023437,-74.6545181274414
9000000.00023438,-75.1277236938477
9000000.00023438,-75.5755920410156
9000000.00023439,-75.9909820556641
9000000.00023439,-76.3667449951172
9000000.0002344,-76.7102508544922
9000000.0002344,-77.0613098144531
9000000.00023441,-77.4160003662109
9000000.00023441,-77.7667388916016
9000000.00023442,-78.1059722900391
9000000.00023442,-78.4261169433594
9000000.00023443,-78.719612121582
9000000.00023443,-78.978889465332
9000000.00023444,-79.1963729858398
9000000.00023444,-79.3645095825195
9000000.00023445,-79.475715637207
9000000.00023445,-79.5224304199219
9000000.00023446,-79.4970779418945
9000000.00023446,-79.3906555175781
9000000.00023447,-79.1832656860352
9000000.00023447,-78.8815002441406
9000000.00023448,-78.4992828369141
9000000.00023448,-78.0505447387695
9000000.00023449,-77.5492172241211
9000000.00023449,-77.0092391967773
9000000.0002345,-76.4445343017578
9000000.0002345,-75.8690414428711
9000000.00023451,-75.2966918945313
9000000.00023451,-74.7414093017578
9000000.00023452,-74.2171325683594
9000000.00023452,-73.73779296875
9000000.00023453,-73.3173217773438
9000000.00023453,-72.9329147338867
9000000.00023454,-72.5536041259766
9000000.00023454,-72.1810684204102
9000000.00023455,-71.8169860839844
9000000.00023455,-71.4630355834961
9000000.00023456,-71.1209030151367
9000000.00023456,-70.7922668457031
9000000.00023457,-70.4787979125977
9000000.00023457,-70.1821823120117
9000000.00023458,-69.9041061401367
9000000.00023458,-69.646240234375
9000000.00023459,-69.4102630615234
9000000.00023459,-69.197868347168
9000000.0002346,-69.0074691772461
9000000.0002346,-68.8301544189453
9000000.00023461,-68.6667175292969
9000000.00023461,-68.5187683105469
9000000.00023462,-68.3879165649414
9000000.00023462,-68.275764465332
9000000.00023463,-68.1839294433594
9000000.00023463,-68.114013671875
9000000.00023464,-68.067626953125
9000000.00023464,-68.0463790893555
9000000.00023465,-68.051872253418
9000000.00023465,-68.0857238769531
9000000.00023466,-68.1495361328125
9000000.00023466,-68.2449493408203
9000000.00023467,-68.3730239868164
9000000.00023467,-68.5323181152344
9000000.00023468,-68.7209930419922
9000000.00023468,-68.9372100830078
9000000.00023469,-69.1791152954102
9000000.00023469,-69.4448852539063
9000000.0002347,-69.7326812744141
9000000.0002347,-70.0406494140625
9000000.00023471,-70.3669586181641
9000000.00023471,-70.7097625732422
9000000.00023472,-71.0672302246094
9000000.00023472,-71.4375228881836
9000000.00023473,-71.8187866210938
9000000.00023473,-72.252555847168
9000000.00023474,-72.768928527832
9000000.00023474,-73.3489456176758
9000000.00023475,-73.9736633300781
9000000.00023475,-74.6241302490234
9000000.00023476,-75.2813720703125
9000000.00023476,-75.9264526367188
9000000.00023477,-76.540412902832
9000000.00023477,-77.1042938232422
9000000.00023478,-77.5991439819336
9000000.00023478,-78.0060043334961
9000000.00023479,-78.3059310913086
9000000.00023479,-78.4799499511719
9000000.0002348,-78.5122528076172
9000000.0002348,-78.4109573364258
9000000.00023481,-78.1937866210938
9000000.00023481,-77.8783645629883
9000000.00023482,-77.4823150634766
9000000.00023482,-77.0232467651367
9000000.00023483,-76.518798828125
9000000.00023483,-75.9865798950195
9000000.00023484,-75.4442138671875
9000000.00023484,-74.9093170166016
9000000.00023485,-74.3995208740234
9000000.00023485,-73.9324340820313
9000000.00023486,-73.5256881713867
9000000.00023486,-73.1926116943359
9000000.00023487,-72.8896789550781
9000000.00023487,-72.6003952026367
9000000.00023488,-72.3240203857422
9000000.00023488,-72.0598449707031
9000000.00023489,-71.8071365356445
9000000.00023489,-71.5651702880859
9000000.0002349,-71.3332290649414
9000000.0002349,-71.1105880737305
9000000.00023491,-70.8965225219727
9000000.00023491,-70.6903076171875
9000000.00023492,-70.4912185668945
9000000.00023492,-70.2985305786133
9000000.00023493,-70.1115264892578
9000000.00023493,-69.9339752197266
9000000.00023494,-69.7692337036133
9000000.00023494,-69.6159591674805
9000000.00023495,-69.4727935791016
9000000.00023495,-69.3384017944336
9000000.00023496,-69.2114334106445
9000000.00023496,-69.0905456542969
9000000.00023497,-68.9743957519531
9000000.00023497,-68.8616256713867
9000000.00023498,-68.7509002685547
9000000.00023498,-68.6408767700195
9000000.00023499,-68.5301971435547
9000000.00023499,-68.4175186157227
9000000.000235,-68.2994537353516
9000000.000235,-68.1703033447266
9000000.00023501,-68.0331497192383
9000000.00023501,-67.8916625976563
9000000.00023502,-67.7495040893555
9000000.00023502,-67.6103515625
9000000.00023503,-67.4778823852539
9000000.00023503,-67.3557662963867
9000000.00023504,-67.247673034668
9000000.00023504,-67.1572723388672
9000000.00023505,-67.0882415771484
9000000.00023505,-67.0442504882813
9000000.00023506,-67.0289764404297
9000000.00023506,-67.0458831787109
9000000.00023507,-67.0940780639648
9000000.00023507,-67.1702117919922
9000000.00023508,-67.2712707519531
9000000.00023508,-67.3942108154297
9000000.00023509,-67.5359954833984
9000000.00023509,-67.6935958862305
9000000.0002351,-67.8639831542969
9000000.0002351,-68.0441207885742
9000000.00023511,-68.2309722900391
9000000.00023511,-68.421501159668
9000000.00023512,-68.6126861572266
9000000.00023512,-68.8014907836914
9000000.00023513,-68.9848709106445
9000000.00023513,-69.1834564208984
9000000.00023514,-69.4145584106445
9000000.00023514,-69.6702041625977
9000000.00023515,-69.9424133300781
9000000.00023515,-70.2231903076172
9000000.00023516,-70.5045700073242
9000000.00023516,-70.778564453125
9000000.00023517,-71.0371932983398
9000000.00023517,-71.2724838256836
9000000.00023518,-71.476448059082
9000000.00023518,-71.6410980224609
9000000.00023519,-71.7584686279297
9000000.00023519,-71.8205642700195
9000000.0002352,-71.8215255737305
9000000.0002352,-71.7669525146484
9000000.00023521,-71.6636657714844
9000000.00023521,-71.5182571411133
9000000.00023522,-71.3372955322266
9000000.00023522,-71.1273574829102
9000000.00023523,-70.89501953125
9000000.00023523,-70.6468505859375
9000000.00023524,-70.3894271850586
9000000.00023524,-70.1293334960938
9000000.00023525,-69.8731307983398
9000000.00023525,-69.6274108886719
9000000.00023526,-69.3987350463867
9000000.00023526,-69.1914901733398
9000000.00023527,-68.9824142456055
9000000.00023527,-68.765266418457
9000000.00023528,-68.5422515869141
9000000.00023528,-68.3155670166016
9000000.00023529,-68.0874176025391
9000000.00023529,-67.8600234985352
9000000.0002353,-67.6355667114258
9000000.0002353,-67.4162750244141
9000000.00023531,-67.204345703125
9000000.00023531,-67.0019760131836
9000000.00023532,-66.8113784790039
9000000.00023532,-66.634765625
9000000.00023533,-66.4743270874023
9000000.00023533,-66.3251953125
9000000.00023534,-66.1815872192383
9000000.00023534,-66.0444030761719
9000000.00023535,-65.9145278930664
9000000.00023535,-65.792839050293
9000000.00023536,-65.6802291870117
9000000.00023536,-65.5775909423828
9000000.00023537,-65.4858016967773
9000000.00023537,-65.4057464599609
9000000.00023538,-65.3383178710938
9000000.00023538,-65.2844009399414
9000000.00023539,-65.2448806762695
9000000.00023539,-65.2206497192383
9000000.0002354,-65.2099380493164
9000000.0002354,-65.2054748535156
9000000.00023541,-65.2084274291992
9000000.00023541,-65.2206344604492
9000000.00023542,-65.2439346313477
9000000.00023542,-65.2801666259766
9000000.00023543,-65.331184387207
9000000.00023543,-65.398811340332
9000000.00023544,-65.4848937988281
9000000.00023544,-65.5912780761719
9000000.00023545,-65.7198028564453
9000000.00023545,-65.8723068237305
9000000.00023546,-66.0506286621094
9000000.00023546,-66.2577896118164
9000000.00023547,-66.5083236694336
9000000.00023547,-66.8007659912109
9000000.00023548,-67.128303527832
9000000.00023548,-67.4841156005859
9000000.00023549,-67.8613891601563
9000000.00023549,-68.2533187866211
9000000.0002355,-68.6530838012695
9000000.0002355,-69.0538711547852
9000000.00023551,-69.4488677978516
9000000.00023551,-69.8312683105469
9000000.00023552,-70.1942443847656
9000000.00023552,-70.5309982299805
9000000.00023553,-70.8347091674805
9000000.00023553,-71.1244659423828
9000000.00023554,-71.4207992553711
9000000.00023554,-71.7190093994141
9000000.00023555,-72.0144119262695
9000000.00023555,-72.3023223876953
9000000.00023556,-72.5780563354492
9000000.00023556,-72.8369293212891
9000000.00023557,-73.0742492675781
9000000.00023557,-73.2853317260742
9000000.00023558,-73.4654922485352
9000000.00023558,-73.6100463867188
9000000.00023559,-73.7143020629883
9000000.00023559,-73.7735824584961
9000000.0002356,-73.7833099365234
9000000.0002356,-73.7436676025391
9000000.00023561,-73.6595764160156
9000000.00023561,-73.5360946655273
9000000.00023562,-73.3782653808594
9000000.00023562,-73.1911697387695
9000000.00023563,-72.979850769043
9000000.00023563,-72.7493743896484
9000000.00023564,-72.5047912597656
9000000.00023564,-72.2511749267578
9000000.00023565,-71.9935760498047
9000000.00023565,-71.7370529174805
9000000.00023566,-71.4866638183594
9000000.00023566,-71.2452926635742
9000000.00023567,-70.9892959594727
9000000.00023567,-70.7137908935547
9000000.00023568,-70.422492980957
9000000.00023568,-70.119140625
9000000.00023569,-69.8074569702148
9000000.00023569,-69.4911727905273
9000000.0002357,-69.1740112304688
9000000.0002357,-68.8597030639648
9000000.00023571,-68.5519638061523
9000000.00023571,-68.2545394897461
9000000.00023572,-67.9711380004883
9000000.00023572,-67.7054977416992
9000000.00023573,-67.4613494873047
9000000.00023573,-67.2296981811523
9000000.00023574,-67.0003204345703
9000000.00023574,-66.7750625610352
9000000.00023575,-66.555778503418
9000000.00023575,-66.3443145751953
9000000.00023576,-66.1425323486328
9000000.00023576,-65.9522857666016
9000000.00023577,-65.7754135131836
9000000.00023577,-65.61376953125
9000000.00023578,-65.4692153930664
9000000.00023578,-65.3435974121094
9000000.00023579,-65.23876953125
9000000.00023579,-65.1565856933594
9000000.0002358,-65.097053527832
9000000.0002358,-65.0551834106445
9000000.00023581,-65.0304565429688
9000000.00023581,-65.0227737426758
9000000.00023582,-65.0320358276367
9000000.00023582,-65.0581665039063
9000000.00023583,-65.1010513305664
9000000.00023583,-65.1606140136719
9000000.00023584,-65.2367553710938
9000000.00023584,-65.3293685913086
9000000.00023585,-65.4383773803711
9000000.00023585,-65.5636825561523
9000000.00023586,-65.7051849365234
9000000.00023586,-65.8635787963867
9000000.00023587,-66.0480270385742
9000000.00023587,-66.2587432861328
9000000.00023588,-66.4925689697266
9000000.00023588,-66.7463607788086
9000000.00023589,-67.016960144043
9000000.00023589,-67.3012237548828
9000000.0002359,-67.5959930419922
9000000.0002359,-67.8981246948242
9000000.00023591,-68.2044677734375
9000000.00023591,-68.5118713378906
9000000.00023592,-68.8171844482422
9000000.00023592,-69.1172485351563
9000000.00023593,-69.4089279174805
9000000.00023593,-69.7181930541992
9000000.00023594,-70.0661087036133
9000000.00023594,-70.4421691894531
9000000.00023595,-70.8358688354492
9000000.00023595,-71.2366943359375
9000000.00023596,-71.634147644043
9000000.00023596,-72.0177154541016
9000000.00023597,-72.3768844604492
9000000.00023597,-72.7011566162109
9000000.00023598,-72.9800186157227
9000000.00023598,-73.2029571533203
9000000.00023599,-73.3594741821289
9000000.00023599,-73.4390563964844
9000000.000236,-73.4333953857422
9000000.000236,-73.348258972168
9000000.00023601,-73.1931228637695
9000000.00023601,-72.9772567749023
9000000.00023602,-72.7099304199219
9000000.00023602,-72.4004211425781
9000000.00023603,-72.0580062866211
9000000.00023603,-71.6919631958008
9000000.00023604,-71.3115692138672
9000000.00023604,-70.9260940551758
9000000.00023605,-70.5448150634766
9000000.00023605,-70.177001953125
9000000.00023606,-69.8319473266602
9000000.00023606,-69.5156173706055
9000000.00023607,-69.1929931640625
9000000.00023607,-68.8552093505859
9000000.00023608,-68.5061798095703
9000000.00023608,-68.1497955322266
9000000.00023609,-67.7899627685547
9000000.00023609,-67.4305801391602
9000000.0002361,-67.0755462646484
9000000.0002361,-66.728759765625
9000000.00023611,-66.3941192626953
9000000.00023611,-66.0755310058594
9000000.00023612,-65.7768936157227
9000000.00023612,-65.5021057128906
9000000.00023613,-65.2550659179688
9000000.00023613,-65.0284194946289
9000000.00023614,-64.8128356933594
9000000.00023614,-64.6092529296875
9000000.00023615,-64.4186248779297
9000000.00023615,-64.2418899536133
9000000.00023616,-64.0799942016602
9000000.00023616,-63.9338912963867
9000000.00023617,-63.804515838623
9000000.00023617,-63.6928176879883
9000000.00023618,-63.599739074707
9000000.00023618,-63.5262298583984
9000000.00023619,-63.4732284545898
9000000.00023619,-63.4416847229004
9000000.0002362,-63.4317588806152
9000000.0002362,-63.4413223266602
9000000.00023621,-63.4699897766113
9000000.00023621,-63.5175476074219
9000000.00023622,-63.5837860107422
9000000.00023622,-63.6684951782227
9000000.00023623,-63.7714614868164
9000000.00023623,-63.8924751281738
9000000.00023624,-64.0313262939453
9000000.00023624,-64.1877975463867
9000000.00023625,-64.361686706543
9000000.00023625,-64.5527725219727
9000000.00023626,-64.760856628418
9000000.00023626,-64.9870758056641
9000000.00023627,-65.2472763061523
9000000.00023627,-65.541862487793
9000000.00023628,-65.8654327392578
9000000.00023628,-66.2125854492188
9000000.00023629,-66.5779113769531
9000000.00023629,-66.9560165405273
9000000.0002363,-67.3414993286133
9000000.0002363,-67.7289428710938
9000000.00023631,-68.1129608154297
9000000.00023631,-68.488151550293
9000000.00023632,-68.8490982055664
9000000.00023632,-69.1904067993164
9000000.00023633,-69.5066757202148
9000000.00023633,-69.8179550170898
9000000.00023634,-70.1438293457031
9000000.00023634,-70.4781951904297
9000000.00023635,-70.8149490356445
9000000.00023635,-71.1479797363281
9000000.00023636,-71.4711837768555
9000000.00023636,-71.7784652709961
9000000.00023637,-72.0637054443359
9000000.00023637,-72.3208160400391
9000000.00023638,-72.5436782836914
9000000.00023638,-72.7261962890625
9000000.00023639,-72.8622665405273
9000000.00023639,-72.9457778930664
9000000.0002364,-72.9718933105469
9000000.0002364,-72.9439468383789
9000000.00023641,-72.8674392700195
9000000.00023641,-72.7477645874023
9000000.00023642,-72.59033203125
9000000.00023642,-72.4005355834961
9000000.00023643,-72.1837768554688
9000000.00023643,-71.945442199707
9000000.00023644,-71.6909484863281
9000000.00023644,-71.4256820678711
9000000.00023645,-71.1550369262695
9000000.00023645,-70.8844299316406
9000000.00023646,-70.6192398071289
9000000.00023646,-70.3623657226563
9000000.00023647,-70.0863494873047
9000000.00023647,-69.7859420776367
9000000.00023648,-69.4659118652344
9000000.00023648,-69.1310195922852
9000000.00023649,-68.7860260009766
9000000.00023649,-68.4356994628906
9000000.0002365,-68.0847930908203
9000000.0002365,-67.7380828857422
9000000.00023651,-67.4003143310547
9000000.00023651,-67.0762634277344
9000000.00023652,-66.7706832885742
9000000.00023652,-66.4883422851563
9000000.00023653,-66.234001159668
9000000.00023653,-65.9974975585938
9000000.00023654,-65.7666473388672
9000000.00023654,-65.5431671142578
9000000.00023655,-65.3287887573242
9000000.00023655,-65.125244140625
9000000.00023656,-64.9342498779297
9000000.00023656,-64.7575378417969
9000000.00023657,-64.5968399047852
9000000.00023657,-64.4538650512695
9000000.00023658,-64.3303604125977
9000000.00023658,-64.2280349731445
9000000.00023659,-64.1486282348633
9000000.00023659,-64.0938568115234
9000000.0002366,-64.0632476806641
9000000.0002366,-64.0507507324219
9000000.00023661,-64.056282043457
9000000.00023661,-64.0802917480469
9000000.00023662,-64.1232223510742
9000000.00023662,-64.1855239868164
9000000.00023663,-64.2676391601563
9000000.00023663,-64.3700103759766
9000000.00023664,-64.4930801391602
9000000.00023664,-64.6373062133789
9000000.00023665,-64.8031311035156
9000000.00023665,-64.9909896850586
9000000.00023666,-65.2013397216797
9000000.00023666,-65.4356994628906
9000000.00023667,-65.7069702148438
9000000.00023667,-66.0149002075195
9000000.00023668,-66.3545532226563
9000000.00023668,-66.7209548950195
9000000.00023669,-67.1091613769531
9000000.00023669,-67.5142059326172
9000000.0002367,-67.9311447143555
9000000.0002367,-68.3550033569336
9000000.00023671,-68.7808380126953
9000000.00023671,-69.2036895751953
9000000.00023672,-69.6185989379883
9000000.00023672,-70.0206146240234
9000000.00023673,-70.4047698974609
9000000.00023673,-70.7939071655273
9000000.00023674,-71.208984375
9000000.00023674,-71.6422424316406
9000000.00023675,-72.0859298706055
9000000.00023675,-72.5322799682617
9000000.00023676,-72.9735412597656
9000000.00023676,-73.4019546508789
9000000.00023677,-73.8097534179688
9000000.00023677,-74.1891860961914
9000000.00023678,-74.5325012207031
9000000.00023678,-74.8319244384766
9000000.00023679,-75.0797119140625
9000000.00023679,-75.2680969238281
9000000.0002368,-75.3949890136719
9000000.0002368,-75.4757995605469
9000000.00023681,-75.5143051147461
9000000.00023681,-75.5130386352539
9000000.00023682,-75.4745330810547
9000000.00023682,-75.4013214111328
9000000.00023683,-75.2959518432617
9000000.00023683,-75.1609649658203
9000000.00023684,-74.9988861083984
9000000.00023684,-74.812255859375
9000000.00023685,-74.6036148071289
9000000.00023685,-74.3754959106445
9000000.00023686,-74.1304473876953
9000000.00023686,-73.868293762207
9000000.00023687,-73.5582962036133
9000000.00023687,-73.1977386474609
9000000.00023688,-72.7951736450195
9000000.00023688,-72.359130859375
9000000.00023689,-71.8981628417969
9000000.00023689,-71.4207916259766
9000000.0002369,-70.9355621337891
9000000.0002369,-70.4510192871094
9000000.00023691,-69.975700378418
9000000.00023691,-69.5181350708008
9000000.00023692,-69.0868682861328
9000000.00023692,-68.6904449462891
9000000.00023693,-68.3373947143555
9000000.00023693,-68.0124969482422
9000000.00023694,-67.6959228515625
9000000.00023694,-67.3893127441406
9000000.00023695,-67.0942993164063
9000000.00023695,-66.8125228881836
9000000.00023696,-66.5456237792969
9000000.00023696,-66.2952423095703
9000000.00023697,-66.0629959106445
9000000.00023697,-65.8505477905273
9000000.00023698,-65.6595153808594
9000000.00023698,-65.4915390014648
9000000.00023699,-65.3482666015625
9000000.00023699,-65.2313232421875
9000000.000237,-65.1397323608398
9000000.000237,-65.066291809082
9000000.00023701,-65.0113525390625
9000000.00023701,-64.9758987426758
9000000.00023702,-64.9609222412109
9000000.00023702,-64.967399597168
9000000.00023703,-64.9963226318359
9000000.00023703,-65.0486831665039
9000000.00023704,-65.1254653930664
9000000.00023704,-65.227653503418
9000000.00023705,-65.3562393188477
9000000.00023705,-65.5121994018555
9000000.00023706,-65.696533203125
9000000.00023706,-65.9120712280273
9000000.00023707,-66.1809539794922
9000000.00023707,-66.5025939941406
9000000.00023708,-66.8682556152344
9000000.00023708,-67.2692337036133
9000000.00023709,-67.6968078613281
9000000.00023709,-68.1422576904297
9000000.0002371,-68.5968627929688
9000000.0002371,-69.0519180297852
9000000.00023711,-69.4987030029297
9000000.00023711,-69.9284896850586
9000000.00023712,-70.3325653076172
9000000.00023712,-70.7022247314453
9000000.00023713,-71.0287322998047
9000000.00023713,-71.3385925292969
9000000.00023714,-71.6594467163086
9000000.00023714,-71.9842910766602
9000000.00023715,-72.3061218261719
9000000.00023715,-72.6179580688477
9000000.00023716,-72.9127807617188
9000000.00023716,-73.1836013793945
9000000.00023717,-73.4234161376953
9000000.00023717,-73.6252288818359
9000000.00023718,-73.7820358276367
9000000.00023718,-73.8868408203125
9000000.00023719,-73.9326477050781
9000000.00023719,-73.9124450683594
9000000.0002372,-73.8164215087891
9000000.0002372,-73.636604309082
9000000.00023721,-73.3827056884766
9000000.00023721,-73.0654678344727
9000000.00023722,-72.6956481933594
9000000.00023722,-72.2839965820313
9000000.00023723,-71.8412475585938
9000000.00023723,-71.3781585693359
9000000.00023724,-70.9054794311523
9000000.00023724,-70.433952331543
9000000.00023725,-69.9743347167969
9000000.00023725,-69.5373611450195
9000000.00023726,-69.1337814331055
9000000.00023726,-68.7710418701172
9000000.00023727,-68.4143829345703
9000000.00023727,-68.0536346435547
9000000.00023728,-67.6912384033203
9000000.00023728,-67.3296661376953
9000000.00023729,-66.9713592529297
9000000.00023729,-66.6187744140625
9000000.0002373,-66.2743759155273
9000000.0002373,-65.9406051635742
9000000.00023731,-65.6199264526367
9000000.00023731,-65.3147888183594
9000000.00023732,-65.0276565551758
9000000.00023732,-64.7609710693359
9000000.00023733,-64.5171966552734
9000000.00023733,-64.2911071777344
9000000.00023734,-64.0764389038086
9000000.00023734,-63.8740768432617
9000000.00023735,-63.6848945617676
9000000.00023735,-63.5097732543945
9000000.00023736,-63.3495903015137
9000000.00023736,-63.2052345275879
9000000.00023737,-63.0775756835938
9000000.00023737,-62.9674987792969
9000000.00023738,-62.8758850097656
9000000.00023738,-62.8036117553711
9000000.00023739,-62.7515563964844
9000000.00023739,-62.7206039428711
9000000.0002374,-62.7102737426758
9000000.0002374,-62.7168350219727
9000000.00023741,-62.7404327392578
9000000.00023741,-62.7815475463867
9000000.00023742,-62.8406562805176
9000000.00023742,-62.9182319641113
9000000.00023743,-63.0147514343262
9000000.00023743,-63.1306991577148
9000000.00023744,-63.266544342041
9000000.00023744,-63.4227714538574
9000000.00023745,-63.5998497009277
9000000.00023745,-63.7982635498047
9000000.00023746,-64.0184860229492
9000000.00023746,-64.2618789672852
9000000.00023747,-64.5390243530273
9000000.00023747,-64.8496246337891
9000000.00023748,-65.1895217895508
9000000.00023748,-65.5545349121094
9000000.00023749,-65.9404907226563
9000000.00023749,-66.3432312011719
9000000.0002375,-66.7585754394531
9000000.0002375,-67.1823501586914
9000000.00023751,-67.6103897094727
9000000.00023751,-68.0385284423828
9000000.00023752,-68.4625854492188
9000000.00023752,-68.8783950805664
9000000.00023753,-69.2817840576172
9000000.00023753,-69.7056427001953
9000000.00023754,-70.1768569946289
9000000.00023754,-70.6822280883789
9000000.00023755,-71.2085952758789
9000000.00023755,-71.7427597045898
9000000.00023756,-72.2715530395508
9000000.00023756,-72.7817916870117
9000000.00023757,-73.2602844238281
9000000.00023757,-73.6938629150391
9000000.00023758,-74.0693435668945
9000000.00023758,-74.37353515625
9000000.00023759,-74.5932693481445
9000000.00023759,-74.7153549194336
9000000.0002376,-74.7280578613281
9000000.0002376,-74.6350021362305
9000000.00023761,-74.449104309082
9000000.00023761,-74.1834030151367
9000000.00023762,-73.8509216308594
9000000.00023762,-73.4646987915039
9000000.00023763,-73.0377731323242
9000000.00023763,-72.5831756591797
9000000.00023764,-72.1139450073242
9000000.00023764,-71.6431198120117
9000000.00023765,-71.1837310791016
9000000.00023765,-70.7488098144531
9000000.00023766,-70.3514022827148
9000000.00023766,-70.0004653930664
9000000.00023767,-69.6532211303711
9000000.00023767,-69.2973251342773
9000000.00023768,-68.9359664916992
9000000.00023768,-68.5723648071289
9000000.00023769,-68.2096939086914
9000000.00023769,-67.8511734008789
9000000.0002377,-67.4999847412109
9000000.0002377,-67.1593399047852
9000000.00023771,-66.8324356079102
9000000.00023771,-66.5224685668945
9000000.00023772,-66.2326278686523
9000000.00023772,-65.9661331176758
9000000.00023773,-65.7261657714844
9000000.00023773,-65.5074234008789
9000000.00023774,-65.3027572631836
9000000.00023774,-65.1125717163086
9000000.00023775,-64.9373016357422
9000000.00023775,-64.7773590087891
9000000.00023776,-64.6331634521484
9000000.00023776,-64.5051422119141
9000000.00023777,-64.3936996459961
9000000.00023777,-64.2992630004883
9000000.00023778,-64.2222595214844
9000000.00023778,-64.1631011962891
9000000.00023779,-64.122200012207
9000000.00023779,-64.0999908447266
9000000.0002378,-64.0976715087891
9000000.0002378,-64.1174621582031
9000000.00023781,-64.1582641601563
9000000.00023781,-64.2187805175781
9000000.00023782,-64.2976989746094
9000000.00023782,-64.3936996459961
9000000.00023783,-64.5054779052734
9000000.00023783,-64.6317291259766
9000000.00023784,-64.7711334228516
9000000.00023784,-64.9223785400391
9000000.00023785,-65.0841674804688
9000000.00023785,-65.2551727294922
9000000.00023786,-65.4340972900391
9000000.00023786,-65.6205062866211
9000000.00023787,-65.8243026733398
9000000.00023787,-66.0467910766602
9000000.00023788,-66.2856826782227
9000000.00023788,-66.5386734008789
9000000.00023789,-66.8034820556641
9000000.00023789,-67.0777969360352
9000000.0002379,-67.3593368530273
9000000.0002379,-67.6457977294922
9000000.00023791,-67.9348831176758
9000000.00023791,-68.2243041992188
9000000.00023792,-68.5117568969727
9000000.00023792,-68.7949523925781
9000000.00023793,-69.0715942382813
9000000.00023793,-69.3588333129883
9000000.00023794,-69.6708374023438
9000000.00023794,-70.0008010864258
9000000.00023795,-70.3419342041016
9000000.00023795,-70.6874389648438
9000000.00023796,-71.030517578125
9000000.00023796,-71.3643798828125
9000000.00023797,-71.6822280883789
9000000.00023797,-71.9772644042969
9000000.00023798,-72.2426986694336
9000000.00023798,-72.4717254638672
9000000.00023799,-72.6575546264648
9000000.00023799,-72.7933883666992
9000000.000238,-72.8769454956055
9000000.000238,-72.9204711914063
9000000.00023801,-72.9276275634766
9000000.00023801,-72.901123046875
9000000.00023802,-72.8436584472656
9000000.00023802,-72.7579498291016
9000000.00023803,-72.6466903686523
9000000.00023803,-72.5126037597656
9000000.00023804,-72.3583831787109
9000000.00023804,-72.1867370605469
9000000.00023805,-72.000373840332
9000000.00023805,-71.802001953125
9000000.00023806,-71.5943298339844
9000000.00023806,-71.3778915405273
9000000.00023807,-71.1281356811523
9000000.00023807,-70.8423004150391
9000000.00023808,-70.5265808105469
9000000.00023808,-70.1871566772461
9000000.00023809,-69.8302230834961
9000000.00023809,-69.4619750976563
9000000.0002381,-69.0885925292969
9000000.0002381,-68.7162780761719
9000000.00023811,-68.3512115478516
9000000.00023811,-67.9995880126953
9000000.00023812,-67.667594909668
9000000.00023812,-67.3614273071289
9000000.00023813,-67.0872650146484
9000000.00023813,-66.8323669433594
9000000.00023814,-66.5811996459961
9000000.00023814,-66.3357772827148
9000000.00023815,-66.0981292724609
9000000.00023815,-65.8702697753906
9000000.00023816,-65.6542282104492
9000000.00023816,-65.452018737793
9000000.00023817,-65.2656707763672
9000000.00023817,-65.0971908569336
9000000.00023818,-64.948616027832
9000000.00023818,-64.8219604492188
9000000.00023819,-64.7192459106445
9000000.00023819,-64.6424865722656
9000000.0002382,-64.5916976928711
9000000.0002382,-64.5613555908203
9000000.00023821,-64.5509185791016
9000000.00023821,-64.5602951049805
9000000.00023822,-64.5894165039063
9000000.00023822,-64.63818359375
9000000.00023823,-64.7065277099609
9000000.00023823,-64.7943649291992
9000000.00023824,-64.9016189575195
9000000.00023824,-65.028190612793
9000000.00023825,-65.1740112304688
9000000.00023825,-65.3390045166016
9000000.00023826,-65.5230712890625
9000000.00023826,-65.7276000976563
9000000.00023827,-65.9697875976563
9000000.00023827,-66.2499084472656
9000000.00023828,-66.5619964599609
9000000.00023828,-66.9000396728516
9000000.00023829,-67.2580642700195
9000000.00023829,-67.6300735473633
9000000.0002383,-68.0100784301758
9000000.0002383,-68.39208984375
9000000.00023831,-68.7701110839844
9000000.00023831,-69.1381607055664
9000000.00023832,-69.4902420043945
9000000.00023832,-69.8203735351563
9000000.00023833,-70.1225509643555
9000000.00023833,-70.4166107177734
9000000.00023834,-70.7226181030273
9000000.00023834,-71.0349884033203
9000000.00023835,-71.3481216430664
9000000.00023835,-71.6564331054688
9000000.00023836,-71.9543228149414
9000000.00023836,-72.236198425293
9000000.00023837,-72.4964599609375
9000000.00023837,-72.7295227050781
9000000.00023838,-72.9297943115234
9000000.00023838,-73.091667175293
9000000.00023839,-73.2095642089844
9000000.00023839,-73.2778701782227
9000000.0002384,-73.2921600341797
9000000.0002384,-73.2554244995117
9000000.00023841,-73.172737121582
9000000.00023841,-73.0490417480469
9000000.00023842,-72.8893127441406
9000000.00023842,-72.6985168457031
9000000.00023843,-72.4816055297852
9000000.00023843,-72.2435531616211
9000000.00023844,-71.9893188476563
9000000.00023844,-71.7238616943359
9000000.00023845,-71.4521560668945
9000000.00023845,-71.1791534423828
9000000.00023846,-70.9098205566406
9000000.00023846,-70.6467361450195
9000000.00023847,-70.3638076782227
9000000.00023847,-70.0561981201172
9000000.00023848,-69.7285842895508
9000000.00023848,-69.3856582641602
9000000.00023849,-69.032096862793
9000000.00023849,-68.6725769042969
9000000.0002385,-68.3117828369141
9000000.0002385,-67.9543991088867
9000000.00023851,-67.605110168457
9000000.00023851,-67.2685852050781
9000000.00023852,-66.9495162963867
9000000.00023852,-66.6525802612305
9000000.00023853,-66.3824615478516
9000000.00023853,-66.129638671875
9000000.00023854,-65.882453918457
9000000.00023854,-65.6423797607422
9000000.00023855,-65.4108734130859
9000000.00023855,-65.1894073486328
9000000.00023856,-64.9794387817383
9000000.00023856,-64.7824478149414
9000000.00023857,-64.5998992919922
9000000.00023857,-64.4332580566406
9000000.00023858,-64.2839813232422
9000000.00023858,-64.1535491943359
9000000.00023859,-64.0434265136719
9000000.00023859,-63.9550704956055
9000000.0002386,-63.8880996704102
9000000.0002386,-63.8374137878418
9000000.00023861,-63.8029327392578
9000000.00023861,-63.7850227355957
9000000.00023862,-63.7840347290039
9000000.00023862,-63.8003425598145
9000000.00023863,-63.8342971801758
9000000.00023863,-63.8862724304199
9000000.00023864,-63.9566192626953
9000000.00023864,-64.0457000732422
9000000.00023865,-64.1538848876953
9000000.00023865,-64.2815322875977
9000000.00023866,-64.4290008544922
9000000.00023866,-64.5958023071289
9000000.00023867,-64.7720565795898
9000000.00023867,-64.9572982788086
9000000.00023868,-65.1547012329102
9000000.00023868,-65.3674087524414
9000000.00023869,-65.5985794067383
9000000.00023869,-65.8513793945313
9000000.0002387,-66.1289596557617
9000000.0002387,-66.4344787597656
9000000.00023871,-66.7711029052734
9000000.00023871,-67.141975402832
9000000.00023872,-67.5502700805664
9000000.00023872,-67.999137878418
9000000.00023873,-68.4917297363281
9000000.00023873,-69.0699310302734
9000000.00023874,-69.7585220336914
9000000.00023874,-70.5349731445313
9000000.00023875,-71.3768005371094
9000000.00023875,-72.261474609375
9000000.00023876,-73.16650390625
9000000.00023876,-74.0693664550781
9000000.00023877,-74.9475708007813
9000000.00023877,-75.7785949707031
9000000.00023878,-76.5399398803711
9000000.00023878,-77.2090911865234
9000000.00023879,-77.763542175293
9000000.00023879,-78.180793762207
9000000.0002388,-78.4506912231445
9000000.0002388,-78.6067504882813
9000000.00023881,-78.6631240844727
9000000.00023881,-78.6315231323242
9000000.00023882,-78.5236434936523
9000000.00023882,-78.3511734008789
9000000.00023883,-78.1258316040039
9000000.00023883,-77.8592987060547
9000000.00023884,-77.5632858276367
9000000.00023884,-77.2494812011719
9000000.00023885,-76.9296035766602
9000000.00023885,-76.6153335571289
9000000.00023886,-76.3183746337891
9000000.00023886,-76.0460052490234
9000000.00023887,-75.7506713867188
9000000.00023887,-75.4211654663086
9000000.00023888,-75.0635986328125
9000000.00023888,-74.6840667724609
9000000.00023889,-74.2886734008789
9000000.00023889,-73.8835220336914
9000000.0002389,-73.4747009277344
9000000.0002389,-73.0683364868164
9000000.00023891,-72.6705093383789
9000000.00023891,-72.2873306274414
9000000.00023892,-71.9248962402344
9000000.00023892,-71.5893173217773
9000000.00023893,-71.2866897583008
9000000.00023893,-71.0094604492188
9000000.00023894,-70.7457122802734
9000000.00023894,-70.4949798583984
9000000.00023895,-70.2568359375
9000000.00023895,-70.0308303833008
9000000.00023896,-69.8165054321289
9000000.00023896,-69.6134185791016
9000000.00023897,-69.4211273193359
9000000.00023897,-69.2391738891602
9000000.00023898,-69.0671234130859
9000000.00023898,-68.9045181274414
9000000.00023899,-68.7509155273438
9000000.00023899,-68.6058654785156
9000000.000239,-68.4684448242188
9000000.000239,-68.337287902832
9000000.00023901,-68.2132720947266
9000000.00023901,-68.0973968505859
9000000.00023902,-67.9906845092773
9000000.00023902,-67.8941497802734
9000000.00023903,-67.8087921142578
9000000.00023903,-67.7356262207031
9000000.00023904,-67.6756744384766
9000000.00023904,-67.6299362182617
9000000.00023905,-67.5994338989258
9000000.00023905,-67.5851745605469
9000000.00023906,-67.5881652832031
9000000.00023906,-67.6094589233398
9000000.00023907,-67.649772644043
9000000.00023907,-67.7082138061523
9000000.00023908,-67.7835845947266
9000000.00023908,-67.8747100830078
9000000.00023909,-67.9804229736328
9000000.00023909,-68.0995178222656
9000000.0002391,-68.2308349609375
9000000.0002391,-68.373176574707
9000000.00023911,-68.5253677368164
9000000.00023911,-68.6862335205078
9000000.00023912,-68.8545837402344
9000000.00023912,-69.0292434692383
9000000.00023913,-69.2090301513672
9000000.00023913,-69.4097442626953
9000000.00023914,-69.6434020996094
9000000.00023914,-69.9031066894531
9000000.00023915,-70.1819534301758
9000000.00023915,-70.4730682373047
9000000.00023916,-70.7695388793945
9000000.00023916,-71.0644836425781
9000000.00023917,-71.3510055541992
9000000.00023917,-71.6222152709961
9000000.00023918,-71.8712158203125
9000000.00023918,-72.0911102294922
9000000.00023919,-72.2750091552734
9000000.00023919,-72.4160232543945
9000000.0002392,-72.5135498046875
9000000.0002392,-72.5847930908203
9000000.00023921,-72.6320877075195
9000000.00023921,-72.6563262939453
9000000.00023922,-72.6584243774414
9000000.00023922,-72.6392822265625
9000000.00023923,-72.5997924804688
9000000.00023923,-72.5408706665039
9000000.00023924,-72.4634170532227
9000000.00023924,-72.3683395385742
9000000.00023925,-72.2565307617188
9000000.00023925,-72.1288909912109
9000000.00023926,-71.9863433837891
9000000.00023926,-71.8281860351563
9000000.00023927,-71.6361541748047
9000000.00023927,-71.4091873168945
9000000.00023928,-71.1529159545898
9000000.00023928,-70.8729629516602
9000000.00023929,-70.5749588012695
9000000.00023929,-70.264518737793
9000000.0002393,-69.9472885131836
9000000.0002393,-69.6288757324219
9000000.00023931,-69.3149185180664
9000000.00023931,-69.0110321044922
9000000.00023932,-68.7228622436523
9000000.00023932,-68.4560165405273
9000000.00023933,-68.2161254882813
9000000.00023933,-67.9898300170898
9000000.00023934,-67.7617950439453
9000000.00023934,-67.5347366333008
9000000.00023935,-67.3113479614258
9000000.00023935,-67.0943298339844
9000000.00023936,-66.8863983154297
9000000.00023936,-66.6902465820313
9000000.00023937,-66.5085830688477
9000000.00023937,-66.344108581543
9000000.00023938,-66.1995162963867
9000000.00023938,-66.0775299072266
9000000.00023939,-65.9808349609375
9000000.00023939,-65.9121398925781
9000000.0002394,-65.8697662353516
9000000.0002394,-65.841667175293
9000000.00023941,-65.8284759521484
9000000.00023941,-65.8318634033203
9000000.00023942,-65.8535308837891
9000000.00023942,-65.8951568603516
9000000.00023943,-65.9584503173828
9000000.00023943,-66.0450820922852
9000000.00023944,-66.1567611694336
9000000.00023944,-66.2951583862305
9000000.00023945,-66.4619750976563
9000000.00023945,-66.6588973999023
9000000.00023946,-66.8876190185547
9000000.00023946,-67.1499252319336
9000000.00023947,-67.4475631713867
9000000.00023947,-67.7790298461914
9000000.00023948,-68.1421661376953
9000000.00023948,-68.5348129272461
9000000.00023949,-68.9547958374023
9000000.00023949,-69.3999633789063
9000000.0002395,-69.8681488037109
9000000.0002395,-70.3571853637695
9000000.00023951,-70.8649215698242
9000000.00023951,-71.3891830444336
9000000.00023952,-71.9278106689453
9000000.00023952,-72.4786376953125
9000000.00023953,-73.0395202636719
9000000.00023953,-73.6483993530273
9000000.00023954,-74.3333511352539
9000000.00023954,-75.0773773193359
9000000.00023955,-75.8634567260742
9000000.00023955,-76.6745834350586
9000000.00023956,-77.4937515258789
9000000.00023956,-78.3039627075195
9000000.00023957,-79.0881881713867
9000000.00023957,-79.8294448852539
9000000.00023958,-80.5107040405273
9000000.00023958,-81.1149673461914
9000000.00023959,-81.6252288818359
9000000.00023959,-82.0244750976563
9000000.0002396,-82.3034439086914
9000000.0002396,-82.4830474853516
9000000.00023961,-82.5752563476563
9000000.00023961,-82.5906143188477
9000000.00023962,-82.5396728515625
9000000.00023962,-82.432975769043
9000000.00023963,-82.2810668945313
9000000.00023963,-82.0944976806641
9000000.00023964,-81.8838119506836
9000000.00023964,-81.6595458984375
9000000.00023965,-81.432258605957
9000000.00023965,-81.2124938964844
9000000.00023966,-81.0107955932617
9000000.00023966,-80.8346633911133
9000000.00023967,-80.6522903442383
9000000.00023967,-80.4537353515625
9000000.00023968,-80.240592956543
9000000.00023968,-80.0144500732422
9000000.00023969,-79.7768936157227
9000000.00023969,-79.5295333862305
9000000.0002397,-79.2739562988281
9000000.0002397,-79.0117492675781
9000000.00023971,-78.744514465332
9000000.00023971,-78.4738388061523
9000000.00023972,-78.2013244628906
9000000.00023972,-77.9285507202148
9000000.00023973,-77.6571197509766
9000000.00023973,-77.3819046020508
9000000.00023974,-77.0976486206055
9000000.00023974,-76.805778503418
9000000.00023975,-76.5077133178711
9000000.00023975,-76.2048721313477
9000000.00023976,-75.8986740112305
9000000.00023976,-75.5905303955078
9000000.00023977,-75.2818756103516
9000000.00023977,-74.9741134643555
9000000.00023978,-74.6686782836914
9000000.00023978,-74.3669738769531
9000000.00023979,-74.0704345703125
9000000.00023979,-73.7804718017578
9000000.0002398,-73.4932708740234
9000000.0002398,-73.1944427490234
9000000.00023981,-72.8866348266602
9000000.00023981,-72.5738677978516
9000000.00023982,-72.260139465332
9000000.00023982,-71.949462890625
9000000.00023983,-71.6458511352539
9000000.00023983,-71.3533096313477
9000000.00023984,-71.0758514404297
9000000.00023984,-70.8174896240234
9000000.00023985,-70.5822219848633
9000000.00023985,-70.3740768432617
9000000.00023986,-70.1970443725586
9000000.00023986,-70.0541000366211
9000000.00023987,-69.9343566894531
9000000.00023987,-69.8340530395508
9000000.00023988,-69.7533645629883
9000000.00023988,-69.6924667358398
9000000.00023989,-69.6515274047852
9000000.00023989,-69.6307373046875
9000000.0002399,-69.630256652832
9000000.0002399,-69.650260925293
9000000.00023991,-69.6909332275391
9000000.00023991,-69.75244140625
9000000.00023992,-69.8349685668945
9000000.00023992,-69.9386825561523
9000000.00023993,-70.0637588500977
9000000.00023993,-70.2263565063477
9000000.00023994,-70.4371948242188
9000000.00023994,-70.6883010864258
9000000.00023995,-70.9716949462891
9000000.00023995,-71.2793960571289
9000000.00023996,-71.6034240722656
9000000.00023996,-71.9358062744141
9000000.00023997,-72.2685470581055
9000000.00023997,-72.5936889648438
9000000.00023998,-72.9032440185547
9000000.00023998,-73.1892318725586
9000000.00023999,-73.4436721801758
9000000.00023999,-73.6585922241211
9000000.00024,-73.8356170654297
9000000.00024,-74.0010452270508
9000000.00024001,-74.1557312011719
9000000.00024001,-74.2982482910156
9000000.00024002,-74.4271774291992
9000000.00024002,-74.5410842895508
9000000.00024003,-74.638557434082
9000000.00024003,-74.7181549072266
9000000.00024004,-74.7784652709961
9000000.00024004,-74.8180541992188
9000000.00024005,-74.8355026245117
9000000.00024005,-74.8293838500977
9000000.00024006,-74.7982711791992
9000000.00024006,-74.7398910522461
9000000.00024007,-74.6436996459961
9000000.00024007,-74.5108413696289
9000000.00024008,-74.3463363647461
9000000.00024008,-74.1552200317383
9000000.00024009,-73.9425048828125
9000000.00024009,-73.7132263183594
9000000.0002401,-73.4724044799805
9000000.0002401,-73.2250671386719
9000000.00024011,-72.9762344360352
9000000.00024011,-72.7309341430664
9000000.00024012,-72.4941864013672
9000000.00024012,-72.2710189819336
9000000.00024013,-72.0664596557617
9000000.00024013,-71.86962890625
9000000.00024014,-71.6675567626953
9000000.00024014,-71.4621429443359
9000000.00024015,-71.2552871704102
9000000.00024015,-71.0488891601563
9000000.00024016,-70.844841003418
9000000.00024016,-70.6450424194336
9000000.00024017,-70.4513931274414
9000000.00024017,-70.2657852172852
9000000.00024018,-70.0901260375977
9000000.00024018,-69.9263000488281
9000000.00024019,-69.7762145996094
9000000.00024019,-69.6417617797852
9000000.0002402,-69.5213088989258
9000000.0002402,-69.4051666259766
9000000.00024021,-69.2941284179688
9000000.00024021,-69.1898498535156
9000000.00024022,-69.0940093994141
9000000.00024022,-69.0082702636719
9000000.00024023,-68.9342956542969
9000000.00024023,-68.8737640380859
9000000.00024024,-68.8283386230469
9000000.00024024,-68.7996826171875
9000000.00024025,-68.7894744873047
9000000.00024025,-68.7993698120117
9000000.00024026,-68.8310394287109
9000000.00024026,-68.8852615356445
9000000.00024027,-68.9521255493164
9000000.00024027,-69.0299911499023
9000000.00024028,-69.1208419799805
9000000.00024028,-69.2266387939453
9000000.00024029,-69.349365234375
9000000.00024029,-69.4909896850586
9000000.0002403,-69.6534805297852
9000000.0002403,-69.8388137817383
9000000.00024031,-70.0489654541016
9000000.00024031,-70.2859039306641
9000000.00024032,-70.5516052246094
9000000.00024032,-70.8480453491211
9000000.00024033,-71.1771850585938
9000000.00024033,-71.5630187988281
9000000.00024034,-72.01953125
9000000.00024034,-72.5337219238281
9000000.00024035,-73.0926055908203
9000000.00024035,-73.6831817626953
9000000.00024036,-74.2924423217773
9000000.00024036,-74.9074020385742
9000000.00024037,-75.5150527954102
9000000.00024037,-76.1024017333984
9000000.00024038,-76.6564483642578
9000000.00024038,-77.1641998291016
9000000.00024039,-77.6126480102539
9000000.00024039,-77.9888076782227
9000000.0002404,-78.2940673828125
9000000.0002404,-78.5678024291992
9000000.00024041,-78.8124008178711
9000000.00024041,-79.0268859863281
9000000.00024042,-79.2102813720703
9000000.00024042,-79.3615951538086
9000000.00024043,-79.4798583984375
9000000.00024043,-79.5640869140625
9000000.00024044,-79.6132965087891
9000000.00024044,-79.6265106201172
9000000.00024045,-79.6027450561523
9000000.00024045,-79.5410308837891
9000000.00024046,-79.4403686523438
9000000.00024046,-79.2976531982422
9000000.00024047,-79.0872344970703
9000000.00024047,-78.8096694946289
9000000.00024048,-78.4749069213867
9000000.00024048,-78.0928802490234
9000000.00024049,-77.6735305786133
9000000.00024049,-77.226806640625
9000000.0002405,-76.7626571655273
9000000.0002405,-76.2910079956055
9000000.00024051,-75.8218078613281
9000000.00024051,-75.3650054931641
9000000.00024052,-74.930534362793
9000000.00024052,-74.5283508300781
9000000.00024053,-74.1683807373047
9000000.00024053,-73.8356323242188
9000000.00024054,-73.5088729858398
9000000.00024054,-73.1886749267578
9000000.00024055,-72.875617980957
9000000.00024055,-72.5702819824219
9000000.00024056,-72.2732391357422
9000000.00024056,-71.9850692749023
9000000.00024057,-71.7063446044922
9000000.00024057,-71.4376525878906
9000000.00024058,-71.179573059082
9000000.00024058,-70.9326705932617
9000000.00024059,-70.6975250244141
9000000.00024059,-70.474723815918
9000000.0002406,-70.2623748779297
9000000.0002406,-70.0537185668945
9000000.00024061,-69.8500900268555
9000000.00024061,-69.6534805297852
9000000.00024062,-69.4658660888672
9000000.00024062,-69.2892303466797
9000000.00024063,-69.1255645751953
9000000.00024063,-68.9768524169922
9000000.00024064,-68.8450698852539
9000000.00024064,-68.7322082519531
9000000.00024065,-68.640251159668
9000000.00024065,-68.5711822509766
9000000.00024066,-68.5269775390625
9000000.00024066,-68.5078964233398
9000000.00024067,-68.4943313598633
9000000.00024067,-68.4842300415039
9000000.00024068,-68.4826889038086
9000000.00024068,-68.4948425292969
9000000.00024069,-68.5257797241211
9000000.00024069,-68.5806198120117
9000000.0002407,-68.6644744873047
9000000.0002407,-68.7824478149414
9000000.00024071,-68.9396591186523
9000000.00024071,-69.1412048339844
9000000.00024072,-69.3922119140625
9000000.00024072,-69.6977844238281
9000000.00024073,-70.0630264282227
9000000.00024073,-70.5369033813477
9000000.00024074,-71.1467971801758
9000000.00024074,-71.8654251098633
9000000.00024075,-72.66552734375
9000000.00024075,-73.5198211669922
9000000.00024076,-74.4010314941406
9000000.00024076,-75.2818908691406
9000000.00024077,-76.135124206543
9000000.00024077,-76.9334564208984
9000000.00024078,-77.6496200561523
9000000.00024078,-78.2563323974609
9000000.00024079,-78.7263336181641
9000000.00024079,-79.032341003418
9000000.0002408,-79.1600646972656
9000000.0002408,-79.1445846557617
9000000.00024081,-79.0046463012695
9000000.00024081,-78.7565765380859
9000000.00024082,-78.4166717529297
9000000.00024082,-78.0012512207031
9000000.00024083,-77.5266265869141
9000000.00024083,-77.0091094970703
9000000.00024084,-76.4650115966797
9000000.00024084,-75.91064453125
9000000.00024085,-75.3623199462891
9000000.00024085,-74.8363571166992
9000000.00024086,-74.3490600585938
9000000.00024086,-73.9112701416016
9000000.00024087,-73.4650573730469
9000000.00024087,-72.9949035644531
9000000.00024088,-72.5063705444336
9000000.00024088,-72.0050201416016
9000000.00024089,-71.4964065551758
9000000.00024089,-70.986083984375
9000000.0002409,-70.4796295166016
9000000.0002409,-69.9825897216797
9000000.00024091,-69.5005187988281
9000000.00024091,-69.0389938354492
9000000.00024092,-68.6035614013672
9000000.00024092,-68.1997909545898
9000000.00024093,-67.8332290649414
9000000.00024093,-67.4942626953125
9000000.00024094,-67.1701965332031
9000000.00024094,-66.861930847168
9000000.00024095,-66.5704116821289
9000000.00024095,-66.2965393066406
9000000.00024096,-66.0412521362305
9000000.00024096,-65.8054580688477
9000000.00024097,-65.590087890625
9000000.00024097,-65.3960647583008
9000000.00024098,-65.2242965698242
9000000.00024098,-65.0757217407227
9000000.00024099,-64.9512557983398
9000000.00024099,-64.8518218994141
9000000.000241,-64.7751541137695
9000000.000241,-64.712532043457
9000000.00024101,-64.6654891967773
9000000.00024101,-64.6364059448242
9000000.00024102,-64.6276321411133
9000000.00024102,-64.6415557861328
9000000.00024103,-64.680534362793
9000000.00024103,-64.7469329833984
9000000.00024104,-64.843132019043
9000000.00024104,-64.9714889526367
9000000.00024105,-65.1343765258789
9000000.00024105,-65.3341598510742
9000000.00024106,-65.5732116699219
9000000.00024106,-65.8557052612305
9000000.00024107,-66.2038726806641
9000000.00024107,-66.615852355957
9000000.00024108,-67.0816497802734
9000000.00024108,-67.5912551879883
9000000.00024109,-68.1346588134766
9000000.00024109,-68.7018508911133
9000000.0002411,-69.2828369140625
9000000.0002411,-69.8675918579102
9000000.00024111,-70.4461288452148
9000000.00024111,-71.008430480957
9000000.00024112,-71.5444946289063
9000000.00024112,-72.044303894043
9000000.00024113,-72.4978713989258
9000000.00024113,-72.9343643188477
9000000.00024114,-73.3847045898438
9000000.00024114,-73.841438293457
9000000.00024115,-74.2971343994141
9000000.00024115,-74.7443466186523
9000000.00024116,-75.1756439208984
9000000.00024116,-75.5835876464844
9000000.00024117,-75.9607238769531
9000000.00024117,-76.2996292114258
9000000.00024118,-76.5928573608398
9000000.00024118,-76.8329620361328
9000000.00024119,-77.0125198364258
9000000.00024119,-77.1240844726563
9000000.0002412,-77.1560516357422
9000000.0002412,-77.0968017578125
9000000.00024121,-76.9575653076172
9000000.00024121,-76.7509841918945
9000000.00024122,-76.4897232055664
9000000.00024122,-76.1864166259766
9000000.00024123,-75.8537292480469
9000000.00024123,-75.5042953491211
9000000.00024124,-75.150764465332
9000000.00024124,-74.8058013916016
9000000.00024125,-74.4820404052734
9000000.00024125,-74.1921310424805
9000000.00024126,-73.94873046875
9000000.00024126,-73.7620620727539
9000000.00024127,-73.6085052490234
9000000.00024127,-73.4763107299805
9000000.00024128,-73.3622741699219
9000000.00024128,-73.2631759643555
9000000.00024129,-73.1758041381836
9000000.00024129,-73.0969390869141
9000000.0002413,-73.0233764648438
9000000.0002413,-72.951904296875
9000000.00024131,-72.8792953491211
9000000.00024131,-72.8023452758789
9000000.00024132,-72.7178421020508
9000000.00024132,-72.6225662231445
9000000.00024133,-72.5133056640625
9000000.00024133,-72.3924179077148
9000000.00024134,-72.2650985717773
9000000.00024134,-72.1323547363281
9000000.00024135,-71.9952239990234
9000000.00024135,-71.8547286987305
9000000.00024136,-71.7118835449219
9000000.00024136,-71.5677108764648
9000000.00024137,-71.4232406616211
9000000.00024137,-71.2795028686523
9000000.00024138,-71.1375045776367
9000000.00024138,-70.9982757568359
9000000.00024139,-70.8628387451172
9000000.00024139,-70.7322158813477
9000000.0002414,-70.6029815673828
9000000.0002414,-70.4628524780273
9000000.00024141,-70.3143081665039
9000000.00024141,-70.1609573364258
9000000.00024142,-70.0064163208008
9000000.00024142,-69.8543167114258
9000000.00024143,-69.7082824707031
9000000.00024143,-69.5719223022461
9000000.00024144,-69.448860168457
9000000.00024144,-69.3427200317383
9000000.00024145,-69.2571258544922
9000000.00024145,-69.1956939697266
9000000.00024146,-69.1620559692383
9000000.00024146,-69.1591491699219
9000000.00024147,-69.1806030273438
9000000.00024147,-69.2230529785156
9000000.00024148,-69.2854461669922
9000000.00024148,-69.3667373657227
9000000.00024149,-69.4658737182617
9000000.00024149,-69.5818023681641
9000000.0002415,-69.7134628295898
9000000.0002415,-69.8598251342773
9000000.00024151,-70.0198211669922
9000000.00024151,-70.1924057006836
9000000.00024152,-70.3765258789063
9000000.00024152,-70.5711364746094
9000000.00024153,-70.7751770019531
9000000.00024153,-71.0112915039063
9000000.00024154,-71.2959442138672
9000000.00024154,-71.6188430786133
9000000.00024155,-71.9696731567383
9000000.00024155,-72.338134765625
9000000.00024156,-72.7139358520508
9000000.00024156,-73.0867614746094
9000000.00024157,-73.4463119506836
9000000.00024157,-73.7822875976563
9000000.00024158,-74.0843887329102
9000000.00024158,-74.3423080444336
9000000.00024159,-74.5457458496094
9000000.00024159,-74.6843948364258
9000000.0002416,-74.7556838989258
9000000.0002416,-74.7806243896484
9000000.00024161,-74.7640609741211
9000000.00024161,-74.7091522216797
9000000.00024162,-74.6190490722656
9000000.00024162,-74.4969177246094
9000000.00024163,-74.3459091186523
9000000.00024163,-74.169189453125
9000000.00024164,-73.9699096679688
9000000.00024164,-73.7512359619141
9000000.00024165,-73.5163116455078
9000000.00024165,-73.268310546875
9000000.00024166,-73.0103759765625
9000000.00024166,-72.743278503418
9000000.00024167,-72.4399948120117
9000000.00024167,-72.0973205566406
9000000.00024168,-71.7219085693359
9000000.00024168,-71.3204040527344
9000000.00024169,-70.8994674682617
9000000.00024169,-70.4657363891602
9000000.0002417,-70.02587890625
9000000.0002417,-69.5865325927734
9000000.00024171,-69.1543579101563
9000000.00024171,-68.7360076904297
9000000.00024172,-68.3381271362305
9000000.00024172,-67.9673690795898
9000000.00024173,-67.6303863525391
9000000.00024173,-67.3137817382813
9000000.00024174,-67.0010757446289
9000000.00024174,-66.6942977905273
9000000.00024175,-66.3954544067383
9000000.00024175,-66.1065826416016
9000000.00024176,-65.8296966552734
9000000.00024176,-65.5668182373047
9000000.00024177,-65.3199691772461
9000000.00024177,-65.091178894043
9000000.00024178,-64.8824691772461
9000000.00024178,-64.6958541870117
9000000.00024179,-64.5333557128906
9000000.00024179,-64.3970031738281
9000000.0002418,-64.2861938476563
9000000.0002418,-64.193733215332
9000000.00024181,-64.1195602416992
9000000.00024181,-64.0642471313477
9000000.00024182,-64.0283432006836
9000000.00024182,-64.0124130249023
9000000.00024183,-64.0170211791992
9000000.00024183,-64.0427322387695
9000000.00024184,-64.0901107788086
9000000.00024184,-64.1597213745117
9000000.00024185,-64.2521133422852
9000000.00024185,-64.3678665161133
9000000.00024186,-64.5075302124023
9000000.00024186,-64.6722030639648
9000000.00024187,-64.8683776855469
9000000.00024187,-65.0956115722656
9000000.00024188,-65.3511123657227
9000000.00024188,-65.6320877075195
9000000.00024189,-65.9357223510742
9000000.00024189,-66.2592163085938
9000000.0002419,-66.5997772216797
9000000.0002419,-66.95458984375
9000000.00024191,-67.3208618164063
9000000.00024191,-67.6957931518555
9000000.00024192,-68.0765762329102
9000000.00024192,-68.4604110717773
9000000.00024193,-68.8444976806641
9000000.00024193,-69.2542190551758
9000000.00024194,-69.7098617553711
9000000.00024194,-70.2009582519531
9000000.00024195,-70.7170562744141
9000000.00024195,-71.2477035522461
9000000.00024196,-71.7824478149414
9000000.00024196,-72.3108215332031
9000000.00024197,-72.822380065918
9000000.00024197,-73.3066635131836
9000000.00024198,-73.7532119750977
9000000.00024198,-74.1515808105469
9000000.00024199,-74.4913024902344
9000000.00024199,-74.7619247436523
9000000.000242,-74.9599761962891
9000000.000242,-75.1044769287109
9000000.00024201,-75.2009963989258
9000000.00024201,-75.2536468505859
9000000.00024202,-75.2665252685547
9000000.00024202,-75.2437591552734
9000000.00024203,-75.1894378662109
9000000.00024203,-75.1076736450195
9000000.00024204,-75.002571105957
9000000.00024204,-74.8782348632813
9000000.00024205,-74.7387771606445
9000000.00024205,-74.5883026123047
9000000.00024206,-74.4309234619141
9000000.00024206,-74.2683639526367
9000000.00024207,-74.0743408203125
9000000.00024207,-73.8447952270508
9000000.00024208,-73.5852584838867
9000000.00024208,-73.3012619018555
9000000.00024209,-72.9983291625977
9000000.00024209,-72.681999206543
9000000.0002421,-72.357795715332
9000000.0002421,-72.0312423706055
9000000.00024211,-71.7078857421875
9000000.00024211,-71.3932418823242
9000000.00024212,-71.0928421020508
9000000.00024212,-70.8122177124023
9000000.00024213,-70.5569000244141
9000000.00024213,-70.3163681030273
9000000.00024214,-70.0773315429688
9000000.00024214,-69.8411636352539
9000000.00024215,-69.6092681884766
9000000.00024215,-69.3830108642578
9000000.00024216,-69.1637802124023
9000000.00024216,-68.9529647827148
9000000.00024217,-68.7519378662109
9000000.00024217,-68.5620880126953
9000000.00024218,-68.3848037719727
9000000.00024218,-68.2214584350586
9000000.00024219,-68.0734405517578
9000000.00024219,-67.9421310424805
9000000.0002422,-67.8270034790039
9000000.0002422,-67.7228317260742
9000000.00024221,-67.6296615600586
9000000.00024221,-67.5479965209961
9000000.00024222,-67.4783477783203
9000000.00024222,-67.4212112426758
9000000.00024223,-67.3771057128906
9000000.00024223,-67.3465270996094
9000000.00024224,-67.3299865722656
9000000.00024224,-67.3279876708984
9000000.00024225,-67.3410415649414
9000000.00024225,-67.3696517944336
9000000.00024226,-67.4143142700195
9000000.00024226,-67.4757919311523
9000000.00024227,-67.5571670532227
9000000.00024227,-67.6580200195313
9000000.00024228,-67.7768020629883
9000000.00024228,-67.9119644165039
9000000.00024229,-68.0619506835938
9000000.00024229,-68.225212097168
9000000.0002423,-68.4002075195313
9000000.0002423,-68.5853729248047
9000000.00024231,-68.7791595458984
9000000.00024231,-68.9800262451172
9000000.00024232,-69.1864166259766
9000000.00024232,-69.3967819213867
9000000.00024233,-69.6095657348633
9000000.00024233,-69.8394165039063
9000000.00024234,-70.0979385375977
9000000.00024234,-70.3790740966797
9000000.00024235,-70.6767501831055
9000000.00024235,-70.9848861694336
9000000.00024236,-71.2974090576172
9000000.00024236,-71.6082534790039
9000000.00024237,-71.9113388061523
9000000.00024237,-72.2005920410156
9000000.00024238,-72.4699478149414
9000000.00024238,-72.7133255004883
9000000.00024239,-72.9246597290039
9000000.00024239,-73.0978698730469
9000000.0002424,-73.2322616577148
9000000.0002424,-73.3424987792969
9000000.00024241,-73.4307861328125
9000000.00024241,-73.4981002807617
9000000.00024242,-73.5454177856445
9000000.00024242,-73.57373046875
9000000.00024243,-73.5840148925781
9000000.00024243,-73.5772552490234
9000000.00024244,-73.5544281005859
9000000.00024244,-73.5165252685547
9000000.00024245,-73.4645309448242
9000000.00024245,-73.3994140625
9000000.00024246,-73.3221588134766
9000000.00024246,-73.2326354980469
9000000.00024247,-73.1179351806641
9000000.00024247,-72.9770126342773
9000000.00024248,-72.8135147094727
9000000.00024248,-72.631103515625
9000000.00024249,-72.4334182739258
9000000.00024249,-72.22412109375
9000000.0002425,-72.0068588256836
9000000.0002425,-71.785285949707
9000000.00024251,-71.5630569458008
9000000.00024251,-71.3438262939453
9000000.00024252,-71.1312408447266
9000000.00024252,-70.9289627075195
9000000.00024253,-70.7406387329102
9000000.00024253,-70.5557098388672
9000000.00024254,-70.3629837036133
9000000.00024254,-70.1651229858398
9000000.00024255,-69.9647827148438
9000000.00024255,-69.7646255493164
9000000.00024256,-69.5673294067383
9000000.00024256,-69.3755416870117
9000000.00024257,-69.1919403076172
9000000.00024257,-69.0191802978516
9000000.00024258,-68.8599319458008
9000000.00024258,-68.7168579101563
9000000.00024259,-68.5926132202148
9000000.00024259,-68.4898681640625
9000000.0002426,-68.4056015014648
9000000.0002426,-68.3241653442383
9000000.00024261,-68.2472610473633
9000000.00024261,-68.1780090332031
9000000.00024262,-68.1195449829102
9000000.00024262,-68.0749893188477
9000000.00024263,-68.0474624633789
9000000.00024263,-68.0400924682617
9000000.00024264,-68.0560073852539
9000000.00024264,-68.0983276367188
9000000.00024265,-68.1701812744141
9000000.00024265,-68.2746963500977
9000000.00024266,-68.4149932861328
9000000.00024266,-68.5960083007813
9000000.00024267,-68.8402481079102
9000000.00024267,-69.1451950073242
9000000.00024268,-69.5000305175781
9000000.00024268,-69.8939743041992
9000000.00024269,-70.3162155151367
9000000.00024269,-70.7559661865234
9000000.0002427,-71.2024230957031
9000000.0002427,-71.6447830200195
9000000.00024271,-72.0722503662109
9000000.00024271,-72.4740371704102
9000000.00024272,-72.8393325805664
9000000.00024272,-73.1573486328125
9000000.00024273,-73.4172744750977
9000000.00024273,-73.6361770629883
9000000.00024274,-73.8376388549805
9000000.00024274,-74.0206680297852
9000000.00024275,-74.1842498779297
9000000.00024275,-74.3273849487305
9000000.00024276,-74.4490737915039
9000000.00024276,-74.5483245849609
9000000.00024277,-74.6241149902344
9000000.00024277,-74.6754608154297
9000000.00024278,-74.7013549804688
9000000.00024278,-74.7007904052734
9000000.00024279,-74.6727676391602
9000000.00024279,-74.6162872314453
9000000.0002428,-74.5251998901367
9000000.0002428,-74.3852844238281
9000000.00024281,-74.2017059326172
9000000.00024281,-73.9810562133789
9000000.00024282,-73.7299346923828
9000000.00024282,-73.4549407958984
9000000.00024283,-73.1626663208008
9000000.00024283,-72.8597030639648
9000000.00024284,-72.5526580810547
9000000.00024284,-72.2481155395508
9000000.00024285,-71.9526748657227
9000000.00024285,-71.6729354858398
9000000.00024286,-71.4154891967773
9000000.00024286,-71.1850509643555
9000000.00024287,-70.9621200561523
9000000.00024287,-70.7404632568359
9000000.00024288,-70.5209503173828
9000000.00024288,-70.3044509887695
9000000.00024289,-70.0918273925781
9000000.00024289,-69.8839492797852
9000000.0002429,-69.6816711425781
9000000.0002429,-69.4858703613281
9000000.00024291,-69.2974166870117
9000000.00024291,-69.1171646118164
9000000.00024292,-68.9459838867188
9000000.00024292,-68.7847442626953
9000000.00024293,-68.6343078613281
9000000.00024293,-68.4935073852539
9000000.00024294,-68.3605880737305
9000000.00024294,-68.2355270385742
9000000.00024295,-68.1183166503906
9000000.00024295,-68.0089263916016
9000000.00024296,-67.907356262207
9000000.00024296,-67.8135833740234
9000000.00024297,-67.7275848388672
9000000.00024297,-67.6493453979492
9000000.00024298,-67.578857421875
9000000.00024298,-67.5160980224609
9000000.00024299,-67.4610443115234
9000000.00024299,-67.413688659668
9000000.000243,-67.3728637695313
9000000.000243,-67.3353729248047
9000000.00024301,-67.3021697998047
9000000.00024301,-67.2744903564453
9000000.00024302,-67.2535858154297
9000000.00024302,-67.2407073974609
9000000.00024303,-67.2370986938477
9000000.00024303,-67.2440185546875
9000000.00024304,-67.2627029418945
9000000.00024304,-67.2944030761719
9000000.00024305,-67.3403701782227
9000000.00024305,-67.40185546875
9000000.00024306,-67.4801025390625
9000000.00024306,-67.5752716064453
9000000.00024307,-67.6750640869141
9000000.00024307,-67.7781982421875
9000000.00024308,-67.8878707885742
9000000.00024308,-68.0072784423828
9000000.00024309,-68.1396331787109
9000000.00024309,-68.2881164550781
9000000.0002431,-68.4559478759766
9000000.0002431,-68.6463241577148
9000000.00024311,-68.862434387207
9000000.00024311,-69.1074905395508
9000000.00024312,-69.3846893310547
9000000.00024312,-69.6972351074219
9000000.00024313,-70.0483245849609
9000000.00024313,-70.4736862182617
9000000.00024314,-70.9938812255859
9000000.00024314,-71.5893707275391
9000000.00024315,-72.2406158447266
9000000.00024315,-72.9280548095703
9000000.00024316,-73.6321640014648
9000000.00024316,-74.3333969116211
9000000.00024317,-75.0121994018555
9000000.00024317,-75.6490325927734
9000000.00024318,-76.2243576049805
9000000.00024318,-76.7186279296875
9000000.00024319,-77.1122970581055
9000000.00024319,-77.3858337402344
9000000.0002432,-77.5314559936523
9000000.0002432,-77.5811538696289
9000000.00024321,-77.5463790893555
9000000.00024321,-77.4361953735352
9000000.00024322,-77.2596282958984
9000000.00024322,-77.0257263183594
9000000.00024323,-76.7435531616211
9000000.00024323,-76.4221343994141
9000000.00024324,-76.0705261230469
9000000.00024324,-75.6977691650391
9000000.00024325,-75.3129119873047
9000000.00024325,-74.9249954223633
9000000.00024326,-74.5430755615234
9000000.00024326,-74.1718215942383
9000000.00024327,-73.7633209228516
9000000.00024327,-73.3087768554688
9000000.00024328,-72.8168334960938
9000000.00024328,-72.2961349487305
9000000.00024329,-71.7553482055664
9000000.00024329,-71.2031097412109
9000000.0002433,-70.648078918457
9000000.0002433,-70.0988922119141
9000000.00024331,-69.5642166137695
9000000.00024331,-69.0526962280273
9000000.00024332,-68.5729827880859
9000000.00024332,-68.1337203979492
9000000.00024333,-67.7435607910156
9000000.00024333,-67.38818359375
9000000.00024334,-67.0482406616211
9000000.00024334,-66.7248611450195
9000000.00024335,-66.4191589355469
9000000.00024335,-66.1322631835938
9000000.00024336,-65.8653106689453
9000000.00024336,-65.6194152832031
9000000.00024337,-65.3957061767578
9000000.00024337,-65.1953125
9000000.00024338,-65.0193481445313
9000000.00024338,-64.8689498901367
9000000.00024339,-64.745246887207
9000000.00024339,-64.6493453979492
9000000.0002434,-64.5798873901367
9000000.0002434,-64.5299987792969
9000000.00024341,-64.5004653930664
9000000.00024341,-64.4927139282227
9000000.00024342,-64.508171081543
9000000.00024342,-64.5482559204102
9000000.00024343,-64.614387512207
9000000.00024343,-64.7080001831055
9000000.00024344,-64.8305053710938
9000000.00024344,-64.9833297729492
9000000.00024345,-65.1679077148438
9000000.00024345,-65.3856430053711
9000000.00024346,-65.6379776000977
9000000.00024346,-65.9285354614258
9000000.00024347,-66.2839431762695
9000000.00024347,-66.703254699707
9000000.00024348,-67.1757888793945
9000000.00024348,-67.6908416748047
9000000.00024349,-68.2377243041992
9000000.00024349,-68.8057327270508
9000000.0002435,-69.3841781616211
9000000.0002435,-69.9623641967773
9000000.00024351,-70.5295944213867
9000000.00024351,-71.0751800537109
9000000.00024352,-71.5884170532227
9000000.00024352,-72.0586166381836
9000000.00024353,-72.4750823974609
9000000.00024353,-72.8689117431641
9000000.00024354,-73.2730560302734
9000000.00024354,-73.6796188354492
9000000.00024355,-74.080696105957
9000000.00024355,-74.468391418457
9000000.00024356,-74.8348007202148
9000000.00024356,-75.1720275878906
9000000.00024357,-75.4721603393555
9000000.00024357,-75.7273101806641
9000000.00024358,-75.929573059082
9000000.00024358,-76.071044921875
9000000.00024359,-76.1438293457031
9000000.00024359,-76.140022277832
9000000.0002436,-76.0474853515625
9000000.0002436,-75.8543167114258
9000000.00024361,-75.5723266601563
9000000.00024361,-75.2147598266602
9000000.00024362,-74.7948760986328
9000000.00024362,-74.325927734375
9000000.00024363,-73.8211669921875
9000000.00024363,-73.2938537597656
9000000.00024364,-72.7572326660156
9000000.00024364,-72.2245559692383
9000000.00024365,-71.7090911865234
9000000.00024365,-71.2240829467773
9000000.00024366,-70.7827911376953
9000000.00024366,-70.3945922851563
9000000.00024367,-70.0191802978516
9000000.00024367,-69.6440353393555
9000000.00024368,-69.2712936401367
9000000.00024368,-68.9030838012695
9000000.00024369,-68.5415344238281
9000000.00024369,-68.1887741088867
9000000.0002437,-67.846923828125
9000000.0002437,-67.5181274414063
9000000.00024371,-67.2044982910156
9000000.00024371,-66.9081802368164
9000000.00024372,-66.6312942504883
9000000.00024372,-66.3759765625
9000000.00024373,-66.1443405151367
9000000.00024373,-65.9327850341797
9000000.00024374,-65.7364730834961
9000000.00024374,-65.5557403564453
9000000.00024375,-65.3908996582031
9000000.00024375,-65.2422714233398
9000000.00024376,-65.1101760864258
9000000.00024376,-64.9949493408203
9000000.00024377,-64.8968963623047
9000000.00024377,-64.8163452148438
9000000.00024378,-64.7536239624023
9000000.00024378,-64.7090454101563
9000000.00024379,-64.6829376220703
9000000.00024379,-64.6756210327148
9000000.0002438,-64.6886291503906
9000000.0002438,-64.725341796875
9000000.00024381,-64.7844467163086
9000000.00024381,-64.8642807006836
9000000.00024382,-64.9631881713867
9000000.00024382,-65.0795211791992
9000000.00024383,-65.2116165161133
9000000.00024383,-65.3578186035156
9000000.00024384,-65.5164794921875
9000000.00024384,-65.6859359741211
9000000.00024385,-65.8645401000977
9000000.00024385,-66.0506210327148
9000000.00024386,-66.2425384521484
9000000.00024386,-66.4400024414063
9000000.00024387,-66.6585235595703
9000000.00024387,-66.8997955322266
9000000.00024388,-67.1598510742188
9000000.00024388,-67.4347457885742
9000000.00024389,-67.7205047607422
9000000.00024389,-68.0131759643555
9000000.0002439,-68.3087921142578
9000000.0002439,-68.603401184082
9000000.00024391,-68.8930435180664
9000000.00024391,-69.1737442016602
9000000.00024392,-69.4415512084961
9000000.00024392,-69.692512512207
9000000.00024393,-69.9226531982422
9000000.00024393,-70.1451797485352
9000000.00024394,-70.3734283447266
9000000.00024394,-70.6036605834961
9000000.00024395,-70.8321304321289
9000000.00024395,-71.0550918579102
9000000.00024396,-71.268798828125
9000000.00024396,-71.4695129394531
9000000.00024397,-71.6534805297852
9000000.00024397,-71.8169631958008
9000000.00024398,-71.9562072753906
9000000.00024398,-72.0674819946289
9000000.00024399,-72.1470336914063
9000000.00024399,-72.1911163330078
9000000.000244,-72.1970825195313
9000000.000244,-72.1678848266602
9000000.00024401,-72.1066284179688
9000000.00024401,-72.0162811279297
9000000.00024402,-71.8998184204102
9000000.00024402,-71.7601928710938
9000000.00024403,-71.6003723144531
9000000.00024403,-71.4233322143555
9000000.00024404,-71.2320327758789
9000000.00024404,-71.0294418334961
9000000.00024405,-70.8185272216797
9000000.00024405,-70.6022491455078
9000000.00024406,-70.3835830688477
9000000.00024406,-70.1636123657227
9000000.00024407,-69.9214553833008
9000000.00024407,-69.6541595458984
9000000.00024408,-69.3663864135742
9000000.00024408,-69.0627899169922
9000000.00024409,-68.7480545043945
9000000.00024409,-68.4268264770508
9000000.0002441,-68.1037673950195
9000000.0002441,-67.783561706543
9000000.00024411,-67.4708557128906
9000000.00024411,-67.1703109741211
9000000.00024412,-66.886604309082
9000000.00024412,-66.624397277832
9000000.00024413,-66.3883438110352
9000000.00024413,-66.1680374145508
9000000.00024414,-65.9512329101563
9000000.00024414,-65.7398452758789
9000000.00024415,-65.5357894897461
9000000.00024415,-65.3409729003906
9000000.00024416,-65.1573181152344
9000000.00024416,-64.9867401123047
9000000.00024417,-64.8311462402344
9000000.00024417,-64.6924514770508
9000000.00024418,-64.5725784301758
9000000.00024418,-64.4734344482422
9000000.00024419,-64.3969268798828
9000000.00024419,-64.3449859619141
9000000.0002442,-64.3167266845703
9000000.0002442,-64.3045349121094
9000000.00024421,-64.3085784912109
9000000.00024421,-64.329704284668
9000000.00024422,-64.3687744140625
9000000.00024422,-64.426643371582
9000000.00024423,-64.504150390625
9000000.00024423,-64.6021499633789
9000000.00024424,-64.7215042114258
9000000.00024424,-64.8630599975586
9000000.00024425,-65.0276641845703
9000000.00024425,-65.2161712646484
9000000.00024426,-65.4294357299805
9000000.00024426,-65.6695938110352
9000000.00024427,-65.9520874023438
9000000.00024427,-66.2763442993164
9000000.00024428,-66.6361389160156
9000000.00024428,-67.0252380371094
9000000.00024429,-67.4374160766602
9000000.00024429,-67.866455078125
9000000.0002443,-68.3061218261719
9000000.0002443,-68.7501831054688
9000000.00024431,-69.1924209594727
9000000.00024431,-69.6266021728516
9000000.00024432,-70.046501159668
9000000.00024432,-70.4458847045898
9000000.00024433,-70.8185348510742
9000000.00024433,-71.1953201293945
9000000.00024434,-71.6040344238281
9000000.00024434,-72.0338821411133
9000000.00024435,-72.4740524291992
9000000.00024435,-72.9137420654297
9000000.00024436,-73.3421325683594
9000000.00024436,-73.7484283447266
9000000.00024437,-74.1218185424805
9000000.00024437,-74.4514923095703
9000000.00024438,-74.7266464233398
9000000.00024438,-74.9364776611328
9000000.00024439,-75.0701675415039
9000000.00024439,-75.1169128417969
9000000.0002444,-75.0650405883789
9000000.0002444,-74.9119262695313
9000000.00024441,-74.6697616577148
9000000.00024441,-74.3514099121094
9000000.00024442,-73.9697341918945
9000000.00024442,-73.53759765625
9000000.00024443,-73.0678558349609
9000000.00024443,-72.5733795166016
9000000.00024444,-72.067024230957
9000000.00024444,-71.5616455078125
9000000.00024445,-71.0701141357422
9000000.00024445,-70.6052932739258
9000000.00024446,-70.1800308227539
9000000.00024446,-69.8032989501953
9000000.00024447,-69.4342346191406
9000000.00024447,-69.060676574707
9000000.00024448,-68.685302734375
9000000.00024448,-68.3107833862305
9000000.00024449,-67.9398193359375
9000000.00024449,-67.575065612793
9000000.0002445,-67.2192230224609
9000000.0002445,-66.8749618530273
9000000.00024451,-66.5449600219727
9000000.00024451,-66.2318954467773
9000000.00024452,-65.9384613037109
9000000.00024452,-65.6673202514648
9000000.00024453,-65.4211654663086
9000000.00024453,-65.1955490112305
9000000.00024454,-64.9844741821289
9000000.00024454,-64.7882919311523
9000000.00024455,-64.6073532104492
9000000.00024455,-64.442008972168
9000000.00024456,-64.292610168457
9000000.00024456,-64.1595077514648
9000000.00024457,-64.0430526733398
9000000.00024457,-63.9435958862305
9000000.00024458,-63.8614845275879
9000000.00024458,-63.7970771789551
9000000.00024459,-63.7507133483887
9000000.00024459,-63.7227516174316
9000000.0002446,-63.7152671813965
9000000.0002446,-63.733024597168
9000000.00024461,-63.7742767333984
9000000.00024461,-63.836799621582
9000000.00024462,-63.9183578491211
9000000.00024462,-64.016731262207
9000000.00024463,-64.1296997070313
9000000.00024463,-64.2550201416016
9000000.00024464,-64.3904800415039
9000000.00024464,-64.5338439941406
9000000.00024465,-64.6828918457031
9000000.00024465,-64.8353881835938
9000000.00024466,-64.9891128540039
9000000.00024466,-65.1433181762695
9000000.00024467,-65.3145523071289
9000000.00024467,-65.5050506591797
9000000.00024468,-65.7109909057617
9000000.00024468,-65.928581237793
9000000.00024469,-66.1540069580078
9000000.00024469,-66.3834609985352
9000000.0002447,-66.6131286621094
9000000.0002447,-66.8392181396484
9000000.00024471,-67.0578994750977
9000000.00024471,-67.265380859375
9000000.00024472,-67.4578475952148
9000000.00024472,-67.6315002441406
9000000.00024473,-67.7825164794922
9000000.00024473,-67.9167098999023
9000000.00024474,-68.0422592163086
9000000.00024474,-68.1589050292969
9000000.00024475,-68.2664031982422
9000000.00024475,-68.364501953125
9000000.00024476,-68.4529495239258
9000000.00024476,-68.531494140625
9000000.00024477,-68.5998840332031
9000000.00024477,-68.6578674316406
9000000.00024478,-68.705192565918
9000000.00024478,-68.7416152954102
9000000.00024479,-68.7668762207031
9000000.00024479,-68.7807235717773
9000000.0002448,-68.7817001342773
9000000.0002448,-68.7664489746094
9000000.00024481,-68.736198425293
9000000.00024481,-68.6925277709961
9000000.00024482,-68.6370010375977
9000000.00024482,-68.5711975097656
9000000.00024483,-68.4966888427734
9000000.00024483,-68.4150466918945
9000000.00024484,-68.3278350830078
9000000.00024484,-68.2366333007813
9000000.00024485,-68.1430206298828
9000000.00024485,-68.0485534667969
9000000.00024486,-67.9548110961914
9000000.00024486,-67.8626098632813
9000000.00024487,-67.7637405395508
9000000.00024487,-67.6566696166992
9000000.00024488,-67.542854309082
9000000.00024488,-67.4237747192383
9000000.00024489,-67.3008880615234
9000000.00024489,-67.175666809082
9000000.0002449,-67.0495681762695
9000000.0002449,-66.9240646362305
9000000.00024491,-66.8006210327148
9000000.00024491,-66.6806945800781
9000000.00024492,-66.5657653808594
9000000.00024492,-66.4572906494141
9000000.00024493,-66.3567352294922
9000000.00024493,-66.2607955932617
9000000.00024494,-66.1655883789063
9000000.00024494,-66.0717315673828
9000000.00024495,-65.979850769043
9000000.00024495,-65.8905715942383
9000000.00024496,-65.8045043945313
9000000.00024496,-65.722282409668
9000000.00024497,-65.6445159912109
9000000.00024497,-65.5718307495117
9000000.00024498,-65.5048522949219
9000000.00024498,-65.444206237793
9000000.00024499,-65.390495300293
9000000.00024499,-65.3443603515625
9000000.000245,-65.3043899536133
9000000.000245,-65.2650451660156
9000000.00024501,-65.2272567749023
9000000.00024501,-65.1925048828125
9000000.00024502,-65.1622467041016
9000000.00024502,-65.1379547119141
9000000.00024503,-65.1210784912109
9000000.00024503,-65.1130981445313
9000000.00024504,-65.1154708862305
9000000.00024504,-65.1296691894531
9000000.00024505,-65.1571426391602
9000000.00024505,-65.1993789672852
9000000.00024506,-65.2578201293945
9000000.00024506,-65.3339767456055
9000000.00024507,-65.4288177490234
9000000.00024507,-65.5410232543945
9000000.00024508,-65.6689224243164
9000000.00024508,-65.8108367919922
9000000.00024509,-65.9650802612305
9000000.00024509,-66.1299743652344
9000000.0002451,-66.303840637207
9000000.0002451,-66.4850082397461
9000000.00024511,-66.6717910766602
9000000.00024511,-66.8625106811523
9000000.00024512,-67.0554885864258
9000000.00024512,-67.2490463256836
9000000.00024513,-67.4415054321289
9000000.00024513,-67.6455001831055
9000000.00024514,-67.871452331543
9000000.00024514,-68.1143417358398
9000000.00024515,-68.3691558837891
9000000.00024515,-68.6308822631836
9000000.00024516,-68.8945083618164
9000000.00024516,-69.1550216674805
9000000.00024517,-69.4074020385742
9000000.00024517,-69.6466445922852
9000000.00024518,-69.8677291870117
9000000.00024518,-70.0656433105469
9000000.00024519,-70.2353744506836
9000000.00024519,-70.3719100952148
9000000.0002452,-70.4730453491211
9000000.0002452,-70.5464019775391
9000000.00024521,-70.595085144043
9000000.00024521,-70.6216354370117
9000000.00024522,-70.6286163330078
9000000.00024522,-70.6185607910156
9000000.00024523,-70.5940170288086
9000000.00024523,-70.5575332641602
9000000.00024524,-70.5116577148438
9000000.00024524,-70.4589385986328
9000000.00024525,-70.4019241333008
9000000.00024525,-70.3431549072266
9000000.00024526,-70.2851791381836
9000000.00024526,-70.2293701171875
9000000.00024527,-70.1628494262695
9000000.00024527,-70.0831604003906
9000000.00024528,-69.9925079345703
9000000.00024528,-69.8931198120117
9000000.00024529,-69.7872009277344
9000000.00024529,-69.6769714355469
9000000.0002453,-69.5646514892578
9000000.0002453,-69.4524536132813
9000000.00024531,-69.3425979614258
9000000.00024531,-69.2372970581055
9000000.00024532,-69.1387710571289
9000000.00024532,-69.0492401123047
9000000.00024533,-68.9709091186523
9000000.00024533,-68.8998336791992
9000000.00024534,-68.8308563232422
9000000.00024534,-68.7644195556641
9000000.00024535,-68.700927734375
9000000.00024535,-68.6408309936523
9000000.00024536,-68.5845336914063
9000000.00024536,-68.532470703125
9000000.00024537,-68.4850769042969
9000000.00024537,-68.4427642822266
9000000.00024538,-68.4059600830078
9000000.00024538,-68.3750991821289
9000000.00024539,-68.3506011962891
9000000.00024539,-68.332893371582
9000000.0002454,-68.3206024169922
9000000.0002454,-68.3087539672852
9000000.00024541,-68.29833984375
9000000.00024541,-68.2908096313477
9000000.00024542,-68.2876205444336
9000000.00024542,-68.2902145385742
9000000.00024543,-68.300048828125
9000000.00024543,-68.3185729980469
9000000.00024544,-68.3472442626953
9000000.00024544,-68.3875122070313
9000000.00024545,-68.4408264160156
9000000.00024545,-68.5086364746094
9000000.00024546,-68.592399597168
9000000.00024546,-68.6926879882813
9000000.00024547,-68.7997055053711
9000000.00024547,-68.911994934082
9000000.00024548,-69.0317077636719
9000000.00024548,-69.1609649658203
9000000.00024549,-69.3019027709961
9000000.00024549,-69.456657409668
9000000.0002455,-69.6273651123047
9000000.0002455,-69.8161468505859
9000000.00024551,-70.0251388549805
9000000.00024551,-70.256477355957
9000000.00024552,-70.5122985839844
9000000.00024552,-70.7947235107422
9000000.00024553,-71.1058959960938
9000000.00024553,-71.4752883911133
9000000.00024554,-71.9204177856445
9000000.00024554,-72.4255218505859
9000000.00024555,-72.9748077392578
9000000.00024555,-73.5525054931641
9000000.00024556,-74.1428375244141
9000000.00024556,-74.7300186157227
9000000.00024557,-75.2982788085938
9000000.00024557,-75.8318405151367
9000000.00024558,-76.3149185180664
9000000.00024558,-76.7317352294922
9000000.00024559,-77.0665130615234
9000000.00024559,-77.3034820556641
9000000.0002456,-77.4353485107422
9000000.0002456,-77.4851379394531
9000000.00024561,-77.4629135131836
9000000.00024561,-77.3770599365234
9000000.00024562,-77.2359619140625
9000000.00024562,-77.0479965209961
9000000.00024563,-76.8215484619141
9000000.00024563,-76.5650024414063
9000000.00024564,-76.2867431640625
9000000.00024564,-75.9951477050781
9000000.00024565,-75.6986083984375
9000000.00024565,-75.4055099487305
9000000.00024566,-75.1242294311523
9000000.00024566,-74.8596878051758
9000000.00024567,-74.5745086669922
9000000.00024567,-74.2606201171875
9000000.00024568,-73.9235534667969
9000000.00024568,-73.5688629150391
9000000.00024569,-73.2020874023438
9000000.00024569,-72.8287658691406
9000000.0002457,-72.4544525146484
9000000.0002457,-72.0846939086914
9000000.00024571,-71.7250137329102
9000000.00024571,-71.380973815918
9000000.00024572,-71.0581130981445
9000000.00024572,-70.7619781494141
9000000.00024573,-70.4981079101563
9000000.00024573,-70.2597427368164
9000000.00024574,-70.0361175537109
9000000.00024574,-69.8267822265625
9000000.00024575,-69.6312789916992
9000000.00024575,-69.4491424560547
9000000.00024576,-69.2799301147461
9000000.00024576,-69.123176574707
9000000.00024577,-68.9784317016602
9000000.00024577,-68.8452224731445
9000000.00024578,-68.7231140136719
9000000.00024578,-68.6116333007813
9000000.00024579,-68.5103378295898
9000000.00024579,-68.4187545776367
9000000.0002458,-68.3378219604492
9000000.0002458,-68.2713623046875
9000000.00024581,-68.21875
9000000.00024581,-68.1790084838867
9000000.00024582,-68.1511688232422
9000000.00024582,-68.1342544555664
9000000.00024583,-68.1272964477539
9000000.00024583,-68.1293029785156
9000000.00024584,-68.1393127441406
9000000.00024584,-68.1563491821289
9000000.00024585,-68.1794357299805
9000000.00024585,-68.2075958251953
9000000.00024586,-68.239860534668
9000000.00024586,-68.2759094238281
9000000.00024587,-68.3231658935547
9000000.00024587,-68.3826141357422
9000000.00024588,-68.4525146484375
9000000.00024588,-68.5311431884766
9000000.00024589,-68.6167755126953
9000000.00024589,-68.7076797485352
9000000.0002459,-68.8021240234375
9000000.0002459,-68.8983917236328
9000000.00024591,-68.994743347168
9000000.00024591,-69.0894546508789
9000000.00024592,-69.180793762207
9000000.00024592,-69.2670364379883
9000000.00024593,-69.3464584350586
9000000.00024593,-69.4258422851563
9000000.00024594,-69.5116882324219
9000000.00024594,-69.6018753051758
9000000.00024595,-69.6942749023438
9000000.00024595,-69.7867431640625
9000000.00024596,-69.8771591186523
9000000.00024596,-69.96337890625
9000000.00024597,-70.0432891845703
9000000.00024597,-70.1147384643555
9000000.00024598,-70.1756057739258
9000000.00024598,-70.223762512207
9000000.00024599,-70.2570648193359
9000000.00024599,-70.2733840942383
9000000.000246,-70.2728958129883
9000000.000246,-70.2618865966797
9000000.00024601,-70.2407836914063
9000000.00024601,-70.2095031738281
9000000.00024602,-70.1679534912109
9000000.00024602,-70.1160354614258
9000000.00024603,-70.0536499023438
9000000.00024603,-69.980712890625
9000000.00024604,-69.8971176147461
9000000.00024604,-69.8027725219727
9000000.00024605,-69.6975860595703
9000000.00024605,-69.5814666748047
9000000.00024606,-69.4543075561523
9000000.00024606,-69.3150634765625
9000000.00024607,-69.15234375
9000000.00024607,-68.9660949707031
9000000.00024608,-68.7604141235352
9000000.00024608,-68.5393981933594
9000000.00024609,-68.3071670532227
9000000.00024609,-68.0678100585938
9000000.0002461,-67.8254318237305
9000000.0002461,-67.5841369628906
9000000.00024611,-67.348030090332
9000000.00024611,-67.1212158203125
9000000.00024612,-66.9077911376953
9000000.00024612,-66.7118606567383
9000000.00024613,-66.5375366210938
9000000.00024613,-66.3757705688477
9000000.00024614,-66.2159042358398
9000000.00024614,-66.0595397949219
9000000.00024615,-65.9083023071289
9000000.00024615,-65.7638092041016
9000000.00024616,-65.627685546875
9000000.00024616,-65.5015487670898
9000000.00024617,-65.3870086669922
9000000.00024617,-65.2856979370117
9000000.00024618,-65.1992340087891
9000000.00024618,-65.1292266845703
9000000.00024619,-65.0773010253906
9000000.00024619,-65.0450820922852
9000000.0002462,-65.0338287353516
9000000.0002462,-65.042610168457
9000000.00024621,-65.0699844360352
9000000.00024621,-65.1145324707031
9000000.00024622,-65.1748428344727
9000000.00024622,-65.24951171875
9000000.00024623,-65.3371047973633
9000000.00024623,-65.4362258911133
9000000.00024624,-65.5454559326172
9000000.00024624,-65.6633758544922
9000000.00024625,-65.78857421875
9000000.00024625,-65.9196395874023
9000000.00024626,-66.0551605224609
9000000.00024626,-66.1948165893555
9000000.00024627,-66.3509292602539
9000000.00024627,-66.5249481201172
9000000.00024628,-66.7138061523438
9000000.00024628,-66.9144515991211
9000000.00024629,-67.1238098144531
9000000.00024629,-67.3388366699219
9000000.0002463,-67.5564498901367
9000000.0002463,-67.7736053466797
9000000.00024631,-67.9872360229492
9000000.00024631,-68.1942749023438
9000000.00024632,-68.3916778564453
9000000.00024632,-68.5763626098633
9000000.00024633,-68.7452850341797
9000000.00024633,-68.9065856933594
9000000.00024634,-69.0691909790039
9000000.00024634,-69.2312088012695
9000000.00024635,-69.390739440918
9000000.00024635,-69.5458908081055
9000000.00024636,-69.6947631835938
9000000.00024636,-69.8354568481445
9000000.00024637,-69.9660797119141
9000000.00024637,-70.0847320556641
9000000.00024638,-70.1895217895508
9000000.00024638,-70.2785491943359
9000000.00024639,-70.3499145507813
9000000.00024639,-70.401725769043
9000000.0002464,-70.431396484375
9000000.0002464,-70.4369659423828
9000000.00024641,-70.4210052490234
9000000.00024641,-70.3863525390625
9000000.00024642,-70.3358383178711
9000000.00024642,-70.2723007202148
9000000.00024643,-70.1985702514648
9000000.00024643,-70.1174926757813
9000000.00024644,-70.0318832397461
9000000.00024644,-69.9445877075195
9000000.00024645,-69.8584442138672
9000000.00024645,-69.7762756347656
9000000.00024646,-69.7009201049805
9000000.00024646,-69.6340866088867
9000000.00024647,-69.5635681152344
9000000.00024647,-69.4866561889648
9000000.00024648,-69.4050598144531
9000000.00024648,-69.3204956054688
9000000.00024649,-69.2346878051758
9000000.00024649,-69.1493453979492
9000000.0002465,-69.0661849975586
9000000.0002465,-68.9869232177734
9000000.00024651,-68.9132919311523
9000000.00024651,-68.8469848632813
9000000.00024652,-68.7897415161133
9000000.00024652,-68.7432632446289
9000000.00024653,-68.7092742919922
9000000.00024653,-68.688102722168
9000000.00024654,-68.6780548095703
9000000.00024654,-68.6778106689453
9000000.00024655,-68.6860580444336
9000000.00024655,-68.7014541625977
9000000.00024656,-68.7226943969727
9000000.00024656,-68.7484588623047
9000000.00024657,-68.7774047851563
9000000.00024657,-68.808235168457
9000000.00024658,-68.8396148681641
9000000.00024658,-68.8702239990234
9000000.00024659,-68.8987350463867
9000000.00024659,-68.9238433837891
9000000.0002466,-68.945182800293
9000000.0002466,-68.9654006958008
9000000.00024661,-68.9851303100586
9000000.00024661,-69.0048065185547
9000000.00024662,-69.0248489379883
9000000.00024662,-69.0456848144531
9000000.00024663,-69.0677337646484
9000000.00024663,-69.091438293457
9000000.00024664,-69.1172103881836
9000000.00024664,-69.1454772949219
9000000.00024665,-69.1766662597656
9000000.00024665,-69.2112045288086
9000000.00024666,-69.2495269775391
9000000.00024666,-69.2925796508789
9000000.00024667,-69.3468704223633
9000000.00024667,-69.4120941162109
9000000.00024668,-69.4855728149414
9000000.00024668,-69.5646286010742
9000000.00024669,-69.6465682983398
9000000.00024669,-69.7287139892578
9000000.0002467,-69.8083953857422
9000000.0002467,-69.8829116821289
9000000.00024671,-69.9496002197266
9000000.00024671,-70.0057601928711
9000000.00024672,-70.0487289428711
9000000.00024672,-70.075813293457
9000000.00024673,-70.0843353271484
9000000.00024673,-70.0757904052734
9000000.00024674,-70.0541687011719
9000000.00024674,-70.0205688476563
9000000.00024675,-69.97607421875
9000000.00024675,-69.9217681884766
9000000.00024676,-69.8587417602539
9000000.00024676,-69.7880706787109
9000000.00024677,-69.7108612060547
9000000.00024677,-69.6281814575195
9000000.00024678,-69.541130065918
9000000.00024678,-69.4507827758789
9000000.00024679,-69.3582305908203
9000000.00024679,-69.2645645141602
9000000.0002468,-69.1676712036133
9000000.0002468,-69.0587768554688
9000000.00024681,-68.9392623901367
9000000.00024681,-68.8113250732422
9000000.00024682,-68.6771850585938
9000000.00024682,-68.5390396118164
9000000.00024683,-68.3990783691406
9000000.00024683,-68.2595291137695
9000000.00024684,-68.1225738525391
9000000.00024684,-67.9904251098633
9000000.00024685,-67.8652877807617
9000000.00024685,-67.7493591308594
9000000.00024686,-67.6448516845703
9000000.00024686,-67.553337097168
9000000.00024687,-67.4682769775391
9000000.00024687,-67.3875885009766
9000000.00024688,-67.3115692138672
9000000.00024688,-67.2405242919922
9000000.00024689,-67.1747360229492
9000000.00024689,-67.1145095825195
9000000.0002469,-67.0601348876953
9000000.0002469,-67.0119094848633
9000000.00024691,-66.9701309204102
9000000.00024691,-66.9350967407227
9000000.00024692,-66.907096862793
9000000.00024692,-66.8864364624023
9000000.00024693,-66.8733978271484
9000000.00024693,-66.8716049194336
9000000.00024694,-66.8831558227539
9000000.00024694,-66.9060974121094
9000000.00024695,-66.9384765625
9000000.00024695,-66.9783401489258
9000000.00024696,-67.0237197875977
9000000.00024696,-67.0726699829102
9000000.00024697,-67.1232299804688
9000000.00024697,-67.1734466552734
9000000.00024698,-67.2213668823242
9000000.00024698,-67.265022277832
9000000.00024699,-67.3024673461914
9000000.00024699,-67.3317413330078
9000000.000247,-67.350341796875
9000000.000247,-67.3567047119141
9000000.00024701,-67.3533401489258
9000000.00024701,-67.3430099487305
9000000.00024702,-67.3284606933594
9000000.00024702,-67.3124389648438
9000000.00024703,-67.2976837158203
9000000.00024703,-67.2869644165039
9000000.00024704,-67.2830123901367
9000000.00024704,-67.2885818481445
9000000.00024705,-67.3064270019531
9000000.00024705,-67.3392868041992
9000000.00024706,-67.3899078369141
9000000.00024706,-67.4601440429688
9000000.00024707,-67.5403671264648
9000000.00024707,-67.6279678344727
9000000.00024708,-67.7238388061523
9000000.00024708,-67.8288497924805
9000000.00024709,-67.9438934326172
9000000.00024709,-68.0698623657227
9000000.0002471,-68.207633972168
9000000.0002471,-68.3581008911133
9000000.00024711,-68.5221328735352
9000000.00024711,-68.7006378173828
9000000.00024712,-68.8944854736328
9000000.00024712,-69.1045608520508
9000000.00024713,-69.3317642211914
9000000.00024713,-69.5952377319336
9000000.00024714,-69.9069519042969
9000000.00024714,-70.2569885253906
9000000.00024715,-70.6354141235352
9000000.00024715,-71.0323257446289
9000000.00024716,-71.4377822875977
9000000.00024716,-71.8418884277344
9000000.00024717,-72.2347030639648
9000000.00024717,-72.606315612793
9000000.00024718,-72.9468078613281
9000000.00024718,-73.2462539672852
9000000.00024719,-73.4947357177734
9000000.00024719,-73.6823348999023
9000000.0002472,-73.8071899414063
9000000.0002472,-73.8912734985352
9000000.00024721,-73.9387435913086
9000000.00024721,-73.9519729614258
9000000.00024722,-73.9333419799805
9000000.00024722,-73.8852081298828
9000000.00024723,-73.8099594116211
9000000.00024723,-73.7099609375
9000000.00024724,-73.5875854492188
9000000.00024724,-73.4452133178711
9000000.00024725,-73.2852020263672
9000000.00024725,-73.1099395751953
9000000.00024726,-72.9217910766602
9000000.00024726,-72.7209854125977
9000000.00024727,-72.4832153320313
9000000.00024727,-72.2060012817383
9000000.00024728,-71.8957748413086
9000000.00024728,-71.5589447021484
9000000.00024729,-71.2019271850586
9000000.00024729,-70.8311386108398
9000000.0002473,-70.4529876708984
9000000.0002473,-70.0738983154297
9000000.00024731,-69.7002792358398
9000000.00024731,-69.3385467529297
9000000.00024732,-68.9951171875
9000000.00024732,-68.6764144897461
9000000.00024733,-68.3888397216797
9000000.00024733,-68.1193237304688
9000000.00024734,-67.8518753051758
9000000.00024734,-67.588508605957
9000000.00024735,-67.3312606811523
9000000.00024735,-67.082145690918
9000000.00024736,-66.8431930541992
9000000.00024736,-66.6164321899414
9000000.00024737,-66.4038772583008
9000000.00024737,-66.2075576782227
9000000.00024738,-66.0295028686523
9000000.00024738,-65.8717346191406
9000000.00024739,-65.7362747192383
9000000.00024739,-65.6251602172852
9000000.0002474,-65.5379791259766
9000000.0002474,-65.468132019043
9000000.00024741,-65.4153823852539
9000000.00024741,-65.3800735473633
9000000.00024742,-65.3625259399414
9000000.00024742,-65.3630981445313
9000000.00024743,-65.3821182250977
9000000.00024743,-65.4199295043945
9000000.00024744,-65.4768676757813
9000000.00024744,-65.5532760620117
9000000.00024745,-65.6494827270508
9000000.00024745,-65.7658386230469
9000000.00024746,-65.9026718139648
9000000.00024746,-66.0606842041016
9000000.00024747,-66.2442626953125
9000000.00024747,-66.4531631469727
9000000.00024748,-66.6855163574219
9000000.00024748,-66.9394683837891
9000000.00024749,-67.2131729125977
9000000.00024749,-67.504768371582
9000000.0002475,-67.8124008178711
9000000.0002475,-68.1342163085938
9000000.00024751,-68.4683532714844
9000000.00024751,-68.8129653930664
9000000.00024752,-69.1661834716797
9000000.00024752,-69.5261688232422
9000000.00024753,-69.8910522460938
9000000.00024753,-70.296501159668
9000000.00024754,-70.7687072753906
9000000.00024754,-71.2915496826172
9000000.00024755,-71.8489532470703
9000000.00024755,-72.4247970581055
9000000.00024756,-73.0029907226563
9000000.00024756,-73.5674438476563
9000000.00024757,-74.1020431518555
9000000.00024757,-74.590690612793
9000000.00024758,-75.0173034667969
9000000.00024758,-75.3657608032227
9000000.00024759,-75.6199798583984
9000000.00024759,-75.7638473510742
9000000.0002476,-75.7853546142578
9000000.0002476,-75.6953125
9000000.00024761,-75.5076446533203
9000000.00024761,-75.2358093261719
9000000.00024762,-74.8932495117188
9000000.00024762,-74.4934234619141
9000000.00024763,-74.0497817993164
9000000.00024763,-73.5757751464844
9000000.00024764,-73.0848541259766
9000000.00024764,-72.5904693603516
9000000.00024765,-72.1060791015625
9000000.00024765,-71.645133972168
9000000.00024766,-71.2210845947266
9000000.00024766,-70.8430786132813
9000000.00024767,-70.465705871582
9000000.00024767,-70.0762100219727
9000000.00024768,-69.6783447265625
9000000.00024768,-69.2758407592773
9000000.00024769,-68.8724517822266
9000000.00024769,-68.4719161987305
9000000.0002477,-68.0779876708984
9000000.0002477,-67.6944046020508
9000000.00024771,-67.3249130249023
9000000.00024771,-66.973258972168
9000000.00024772,-66.6431884765625
9000000.00024772,-66.3384399414063
9000000.00024773,-66.0627670288086
9000000.00024773,-65.8097915649414
9000000.00024774,-65.5710372924805
9000000.00024774,-65.3470687866211
9000000.00024775,-65.1384506225586
9000000.00024775,-64.9457550048828
9000000.00024776,-64.7695465087891
9000000.00024776,-64.6103973388672
9000000.00024777,-64.468864440918
9000000.00024777,-64.3455200195313
9000000.00024778,-64.2409362792969
9000000.00024778,-64.1556777954102
9000000.00024779,-64.0903091430664
9000000.00024779,-64.0454025268555
9000000.0002478,-64.021728515625
9000000.0002478,-64.0198745727539
9000000.00024781,-64.0390777587891
9000000.00024781,-64.078483581543
9000000.00024782,-64.1372451782227
9000000.00024782,-64.2145156860352
9000000.00024783,-64.3094329833984
9000000.00024783,-64.4211654663086
9000000.00024784,-64.5488510131836
9000000.00024784,-64.691650390625
9000000.00024785,-64.8487014770508
9000000.00024785,-65.0191650390625
9000000.00024786,-65.2021942138672
9000000.00024786,-65.3980102539063
9000000.00024787,-65.6190414428711
9000000.00024787,-65.8662109375
9000000.00024788,-66.1359100341797
9000000.00024788,-66.4245376586914
9000000.00024789,-66.7284851074219
9000000.00024789,-67.0441436767578
9000000.0002479,-67.3679122924805
9000000.0002479,-67.6961822509766
9000000.00024791,-68.0253524780273
9000000.00024791,-68.351806640625
9000000.00024792,-68.6719436645508
9000000.00024792,-68.9821624755859
9000000.00024793,-69.2788467407227
9000000.00024793,-69.5779800415039
9000000.00024794,-69.8943786621094
9000000.00024794,-70.2227020263672
9000000.00024795,-70.5576324462891
9000000.00024795,-70.8938217163086
9000000.00024796,-71.2259368896484
9000000.00024796,-71.5486526489258
9000000.00024797,-71.8566207885742
9000000.00024797,-72.1445159912109
9000000.00024798,-72.4070053100586
9000000.00024798,-72.6387481689453
9000000.00024799,-72.8344192504883
9000000.00024799,-72.9886703491211
9000000.000248,-73.0998382568359
9000000.000248,-73.1778869628906
9000000.00024801,-73.2255935668945
9000000.00024801,-73.2449340820313
9000000.00024802,-73.2379150390625
9000000.00024802,-73.2065200805664
9000000.00024803,-73.1527404785156
9000000.00024803,-73.0785751342773
9000000.00024804,-72.9860076904297
9000000.00024804,-72.8770294189453
9000000.00024805,-72.7536392211914
9000000.00024805,-72.6178207397461
9000000.00024806,-72.471565246582
9000000.00024806,-72.3151092529297
9000000.00024807,-72.1284408569336
9000000.00024807,-71.9095077514648
9000000.00024808,-71.6635437011719
9000000.00024808,-71.3957901000977
9000000.00024809,-71.1114883422852
9000000.00024809,-70.8158798217773
9000000.0002481,-70.5142059326172
9000000.0002481,-70.2117080688477
9000000.00024811,-69.9136199951172
9000000.00024811,-69.6251831054688
9000000.00024812,-69.3516464233398
9000000.00024812,-69.0982513427734
9000000.00024813,-68.8702239990234
9000000.00024813,-68.6564025878906
9000000.00024814,-68.4433898925781
9000000.00024814,-68.2330780029297
9000000.00024815,-68.0273513793945
9000000.00024815,-67.8281097412109
9000000.00024816,-67.6372451782227
9000000.00024816,-67.456657409668
9000000.00024817,-67.2882232666016
9000000.00024817,-67.1338500976563
9000000.00024818,-66.9954299926758
9000000.00024818,-66.8748397827148
9000000.00024819,-66.7739944458008
9000000.00024819,-66.6947708129883
9000000.0002482,-66.6369705200195
9000000.0002482,-66.594856262207
9000000.00024821,-66.5680923461914
9000000.00024821,-66.5568008422852
9000000.00024822,-66.5611419677734
9000000.00024822,-66.5812530517578
9000000.00024823,-66.6172714233398
9000000.00024823,-66.6693496704102
9000000.00024824,-66.7376327514648
9000000.00024824,-66.8222579956055
9000000.00024825,-66.9233627319336
9000000.00024825,-67.0410995483398
9000000.00024826,-67.1756134033203
9000000.00024826,-67.3276138305664
9000000.00024827,-67.5039443969727
9000000.00024827,-67.7045516967773
9000000.00024828,-67.9269027709961
9000000.00024828,-68.1684494018555
9000000.00024829,-68.4266586303711
9000000.00024829,-68.6989822387695
9000000.0002483,-68.9828796386719
9000000.0002483,-69.2758102416992
9000000.00024831,-69.5752258300781
9000000.00024831,-69.8785858154297
9000000.00024832,-70.1833572387695
9000000.00024832,-70.4869842529297
9000000.00024833,-70.7869338989258
9000000.00024833,-71.1127090454102
9000000.00024834,-71.4870834350586
9000000.00024834,-71.8974151611328
9000000.00024835,-72.3310775756836
9000000.00024835,-72.7754364013672
9000000.00024836,-73.2178421020508
9000000.00024836,-73.6456756591797
9000000.00024837,-74.0462951660156
9000000.00024837,-74.4070663452148
9000000.00024838,-74.7153549194336
9000000.00024838,-74.9585266113281
9000000.00024839,-75.1239395141602
9000000.00024839,-75.1989593505859
9000000.0002484,-75.1737442016602
9000000.0002484,-75.0556259155273
9000000.00024841,-74.8558654785156
9000000.00024841,-74.5854644775391
9000000.00024842,-74.2554244995117
9000000.00024842,-73.8767547607422
9000000.00024843,-73.46044921875
9000000.00024843,-73.0175170898438
9000000.00024844,-72.558952331543
9000000.00024844,-72.0957565307617
9000000.00024845,-71.6389389038086
9000000.00024845,-71.1994934082031
9000000.00024846,-70.7884292602539
9000000.00024846,-70.4129791259766
9000000.00024847,-70.033088684082
9000000.00024847,-69.6382904052734
9000000.00024848,-69.2326736450195
9000000.00024848,-68.8203277587891
9000000.00024849,-68.4053421020508
9000000.00024849,-67.991813659668
9000000.0002485,-67.5838241577148
9000000.0002485,-67.1854782104492
9000000.00024851,-66.8008499145508
9000000.00024851,-66.4340438842773
9000000.00024852,-66.0891418457031
9000000.00024852,-65.7702407836914
9000000.00024853,-65.4814300537109
9000000.00024853,-65.2152481079102
9000000.00024854,-64.9620742797852
9000000.00024854,-64.722785949707
9000000.00024855,-64.4982452392578
9000000.00024855,-64.2893218994141
9000000.00024856,-64.0968780517578
9000000.00024856,-63.9217758178711
9000000.00024857,-63.7648887634277
9000000.00024857,-63.6270790100098
9000000.00024858,-63.5092086791992
9000000.00024858,-63.4121513366699
9000000.00024859,-63.3367691040039
9000000.00024859,-63.2839317321777
9000000.0002486,-63.2531089782715
9000000.0002486,-63.2405014038086
9000000.00024861,-63.2462882995605
9000000.00024861,-63.2709922790527
9000000.00024862,-63.3151397705078
9000000.00024862,-63.3792495727539
9000000.00024863,-63.4638442993164
9000000.00024863,-63.569450378418
9000000.00024864,-63.6965866088867
9000000.00024864,-63.8457794189453
9000000.00024865,-64.0175476074219
9000000.00024865,-64.2124176025391
9000000.00024866,-64.430908203125
9000000.00024866,-64.6707229614258
9000000.00024867,-64.8988037109375
9000000.00024867,-65.1142578125
9000000.00024868,-65.328254699707
9000000.00024868,-65.552001953125
9000000.00024869,-65.7966766357422
9000000.00024869,-66.0734634399414
9000000.0002487,-66.3935546875
9000000.0002487,-66.7681274414063
9000000.00024871,-67.208381652832
9000000.00024871,-67.7255020141602
9000000.00024872,-68.3306655883789
9000000.00024872,-69.0350646972656
9000000.00024873,-69.8498916625977
9000000.00024873,-70.8706665039063
9000000.00024874,-72.1494369506836
9000000.00024874,-73.6321716308594
9000000.00024875,-75.2648468017578
9000000.00024875,-76.9934234619141
9000000.00024876,-78.7638702392578
9000000.00024876,-80.5221633911133
9000000.00024877,-82.2142715454102
9000000.00024877,-83.7861557006836
9000000.00024878,-85.1837921142578
9000000.00024878,-86.3531494140625
9000000.00024879,-87.2401885986328
9000000.00024879,-87.7908935546875
9000000.0002488,-87.965087890625
9000000.0002488,-87.7996063232422
9000000.00024881,-87.3410415649414
9000000.00024881,-86.6343231201172
9000000.00024882,-85.7244110107422
9000000.00024882,-84.6562347412109
9000000.00024883,-83.474739074707
9000000.00024883,-82.2248840332031
9000000.00024884,-80.9515914916992
9000000.00024884,-79.699821472168
9000000.00024885,-78.514518737793
9000000.00024885,-77.4406127929688
9000000.00024886,-76.523063659668
9000000.00024886,-75.7959289550781
9000000.00024887,-75.1488571166992
9000000.00024887,-74.5397338867188
9000000.00024888,-73.9665069580078
9000000.00024888,-73.4270858764648
9000000.00024889,-72.9194030761719
9000000.00024889,-72.4413833618164
9000000.0002489,-71.9909439086914
9000000.0002489,-71.5660171508789
9000000.00024891,-71.1645278930664
9000000.00024891,-70.7843933105469
9000000.00024892,-70.4235458374023
9000000.00024892,-70.0799102783203
9000000.00024893,-69.7514114379883
9000000.00024893,-69.4458618164063
9000000.00024894,-69.1708679199219
9000000.00024894,-68.9240264892578
9000000.00024895,-68.7029342651367
9000000.00024895,-68.5051956176758
9000000.00024896,-68.3284072875977
9000000.00024896,-68.1701583862305
9000000.00024897,-68.0280609130859
9000000.00024897,-67.8997039794922
9000000.00024898,-67.7826843261719
9000000.00024898,-67.6746139526367
9000000.00024899,-67.5730743408203
9000000.00024899,-67.4756698608398
9000000.000249,-67.3816223144531
9000000.000249,-67.2953033447266
9000000.00024901,-67.2179946899414
9000000.00024901,-67.150634765625
9000000.00024902,-67.0941619873047
9000000.00024902,-67.0494995117188
9000000.00024903,-67.0175857543945
9000000.00024903,-66.9993591308594
9000000.00024904,-66.9957504272461
9000000.00024904,-67.0077056884766
9000000.00024905,-67.0361404418945
9000000.00024905,-67.0820083618164
9000000.00024906,-67.1462326049805
9000000.00024906,-67.229248046875
9000000.00024907,-67.3255310058594
9000000.00024907,-67.4341506958008
9000000.00024908,-67.5562133789063
9000000.00024908,-67.6928176879883
9000000.00024909,-67.8450622558594
9000000.00024909,-68.014045715332
9000000.0002491,-68.2008743286133
9000000.0002491,-68.4066390991211
9000000.00024911,-68.632438659668
9000000.00024911,-68.8793792724609
9000000.00024912,-69.1485595703125
9000000.00024912,-69.4410705566406
9000000.00024913,-69.7580261230469
9000000.00024913,-70.1283569335938
9000000.00024914,-70.5703964233398
9000000.00024914,-71.0693283081055
9000000.00024915,-71.6103134155273
9000000.00024915,-72.1785430908203
9000000.00024916,-72.7591857910156
9000000.00024916,-73.3374099731445
9000000.00024917,-73.8984069824219
9000000.00024917,-74.4273529052734
9000000.00024918,-74.9094085693359
9000000.00024918,-75.3297576904297
9000000.00024919,-75.673583984375
9000000.00024919,-75.9260559082031
9000000.0002492,-76.0807266235352
9000000.0002492,-76.1603317260742
9000000.00024921,-76.1740112304688
9000000.00024921,-76.1292037963867
9000000.00024922,-76.0333633422852
9000000.00024922,-75.8939514160156
9000000.00024923,-75.7184066772461
9000000.00024923,-75.5141906738281
9000000.00024924,-75.2887420654297
9000000.00024924,-75.0495300292969
9000000.00024925,-74.8039932250977
9000000.00024925,-74.5595855712891
9000000.00024926,-74.3237609863281
9000000.00024926,-74.1010665893555
9000000.00024927,-73.8602905273438
9000000.00024927,-73.5942764282227
9000000.00024928,-73.307243347168
9000000.00024928,-73.0034103393555
9000000.00024929,-72.6869964599609
9000000.00024929,-72.3622055053711
9000000.0002493,-72.0332641601563
9000000.0002493,-71.7043914794922
9000000.00024931,-71.3797912597656
9000000.00024931,-71.0636978149414
9000000.00024932,-70.7603073120117
9000000.00024932,-70.4738540649414
9000000.00024933,-70.2085418701172
9000000.00024933,-69.9571990966797
9000000.00024934,-69.7102584838867
9000000.00024934,-69.4683685302734
9000000.00024935,-69.2321701049805
9000000.00024935,-69.002311706543
9000000.00024936,-68.7794342041016
9000000.00024936,-68.5641784667969
9000000.00024937,-68.3571853637695
9000000.00024937,-68.1591110229492
9000000.00024938,-67.970588684082
9000000.00024938,-67.7922668457031
9000000.00024939,-67.6247863769531
9000000.00024939,-67.4687881469727
9000000.0002494,-67.3228759765625
9000000.0002494,-67.1814041137695
9000000.00024941,-67.0453186035156
9000000.00024941,-66.9160919189453
9000000.00024942,-66.7952041625977
9000000.00024942,-66.6841278076172
9000000.00024943,-66.584342956543
9000000.00024943,-66.4973068237305
9000000.00024944,-66.4245147705078
9000000.00024944,-66.3674240112305
9000000.00024945,-66.3275146484375
9000000.00024945,-66.306266784668
9000000.00024946,-66.3051528930664
9000000.00024946,-66.3253936767578
9000000.00024947,-66.3646621704102
9000000.00024947,-66.4215927124023
9000000.00024948,-66.4956741333008
9000000.00024948,-66.5863647460938
9000000.00024949,-66.6931533813477
9000000.00024949,-66.8155059814453
9000000.0002495,-66.9529113769531
9000000.0002495,-67.1048431396484
9000000.00024951,-67.2707672119141
9000000.00024951,-67.4501724243164
9000000.00024952,-67.6425247192383
9000000.00024952,-67.8473052978516
9000000.00024953,-68.0639953613281
9000000.00024953,-68.3091278076172
9000000.00024954,-68.5944747924805
9000000.00024954,-68.9123229980469
9000000.00024955,-69.2550048828125
9000000.00024955,-69.6148071289063
9000000.00024956,-69.9840469360352
9000000.00024956,-70.3550262451172
9000000.00024957,-70.7200546264648
9000000.00024957,-71.0714340209961
9000000.00024958,-71.4014739990234
9000000.00024958,-71.7024841308594
9000000.00024959,-71.9667739868164
9000000.00024959,-72.186637878418
9000000.0002496,-72.3609085083008
9000000.0002496,-72.5073471069336
9000000.00024961,-72.6289672851563
9000000.00024961,-72.7273406982422
9000000.00024962,-72.8040084838867
9000000.00024962,-72.8605422973633
9000000.00024963,-72.8984985351563
9000000.00024963,-72.91943359375
9000000.00024964,-72.9249114990234
9000000.00024964,-72.9164886474609
9000000.00024965,-72.8957138061523
9000000.00024965,-72.8641662597656
9000000.00024966,-72.8233871459961
9000000.00024966,-72.7736587524414
9000000.00024967,-72.7005462646484
9000000.00024967,-72.6024398803711
9000000.00024968,-72.483024597168
9000000.00024968,-72.3459701538086
9000000.00024969,-72.194953918457
9000000.00024969,-72.0336456298828
9000000.0002497,-71.86572265625
9000000.0002497,-71.6948623657227
9000000.00024971,-71.5247344970703
9000000.00024971,-71.3590240478516
9000000.00024972,-71.2014007568359
9000000.00024972,-71.055534362793
9000000.00024973,-70.9251022338867
9000000.00024973,-70.8041000366211
9000000.00024974,-70.6843414306641
9000000.00024974,-70.5662841796875
9000000.00024975,-70.4503707885742
9000000.00024975,-70.337028503418
9000000.00024976,-70.2267150878906
9000000.00024976,-70.119873046875
9000000.00024977,-70.0169372558594
9000000.00024977,-69.9183502197266
9000000.00024978,-69.8245620727539
9000000.00024978,-69.7360076904297
9000000.00024979,-69.6531372070313
9000000.00024979,-69.5763854980469
9000000.0002498,-69.5035552978516
9000000.0002498,-69.4273300170898
9000000.00024981,-69.3493499755859
9000000.00024981,-69.2719650268555
9000000.00024982,-69.197509765625
9000000.00024982,-69.1283187866211
9000000.00024983,-69.0667266845703
9000000.00024983,-69.0150756835938
9000000.00024984,-68.9757080078125
9000000.00024984,-68.9509658813477
9000000.00024985,-68.9431762695313
9000000.00024985,-68.9546813964844
9000000.00024986,-68.9878234863281
9000000.00024986,-69.0426330566406
9000000.00024987,-69.0929183959961
9000000.00024987,-69.1362228393555
9000000.00024988,-69.1796493530273
9000000.00024988,-69.2303237915039
9000000.00024989,-69.2953414916992
9000000.00024989,-69.3818206787109
9000000.0002499,-69.4968719482422
9000000.0002499,-69.6475982666016
9000000.00024991,-69.8411178588867
9000000.00024991,-70.0845260620117
9000000.00024992,-70.3849563598633
9000000.00024992,-70.7494964599609
9000000.00024993,-71.1852722167969
9000000.00024993,-71.7508850097656
9000000.00024994,-72.4779891967773
9000000.00024994,-73.3332748413086
9000000.00024995,-74.2834243774414
9000000.00024995,-75.2951202392578
9000000.00024996,-76.3350448608398
9000000.00024996,-77.3698806762695
9000000.00024997,-78.3663177490234
9000000.00024997,-79.2910385131836
9000000.00024998,-80.1107177734375
9000000.00024998,-80.7920532226563
9000000.00024999,-81.3017196655273
9000000.00024999,-81.6063995361328
9000000.00025,-81.6840057373047
9000000.00025,-81.5646667480469
9000000.00025001,-81.2749481201172
9000000.00025001,-80.8397216796875
9000000.00025002,-80.283821105957
9000000.00025002,-79.6321182250977
9000000.00025003,-78.9094543457031
9000000.00025003,-78.1406936645508
9000000.00025004,-77.3506774902344
9000000.00025004,-76.5642700195313
9000000.00025005,-75.8063201904297
9000000.00025005,-75.101676940918
9000000.00025006,-74.4752044677734
9000000.00025006,-73.944938659668
9000000.00025007,-73.4403533935547
9000000.00025007,-72.9380645751953
9000000.00025008,-72.4402618408203
9000000.00025008,-71.9491424560547
9000000.00025009,-71.466911315918
9000000.00025009,-70.9957580566406
9000000.0002501,-70.5378875732422
9000000.0002501,-70.0954895019531
9000000.00025011,-69.6707763671875
9000000.00025011,-69.2659301757813
9000000.00025012,-68.8831558227539
9000000.00025012,-68.5246505737305
9000000.00025013,-68.1926116943359
9000000.00025013,-67.8838500976563
9000000.00025014,-67.5937652587891
9000000.00025014,-67.3224182128906
9000000.00025015,-67.0698776245117
9000000.00025015,-66.8361968994141
9000000.00025016,-66.6214599609375
9000000.00025016,-66.4257125854492
9000000.00025017,-66.2490234375
9000000.00025017,-66.0914688110352
9000000.00025018,-65.9531097412109
9000000.00025018,-65.8340072631836
9000000.00025019,-65.7342224121094
9000000.00025019,-65.6538314819336
9000000.0002502,-65.589973449707
9000000.0002502,-65.5346069335938
9000000.00025021,-65.4899749755859
9000000.00025021,-65.4591293334961
9000000.00025022,-65.4451065063477
9000000.00025022,-65.4509429931641
9000000.00025023,-65.4796829223633
9000000.00025023,-65.5343627929688
9000000.00025024,-65.6180267333984
9000000.00025024,-65.7337036132813
9000000.00025025,-65.8844451904297
9000000.00025025,-66.0732879638672
9000000.00025026,-66.3032684326172
9000000.00025026,-66.5784301757813
9000000.00025027,-66.9118347167969
9000000.00025027,-67.3009033203125
9000000.00025028,-67.7382431030273
9000000.00025028,-68.2164764404297
9000000.00025029,-68.7282333374023
9000000.00025029,-69.2661209106445
9000000.0002503,-69.8227615356445
9000000.0002503,-70.3907775878906
9000000.00025031,-70.9627914428711
9000000.00025031,-71.5314102172852
9000000.00025032,-72.0892639160156
9000000.00025032,-72.6289672851563
9000000.00025033,-73.1431427001953
9000000.00025033,-73.6685028076172
9000000.00025034,-74.2381134033203
9000000.00025034,-74.8390808105469
9000000.00025035,-75.4585494995117
9000000.00025035,-76.083625793457
9000000.00025036,-76.7014465332031
9000000.00025036,-77.2991333007813
9000000.00025037,-77.8638000488281
9000000.00025037,-78.3825759887695
9000000.00025038,-78.8425903320313
9000000.00025038,-79.2309646606445
9000000.00025039,-79.5348205566406
9000000.00025039,-79.7412796020508
9000000.0002504,-79.8394546508789
9000000.0002504,-79.8344955444336
9000000.00025041,-79.7385406494141
9000000.00025041,-79.5637130737305
9000000.00025042,-79.3221206665039
9000000.00025042,-79.0258941650391
9000000.00025043,-78.6871337890625
9000000.00025043,-78.3179702758789
9000000.00025044,-77.9305114746094
9000000.00025044,-77.5368728637695
9000000.00025045,-77.1491775512695
9000000.00025045,-76.7795333862305
9000000.00025046,-76.4400634765625
9000000.00025046,-76.1392135620117
9000000.00025047,-75.8386535644531
9000000.00025047,-75.5269165039063
9000000.00025048,-75.2064819335938
9000000.00025048,-74.8798141479492
9000000.00025049,-74.5493850708008
9000000.00025049,-74.2176742553711
9000000.0002505,-73.8871383666992
9000000.0002505,-73.5602645874023
9000000.00025051,-73.2395095825195
9000000.00025051,-72.927360534668
9000000.00025052,-72.6262741088867
9000000.00025052,-72.3387298583984
9000000.00025053,-72.0671920776367
9000000.00025053,-71.8054656982422
9000000.00025054,-71.5465850830078
9000000.00025054,-71.2919006347656
9000000.00025055,-71.0427627563477
9000000.00025055,-70.8005218505859
9000000.00025056,-70.566535949707
9000000.00025056,-70.3421478271484
9000000.00025057,-70.1287078857422
9000000.00025057,-69.9275741577148
9000000.00025058,-69.7400894165039
9000000.00025058,-69.5676040649414
9000000.00025059,-69.4114761352539
9000000.00025059,-69.2730484008789
9000000.0002506,-69.1498413085938
9000000.0002506,-69.0313186645508
9000000.00025061,-68.9190902709961
9000000.00025061,-68.8157577514648
9000000.00025062,-68.7238998413086
9000000.00025062,-68.646125793457
9000000.00025063,-68.5850219726563
9000000.00025063,-68.5431823730469
9000000.00025064,-68.5232086181641
9000000.00025064,-68.5276870727539
9000000.00025065,-68.559211730957
9000000.00025065,-68.6203842163086
9000000.00025066,-68.7137985229492
9000000.00025066,-68.8424072265625
9000000.00025067,-69.0116577148438
9000000.00025067,-69.2192535400391
9000000.00025068,-69.4609298706055
9000000.00025068,-69.7323913574219
9000000.00025069,-70.0293579101563
9000000.00025069,-70.3475494384766
9000000.0002507,-70.6826858520508
9000000.0002507,-71.0304870605469
9000000.00025071,-71.3866577148438
9000000.00025071,-71.7469253540039
9000000.00025072,-72.1070098876953
9000000.00025072,-72.4626235961914
9000000.00025073,-72.8094787597656
9000000.00025073,-73.1799011230469
9000000.00025074,-73.6004943847656
9000000.00025074,-74.0584487915039
9000000.00025075,-74.5409164428711
9000000.00025075,-75.0350875854492
9000000.00025076,-75.5281295776367
9000000.00025076,-76.0072250366211
9000000.00025077,-76.4595336914063
9000000.00025077,-76.8722457885742
9000000.00025078,-77.2325210571289
9000000.00025078,-77.5275421142578
9000000.00025079,-77.7444763183594
9000000.00025079,-77.8705062866211
9000000.0002508,-77.8956451416016
9000000.0002508,-77.8274154663086
9000000.00025081,-77.6772308349609
9000000.00025081,-77.4562301635742
9000000.00025082,-77.1755523681641
9000000.00025082,-76.8463439941406
9000000.00025083,-76.4797515869141
9000000.00025083,-76.0869216918945
9000000.00025084,-75.6789855957031
9000000.00025084,-75.2670974731445
9000000.00025085,-74.8623962402344
9000000.00025085,-74.4760208129883
9000000.00025086,-74.1191253662109
9000000.00025086,-73.7994995117188
9000000.00025087,-73.4822082519531
9000000.00025087,-73.1567153930664
9000000.00025088,-72.8251876831055
9000000.00025088,-72.4897689819336
9000000.00025089,-72.1526336669922
9000000.00025089,-71.8159408569336
9000000.0002509,-71.4818496704102
9000000.0002509,-71.1525192260742
9000000.00025091,-70.8301162719727
9000000.00025091,-70.5167922973633
9000000.00025092,-70.214714050293
9000000.00025092,-69.9260406494141
9000000.00025093,-69.6529312133789
9000000.00025093,-69.3912582397461
9000000.00025094,-69.1358184814453
9000000.00025094,-68.8871612548828
9000000.00025095,-68.6458358764648
9000000.00025095,-68.4123916625977
9000000.00025096,-68.1873779296875
9000000.00025096,-67.9713363647461
9000000.00025097,-67.7648162841797
9000000.00025097,-67.5683746337891
9000000.00025098,-67.3825607299805
9000000.00025098,-67.2079162597656
9000000.00025099,-67.0449905395508
9000000.00025099,-66.8943405151367
9000000.000251,-66.7547073364258
9000000.000251,-66.6211624145508
9000000.00025101,-66.4945449829102
9000000.00025101,-66.3761596679688
9000000.00025102,-66.2673263549805
9000000.00025102,-66.1693496704102
9000000.00025103,-66.0835266113281
9000000.00025103,-66.0111770629883
9000000.00025104,-65.9535980224609
9000000.00025104,-65.912109375
9000000.00025105,-65.8880081176758
9000000.00025105,-65.8826065063477
9000000.00025106,-65.897216796875
9000000.00025106,-65.9320983886719
9000000.00025107,-65.9755020141602
9000000.00025107,-66.0260848999023
9000000.00025108,-66.0868072509766
9000000.00025108,-66.1606292724609
9000000.00025109,-66.25048828125
9000000.00025109,-66.3593521118164
9000000.0002511,-66.4901733398438
9000000.0002511,-66.6459045410156
9000000.00025111,-66.8294906616211
9000000.00025111,-67.0438995361328
9000000.00025112,-67.2920837402344
9000000.00025112,-67.5769882202148
9000000.00025113,-67.9015731811523
9000000.00025113,-68.2999038696289
9000000.00025114,-68.7916946411133
9000000.00025114,-69.3583755493164
9000000.00025115,-69.9813842773438
9000000.00025115,-70.6421508789063
9000000.00025116,-71.3221054077148
9000000.00025116,-72.0026779174805
9000000.00025117,-72.6653060913086
9000000.00025117,-73.2914199829102
9000000.00025118,-73.8624496459961
9000000.00025118,-74.3598327636719
9000000.00025119,-74.7649993896484
9000000.00025119,-75.0593795776367
9000000.0002512,-75.2362747192383
9000000.0002512,-75.3279495239258
9000000.00025121,-75.3447494506836
9000000.00025121,-75.2945327758789
9000000.00025122,-75.185188293457
9000000.00025122,-75.0245666503906
9000000.00025123,-74.8205413818359
9000000.00025123,-74.5809936523438
9000000.00025124,-74.3137741088867
9000000.00025124,-74.0267639160156
9000000.00025125,-73.7278289794922
9000000.00025125,-73.4248352050781
9000000.00025126,-73.1256637573242
9000000.00025126,-72.8344116210938
9000000.00025127,-72.5099792480469
9000000.00025127,-72.1447067260742
9000000.00025128,-71.7459182739258
9000000.00025128,-71.3209457397461
9000000.00025129,-70.8771133422852
9000000.00025129,-70.4217529296875
9000000.0002513,-69.9621810913086
9000000.0002513,-69.5057373046875
9000000.00025131,-69.0597381591797
9000000.00025131,-68.6315155029297
9000000.00025132,-68.2283935546875
9000000.00025132,-67.8576965332031
9000000.00025133,-67.5267562866211
9000000.00025133,-67.2228851318359
9000000.00025134,-66.929313659668
9000000.00025134,-66.6472778320313
9000000.00025135,-66.3779907226563
9000000.00025135,-66.1226806640625
9000000.00025136,-65.882568359375
9000000.00025136,-65.6588745117188
9000000.00025137,-65.4528274536133
9000000.00025137,-65.2656478881836
9000000.00025138,-65.0985565185547
9000000.00025138,-64.9527816772461
9000000.00025139,-64.8295440673828
9000000.00025139,-64.7300643920898
9000000.0002514,-64.6536254882813
9000000.0002514,-64.5948715209961
9000000.00025141,-64.554069519043
9000000.00025141,-64.5319290161133
9000000.00025142,-64.529182434082
9000000.00025142,-64.5465545654297
9000000.00025143,-64.5847625732422
9000000.00025143,-64.6445388793945
9000000.00025144,-64.7266006469727
9000000.00025144,-64.8316802978516
9000000.00025145,-64.9604949951172
9000000.00025145,-65.1137771606445
9000000.00025146,-65.2922439575195
9000000.00025146,-65.495246887207
9000000.00025147,-65.7068786621094
9000000.00025147,-65.9262771606445
9000000.00025148,-66.1583862304688
9000000.00025148,-66.4081649780273
9000000.00025149,-66.6805725097656
9000000.00025149,-66.9805603027344
9000000.0002515,-67.3130798339844
9000000.0002515,-67.6830825805664
9000000.00025151,-68.0955352783203
9000000.00025151,-68.5553741455078
9000000.00025152,-69.0675659179688
9000000.00025152,-69.6370544433594
9000000.00025153,-70.2688064575195
9000000.00025153,-71.0297698974609
9000000.00025154,-71.9596633911133
9000000.00025154,-73.0225601196289
9000000.00025155,-74.1825408935547
9000000.00025155,-75.403678894043
9000000.00025156,-76.6500549316406
9000000.00025156,-77.8857345581055
9000000.00025157,-79.0748138427734
9000000.00025157,-80.1813583374023
9000000.00025158,-81.1694564819336
9000000.00025158,-82.0031661987305
9000000.00025159,-82.6465835571289
9000000.00025159,-83.0637817382813
9000000.0002516,-83.2309265136719
9000000.0002516,-83.1804656982422
9000000.00025161,-82.9410781860352
9000000.00025161,-82.5395584106445
9000000.00025162,-82.0027236938477
9000000.00025162,-81.3573837280273
9000000.00025163,-80.6303558349609
9000000.00025163,-79.8484344482422
9000000.00025164,-79.038444519043
9000000.00025164,-78.227180480957
9000000.00025165,-77.4414672851563
9000000.00025165,-76.7081069946289
9000000.00025166,-76.0539093017578
9000000.00025166,-75.4981307983398
9000000.00025167,-74.9623107910156
9000000.00025167,-74.4211959838867
9000000.00025168,-73.8779830932617
9000000.00025168,-73.3358917236328
9000000.00025169,-72.7981338500977
9000000.00025169,-72.2679290771484
9000000.0002517,-71.7484817504883
9000000.0002517,-71.2430114746094
9000000.00025171,-70.7547302246094
9000000.00025171,-70.2868576049805
9000000.00025172,-69.8425979614258
9000000.00025172,-69.4251708984375
9000000.00025173,-69.0377883911133
9000000.00025173,-68.6747360229492
9000000.00025174,-68.3285751342773
9000000.00025174,-67.9999084472656
9000000.00025175,-67.6893310546875
9000000.00025175,-67.3974685668945
9000000.00025176,-67.1249160766602
9000000.00025176,-66.8722839355469
9000000.00025177,-66.6401748657227
9000000.00025177,-66.4291915893555
9000000.00025178,-66.2399520874023
9000000.00025178,-66.0730590820313
9000000.00025179,-65.9291152954102
9000000.00025179,-65.808723449707
9000000.0002518,-65.7115020751953
9000000.0002518,-65.6347198486328
9000000.00025181,-65.5785140991211
9000000.00025181,-65.5432891845703
9000000.00025182,-65.529426574707
9000000.00025182,-65.5373229980469
9000000.00025183,-65.5673675537109
9000000.00025183,-65.6199569702148
9000000.00025184,-65.6954727172852
9000000.00025184,-65.794319152832
9000000.00025185,-65.916877746582
9000000.00025185,-66.0635452270508
9000000.00025186,-66.2347030639648
9000000.00025186,-66.4319000244141
9000000.00025187,-66.6686782836914
9000000.00025187,-66.9448623657227
9000000.00025188,-67.2553100585938
9000000.00025188,-67.5948867797852
9000000.00025189,-67.9584503173828
9000000.00025189,-68.3408432006836
9000000.0002519,-68.736946105957
9000000.0002519,-69.1415939331055
9000000.00025191,-69.5496673583984
9000000.00025191,-69.9560089111328
9000000.00025192,-70.3554763793945
9000000.00025192,-70.7429428100586
9000000.00025193,-71.1132507324219
9000000.00025193,-71.4889144897461
9000000.00025194,-71.8908843994141
9000000.00025194,-72.3116836547852
9000000.00025195,-72.7438430786133
9000000.00025195,-73.1798858642578
9000000.00025196,-73.6123275756836
9000000.00025196,-74.0337066650391
9000000.00025197,-74.4365310668945
9000000.00025197,-74.8133392333984
9000000.00025198,-75.1566467285156
9000000.00025198,-75.4589767456055
9000000.00025199,-75.7128677368164
9000000.00025199,-75.9108276367188
9000000.000252,-76.0498352050781
9000000.000252,-76.141960144043
9000000.00025201,-76.1916351318359
9000000.00025201,-76.2023773193359
9000000.00025202,-76.1777191162109
9000000.00025202,-76.1211700439453
9000000.00025203,-76.036262512207
9000000.00025203,-75.9265213012695
9000000.00025204,-75.7954559326172
9000000.00025204,-75.646598815918
9000000.00025205,-75.4834671020508
9000000.00025205,-75.3095932006836
9000000.00025206,-75.1284866333008
9000000.00025206,-74.9417724609375
9000000.00025207,-74.7284469604492
9000000.00025207,-74.4850540161133
9000000.00025208,-74.2157897949219
9000000.00025208,-73.9248428344727
9000000.00025209,-73.6164245605469
9000000.00025209,-73.2947235107422
9000000.0002521,-72.9639358520508
9000000.0002521,-72.6282730102539
9000000.00025211,-72.2919158935547
9000000.00025211,-71.9590759277344
9000000.00025212,-71.6339416503906
9000000.00025212,-71.3207092285156
9000000.00025213,-71.0235824584961
9000000.00025213,-70.7321472167969
9000000.00025214,-70.4346694946289
9000000.00025214,-70.1333847045898
9000000.00025215,-69.8305206298828
9000000.00025215,-69.5283126831055
9000000.00025216,-69.2289810180664
9000000.00025216,-68.9347763061523
9000000.00025217,-68.6479110717773
9000000.00025217,-68.3706283569336
9000000.00025218,-68.1051559448242
9000000.00025218,-67.8537292480469
9000000.00025219,-67.6185760498047
9000000.00025219,-67.4019241333008
9000000.0002522,-67.2022399902344
9000000.0002522,-67.0092010498047
9000000.00025221,-66.8234252929688
9000000.00025221,-66.6464538574219
9000000.00025222,-66.4798431396484
9000000.00025222,-66.3251419067383
9000000.00025223,-66.1838912963867
9000000.00025223,-66.0576477050781
9000000.00025224,-65.9479598999023
9000000.00025224,-65.8563690185547
9000000.00025225,-65.7844314575195
9000000.00025225,-65.7336883544922
9000000.00025226,-65.705696105957
9000000.00025226,-65.7021789550781
9000000.00025227,-65.725830078125
9000000.00025227,-65.775276184082
9000000.00025228,-65.8481597900391
9000000.00025228,-65.9421081542969
9000000.00025229,-66.0547714233398
9000000.00025229,-66.1837844848633
9000000.0002523,-66.326774597168
9000000.0002523,-66.4813766479492
9000000.00025231,-66.6452407836914
9000000.00025231,-66.8159942626953
9000000.00025232,-66.9912719726563
9000000.00025232,-67.1687164306641
9000000.00025233,-67.3459625244141
9000000.00025233,-67.5413970947266
9000000.00025234,-67.7700881958008
9000000.00025234,-68.0246810913086
9000000.00025235,-68.2978363037109
9000000.00025235,-68.5821990966797
9000000.00025236,-68.8704147338867
9000000.00025236,-69.155143737793
9000000.00025237,-69.4290313720703
9000000.00025237,-69.6847305297852
9000000.00025238,-69.9148941040039
9000000.00025238,-70.1121673583984
9000000.00025239,-70.2692031860352
9000000.00025239,-70.378662109375
9000000.0002524,-70.4378280639648
9000000.0002524,-70.4593200683594
9000000.00025241,-70.4472885131836
9000000.00025241,-70.404899597168
9000000.00025242,-70.335319519043
9000000.00025242,-70.2417221069336
9000000.00025243,-70.1272811889648
9000000.00025243,-69.9951705932617
9000000.00025244,-69.8485488891602
9000000.00025244,-69.6905975341797
9000000.00025245,-69.5244827270508
9000000.00025245,-69.3533706665039
9000000.00025246,-69.1804428100586
9000000.00025246,-69.0070037841797
9000000.00025247,-68.8123626708984
9000000.00025247,-68.593376159668
9000000.00025248,-68.3544540405273
9000000.00025248,-68.1000061035156
9000000.00025249,-67.8344345092773
9000000.00025249,-67.5621643066406
9000000.0002525,-67.2875823974609
9000000.0002525,-67.0151062011719
9000000.00025251,-66.749153137207
9000000.00025251,-66.4941101074219
9000000.00025252,-66.2544021606445
9000000.00025252,-66.0344314575195
9000000.00025253,-65.8386077880859
9000000.00025253,-65.6565856933594
9000000.00025254,-65.4764404296875
9000000.00025254,-65.3002471923828
9000000.00025255,-65.1300354003906
9000000.00025255,-64.9678802490234
9000000.00025256,-64.8158340454102
9000000.00025256,-64.6759414672852
9000000.00025257,-64.5502624511719
9000000.00025257,-64.4408493041992
9000000.00025258,-64.3497619628906
9000000.00025258,-64.2790451049805
9000000.00025259,-64.2307739257813
9000000.00025259,-64.2069778442383
9000000.0002526,-64.2059707641602
9000000.0002526,-64.2174301147461
9000000.00025261,-64.2421569824219
9000000.00025261,-64.2818908691406
9000000.00025262,-64.3383712768555
9000000.00025262,-64.413330078125
9000000.00025263,-64.5085144042969
9000000.00025263,-64.6256408691406
9000000.00025264,-64.7664642333984
9000000.00025264,-64.9327163696289
9000000.00025265,-65.1261291503906
9000000.00025265,-65.3484420776367
9000000.00025266,-65.6013870239258
9000000.00025266,-65.8885345458984
9000000.00025267,-66.2320404052734
9000000.00025267,-66.6306228637695
9000000.00025268,-67.0748825073242
9000000.00025268,-67.5554046630859
9000000.00025269,-68.0627822875977
9000000.00025269,-68.5876083374023
9000000.0002527,-69.1204833984375
9000000.0002527,-69.6519927978516
9000000.00025271,-70.172737121582
9000000.00025271,-70.6733093261719
9000000.00025272,-71.1442947387695
9000000.00025272,-71.5762939453125
9000000.00025273,-71.9598922729492
9000000.00025273,-72.3141632080078
9000000.00025274,-72.6624755859375
9000000.00025274,-73.0019302368164
9000000.00025275,-73.3295974731445
9000000.00025275,-73.6425628662109
9000000.00025276,-73.9379196166992
9000000.00025276,-74.2127380371094
9000000.00025277,-74.4641189575195
9000000.00025277,-74.6891326904297
9000000.00025278,-74.8848648071289
9000000.00025278,-75.0484085083008
9000000.00025279,-75.1768417358398
9000000.00025279,-75.2672424316406
9000000.0002528,-75.3146591186523
9000000.0002528,-75.3133926391602
9000000.00025281,-75.268180847168
9000000.00025281,-75.1844100952148
9000000.00025282,-75.0674896240234
9000000.00025282,-74.9228134155273
9000000.00025283,-74.7557754516602
9000000.00025283,-74.5717849731445
9000000.00025284,-74.3762359619141
9000000.00025284,-74.1745223999023
9000000.00025285,-73.972053527832
9000000.00025285,-73.7742156982422
9000000.00025286,-73.5864105224609
9000000.00025286,-73.4122772216797
9000000.00025287,-73.233039855957
9000000.00025287,-73.043586730957
9000000.00025288,-72.8455963134766
9000000.00025288,-72.6407699584961
9000000.00025289,-72.430793762207
9000000.00025289,-72.2173614501953
9000000.0002529,-72.0021591186523
9000000.0002529,-71.7868881225586
9000000.00025291,-71.5732269287109
9000000.00025291,-71.3628768920898
9000000.00025292,-71.1575164794922
9000000.00025292,-70.958854675293
9000000.00025293,-70.7685623168945
9000000.00025293,-70.5811386108398
9000000.00025294,-70.3909606933594
9000000.00025294,-70.1995620727539
9000000.00025295,-70.0084991455078
9000000.00025295,-69.8193054199219
9000000.00025296,-69.6335220336914
9000000.00025296,-69.4526977539063
9000000.00025297,-69.2783584594727
9000000.00025297,-69.1120529174805
9000000.00025298,-68.9553298950195
9000000.00025298,-68.8097229003906
9000000.00025299,-68.6767730712891
9000000.00025299,-68.5580215454102
9000000.000253,-68.450798034668
9000000.000253,-68.3435363769531
9000000.00025301,-68.2379302978516
9000000.00025301,-68.1367797851563
9000000.00025302,-68.0428619384766
9000000.00025302,-67.9589691162109
9000000.00025303,-67.8878860473633
9000000.00025303,-67.832405090332
9000000.00025304,-67.7953033447266
9000000.00025304,-67.7793807983398
9000000.00025305,-67.7874069213867
9000000.00025305,-67.8221817016602
9000000.00025306,-67.8864898681641
9000000.00025306,-67.9824676513672
9000000.00025307,-68.1036224365234
9000000.00025307,-68.2473449707031
9000000.00025308,-68.4133834838867
9000000.00025308,-68.6014938354492
9000000.00025309,-68.8114242553711
9000000.00025309,-69.0429153442383
9000000.0002531,-69.2957305908203
9000000.0002531,-69.5696105957031
9000000.00025311,-69.8643112182617
9000000.00025311,-70.179573059082
9000000.00025312,-70.5151596069336
9000000.00025312,-70.8708038330078
9000000.00025313,-71.2462692260742
9000000.00025313,-71.6837921142578
9000000.00025314,-72.2121887207031
9000000.00025314,-72.8110809326172
9000000.00025315,-73.460090637207
9000000.00025315,-74.1388320922852
9000000.00025316,-74.8269271850586
9000000.00025316,-75.5040054321289
9000000.00025317,-76.1496810913086
9000000.00025317,-76.7435684204102
9000000.00025318,-77.2652969360352
9000000.00025318,-77.6944808959961
9000000.00025319,-78.0107498168945
9000000.00025319,-78.1937103271484
9000000.0002532,-78.2290191650391
9000000.0002532,-78.1327819824219
9000000.00025321,-77.9219207763672
9000000.00025321,-77.6125335693359
9000000.00025322,-77.2207336425781
9000000.00025322,-76.7626113891602
9000000.00025323,-76.254264831543
9000000.00025323,-75.7118072509766
9000000.00025324,-75.1513214111328
9000000.00025324,-74.5889205932617
9000000.00025325,-74.0406951904297
9000000.00025325,-73.5227508544922
9000000.00025326,-73.0511856079102
9000000.00025326,-72.6372222900391
9000000.00025327,-72.2296829223633
9000000.00025327,-71.8133392333984
9000000.00025328,-71.3915557861328
9000000.00025328,-70.9676895141602
9000000.00025329,-70.5451126098633
9000000.00025329,-70.1271820068359
9000000.0002533,-69.7172546386719
9000000.0002533,-69.3187103271484
9000000.00025331,-68.9348907470703
9000000.00025331,-68.5691680908203
9000000.00025332,-68.2249069213867
9000000.00025332,-67.9054718017578
9000000.00025333,-67.6142120361328
9000000.00025333,-67.3445816040039
9000000.00025334,-67.08837890625
9000000.00025334,-66.8465270996094
9000000.00025335,-66.6199417114258
9000000.00025335,-66.4095611572266
9000000.00025336,-66.2162857055664
9000000.00025336,-66.0410461425781
9000000.00025337,-65.884765625
9000000.00025337,-65.7483520507813
9000000.00025338,-65.6327438354492
9000000.00025338,-65.5388565063477
9000000.00025339,-65.4675979614258
9000000.00025339,-65.4199066162109
9000000.0002534,-65.3940505981445
9000000.0002534,-65.3827514648438
9000000.00025341,-65.3871459960938
9000000.00025341,-65.4090270996094
9000000.00025342,-65.4502029418945
9000000.00025342,-65.5124740600586
9000000.00025343,-65.5976409912109
9000000.00025343,-65.7075119018555
9000000.00025344,-65.843879699707
9000000.00025344,-66.0085601806641
9000000.00025345,-66.2033462524414
9000000.00025345,-66.430046081543
9000000.00025346,-66.6904602050781
9000000.00025346,-66.9889144897461
9000000.00025347,-67.3558807373047
9000000.00025347,-67.7901229858398
9000000.00025348,-68.2792434692383
9000000.00025348,-68.8108444213867
9000000.00025349,-69.3725280761719
9000000.00025349,-69.9518966674805
9000000.0002535,-70.5365524291992
9000000.0002535,-71.1141128540039
9000000.00025351,-71.6721572875977
9000000.00025351,-72.1983032226563
9000000.00025352,-72.6801528930664
9000000.00025352,-73.1053085327148
9000000.00025353,-73.4613723754883
9000000.00025353,-73.7734756469727
9000000.00025354,-74.0724639892578
9000000.00025354,-74.3544692993164
9000000.00025355,-74.6156539916992
9000000.00025355,-74.852165222168
9000000.00025356,-75.0601348876953
9000000.00025356,-75.235725402832
9000000.00025357,-75.3750762939453
9000000.00025357,-75.4743347167969
9000000.00025358,-75.529655456543
9000000.00025358,-75.5371780395508
9000000.00025359,-75.493049621582
9000000.00025359,-75.393424987793
9000000.0002536,-75.2273712158203
9000000.0002536,-74.9752731323242
9000000.00025361,-74.6468887329102
9000000.00025361,-74.2540054321289
9000000.00025362,-73.8084335327148
9000000.00025362,-73.3219604492188
9000000.00025363,-72.8064041137695
9000000.00025363,-72.273551940918
9000000.00025364,-71.7352142333984
9000000.00025364,-71.2031860351563
9000000.00025365,-70.6892700195313
9000000.00025365,-70.2052688598633
9000000.00025366,-69.7629776000977
9000000.00025366,-69.3708572387695
9000000.00025367,-68.9941101074219
9000000.00025367,-68.6216125488281
9000000.00025368,-68.2548675537109
9000000.00025368,-67.8953857421875
9000000.00025369,-67.5446701049805
9000000.00025369,-67.2042236328125
9000000.0002537,-66.8755569458008
9000000.0002537,-66.560173034668
9000000.00025371,-66.2595825195313
9000000.00025371,-65.9752807617188
9000000.00025372,-65.7087860107422
9000000.00025372,-65.4616012573242
9000000.00025373,-65.2352294921875
9000000.00025373,-65.0272674560547
9000000.00025374,-64.8344345092773
9000000.00025374,-64.6568603515625
9000000.00025375,-64.4946975708008
9000000.00025375,-64.3480987548828
9000000.00025376,-64.2172088623047
9000000.00025376,-64.1021728515625
9000000.00025377,-64.0031433105469
9000000.00025377,-63.9202651977539
9000000.00025378,-63.853687286377
9000000.00025378,-63.8035583496094
9000000.00025379,-63.7700271606445
9000000.00025379,-63.7532386779785
9000000.0002538,-63.7541656494141
9000000.0002538,-63.7750816345215
9000000.00025381,-63.8151702880859
9000000.00025381,-63.8733940124512
9000000.00025382,-63.9487113952637
9000000.00025382,-64.0400848388672
9000000.00025383,-64.1464614868164
9000000.00025383,-64.2668151855469
9000000.00025384,-64.4001007080078
9000000.00025384,-64.5452728271484
9000000.00025385,-64.7012939453125
9000000.00025385,-64.8671188354492
9000000.00025386,-65.0417175292969
9000000.00025386,-65.2253036499023
9000000.00025387,-65.4324417114258
9000000.00025387,-65.6642532348633
9000000.00025388,-65.9165649414063
9000000.00025388,-66.1851806640625
9000000.00025389,-66.4659118652344
9000000.00025389,-66.7545928955078
9000000.0002539,-67.0470199584961
9000000.0002539,-67.3390197753906
9000000.00025391,-67.6263961791992
9000000.00025391,-67.9049758911133
9000000.00025392,-68.1705703735352
9000000.00025392,-68.4189987182617
9000000.00025393,-68.6460647583008
9000000.00025393,-68.8628540039063
9000000.00025394,-69.0815200805664
9000000.00025394,-69.2994995117188
9000000.00025395,-69.5142364501953
9000000.00025395,-69.7231674194336
9000000.00025396,-69.9237365722656
9000000.00025396,-70.1133880615234
9000000.00025397,-70.28955078125
9000000.00025397,-70.4496688842773
9000000.00025398,-70.591194152832
9000000.00025398,-70.7115478515625
9000000.00025399,-70.8081817626953
9000000.00025399,-70.8785400390625
9000000.000254,-70.9197463989258
9000000.000254,-70.9309158325195
9000000.00025401,-70.9150161743164
9000000.00025401,-70.8751907348633
9000000.00025402,-70.8145980834961
9000000.00025402,-70.7363891601563
9000000.00025403,-70.6437149047852
9000000.00025403,-70.5397262573242
9000000.00025404,-70.4275741577148
9000000.00025404,-70.3104019165039
9000000.00025405,-70.1913757324219
9000000.00025405,-70.0736465454102
9000000.00025406,-69.9603500366211
9000000.00025406,-69.8531494140625
9000000.00025407,-69.7356872558594
9000000.00025407,-69.6048965454102
9000000.00025408,-69.4636688232422
9000000.00025408,-69.3149032592773
9000000.00025409,-69.161506652832
9000000.00025409,-69.0063781738281
9000000.0002541,-68.8524169921875
9000000.0002541,-68.7025146484375
9000000.00025411,-68.5595779418945
9000000.00025411,-68.4264984130859
9000000.00025412,-68.3061828613281
9000000.00025412,-68.201530456543
9000000.00025413,-68.1154403686523
9000000.00025413,-68.0431365966797
9000000.00025414,-67.978141784668
9000000.00025414,-67.9208374023438
9000000.00025415,-67.8715744018555
9000000.00025415,-67.8307266235352
9000000.00025416,-67.7986602783203
9000000.00025416,-67.7757263183594
9000000.00025417,-67.7622985839844
9000000.00025417,-67.7587509155273
9000000.00025418,-67.7654266357422
9000000.00025418,-67.7827072143555
9000000.00025419,-67.8109512329102
9000000.00025419,-67.8505249023438
9000000.0002542,-67.9013061523438
9000000.0002542,-67.9619598388672
9000000.00025421,-68.0324859619141
9000000.00025421,-68.1129913330078
9000000.00025422,-68.2036056518555
9000000.00025422,-68.304443359375
9000000.00025423,-68.4156188964844
9000000.00025423,-68.5372467041016
9000000.00025424,-68.6694412231445
9000000.00025424,-68.8123168945313
9000000.00025425,-68.9659957885742
9000000.00025425,-69.1305999755859
9000000.00025426,-69.3062286376953
9000000.00025426,-69.4944381713867
9000000.00025427,-69.7119979858398
9000000.00025427,-69.9590301513672
9000000.00025428,-70.2294998168945
9000000.00025428,-70.5173797607422
9000000.00025429,-70.8166427612305
9000000.00025429,-71.1212539672852
9000000.0002543,-71.4251861572266
9000000.0002543,-71.7224197387695
9000000.00025431,-72.0069122314453
9000000.00025431,-72.2726364135742
9000000.00025432,-72.5135726928711
9000000.00025432,-72.7236785888672
9000000.00025433,-72.8969421386719
9000000.00025433,-73.0419235229492
9000000.00025434,-73.1711654663086
9000000.00025434,-73.2845611572266
9000000.00025435,-73.3820190429688
9000000.00025435,-73.4634323120117
9000000.00025436,-73.5287017822266
9000000.00025436,-73.5777359008789
9000000.00025437,-73.6104354858398
9000000.00025437,-73.6266860961914
9000000.00025438,-73.6264038085938
9000000.00025438,-73.6094818115234
9000000.00025439,-73.5758209228516
9000000.00025439,-73.5253219604492
9000000.0002544,-73.4544296264648
9000000.0002544,-73.3536224365234
9000000.00025441,-73.2257537841797
9000000.00025441,-73.0746154785156
9000000.00025442,-72.9039993286133
9000000.00025442,-72.7176971435547
9000000.00025443,-72.5195007324219
9000000.00025443,-72.3132095336914
9000000.00025444,-72.1026077270508
9000000.00025444,-71.891487121582
9000000.00025445,-71.6836395263672
9000000.00025445,-71.4828643798828
9000000.00025446,-71.2929534912109
9000000.00025446,-71.1162872314453
9000000.00025447,-70.9378051757813
9000000.00025447,-70.7538986206055
9000000.00025448,-70.56640625
9000000.00025448,-70.3771820068359
9000000.00025449,-70.1880722045898
9000000.00025449,-70.0009460449219
9000000.0002545,-69.8176345825195
9000000.0002545,-69.640007019043
9000000.00025451,-69.4699020385742
9000000.00025451,-69.3091812133789
9000000.00025452,-69.1596984863281
9000000.00025452,-69.0232925415039
9000000.00025453,-68.9018249511719
9000000.00025453,-68.7925109863281
9000000.00025454,-68.6914138793945
9000000.00025454,-68.5986251831055
9000000.00025455,-68.5142517089844
9000000.00025455,-68.4383926391602
9000000.00025456,-68.3711471557617
9000000.00025456,-68.3126068115234
9000000.00025457,-68.2628860473633
9000000.00025457,-68.2220840454102
9000000.00025458,-68.1902923583984
9000000.00025458,-68.1676177978516
9000000.00025459,-68.1541519165039
9000000.00025459,-68.1500091552734
9000000.0002546,-68.1542205810547
9000000.0002546,-68.1638412475586
9000000.00025461,-68.1796112060547
9000000.00025461,-68.2025604248047
9000000.00025462,-68.2337188720703
9000000.00025462,-68.2741165161133
9000000.00025463,-68.3247604370117
9000000.00025463,-68.3866958618164
9000000.00025464,-68.4609375
9000000.00025464,-68.5485153198242
9000000.00025465,-68.6504516601563
9000000.00025465,-68.7677764892578
9000000.00025466,-68.9015197753906
9000000.00025466,-69.0537414550781
9000000.00025467,-69.2371292114258
9000000.00025467,-69.4509124755859
9000000.00025468,-69.6896896362305
9000000.00025468,-69.9480361938477
9000000.00025469,-70.2205505371094
9000000.00025469,-70.501823425293
9000000.0002547,-70.7864303588867
9000000.0002547,-71.0689697265625
9000000.00025471,-71.3440322875977
9000000.00025471,-71.6061935424805
9000000.00025472,-71.8500595092773
9000000.00025472,-72.0702056884766
9000000.00025473,-72.2612152099609
9000000.00025473,-72.4357299804688
9000000.00025474,-72.6083068847656
9000000.00025474,-72.7764663696289
9000000.00025475,-72.9377212524414
9000000.00025475,-73.0895919799805
9000000.00025476,-73.2295989990234
9000000.00025476,-73.3552551269531
9000000.00025477,-73.4640731811523
9000000.00025477,-73.5535736083984
9000000.00025478,-73.6212768554688
9000000.00025478,-73.6646881103516
9000000.00025479,-73.6813354492188
9000000.00025479,-73.6687316894531
9000000.0002548,-73.6223297119141
9000000.0002548,-73.5364227294922
9000000.00025481,-73.4152755737305
9000000.00025481,-73.2638320922852
9000000.00025482,-73.0870208740234
9000000.00025482,-72.8897857666016
9000000.00025483,-72.6770553588867
9000000.00025483,-72.4537658691406
9000000.00025484,-72.2248458862305
9000000.00025484,-71.9952392578125
9000000.00025485,-71.7698669433594
9000000.00025485,-71.5536804199219
9000000.00025486,-71.3516006469727
9000000.00025486,-71.1670532226563
9000000.00025487,-70.9841156005859
9000000.00025487,-70.7981109619141
9000000.00025488,-70.6101531982422
9000000.00025488,-70.4213638305664
9000000.00025489,-70.2328567504883
9000000.00025489,-70.0457458496094
9000000.0002549,-69.8611450195313
9000000.0002549,-69.68017578125
9000000.00025491,-69.5039443969727
9000000.00025491,-69.3335723876953
9000000.00025492,-69.1701736450195
9000000.00025492,-69.0148620605469
9000000.00025493,-68.8687515258789
9000000.00025493,-68.7301025390625
9000000.00025494,-68.5965042114258
9000000.00025494,-68.4680328369141
9000000.00025495,-68.3447875976563
9000000.00025495,-68.2268676757813
9000000.00025496,-68.1143569946289
9000000.00025496,-68.0073547363281
9000000.00025497,-67.9059524536133
9000000.00025497,-67.8102493286133
9000000.00025498,-67.7203216552734
9000000.00025498,-67.6362762451172
9000000.00025499,-67.5582046508789
9000000.00025499,-67.4861907958984
9000000.000255,-67.4182815551758
9000000.000255,-67.3488159179688
9000000.00025501,-67.2793197631836
9000000.00025501,-67.2118835449219
9000000.00025502,-67.1486053466797
9000000.00025502,-67.0915603637695
9000000.00025503,-67.0428466796875
9000000.00025503,-67.0045471191406
9000000.00025504,-66.9787521362305
9000000.00025504,-66.9675521850586
9000000.00025505,-66.973030090332
9000000.00025505,-66.9972763061523
9000000.00025506,-67.0423736572266
9000000.00025506,-67.1091766357422
9000000.00025507,-67.1838760375977
9000000.00025507,-67.2643966674805
9000000.00025508,-67.3537139892578
9000000.00025508,-67.4547882080078
9000000.00025509,-67.5705871582031
9000000.00025509,-67.7040863037109
9000000.0002551,-67.8582382202148
9000000.0002551,-68.036018371582
9000000.00025511,-68.2404022216797
9000000.00025511,-68.4743423461914
9000000.00025512,-68.7408065795898
9000000.00025512,-69.0427780151367
9000000.00025513,-69.3832092285156
9000000.00025513,-69.7995071411133
9000000.00025514,-70.3136291503906
9000000.00025514,-70.9053726196289
9000000.00025515,-71.5545425415039
9000000.00025515,-72.2409362792969
9000000.00025516,-72.9443511962891
9000000.00025516,-73.6445846557617
9000000.00025517,-74.3214340209961
9000000.00025517,-74.954704284668
9000000.00025518,-75.5241851806641
9000000.00025518,-76.0096893310547
9000000.00025519,-76.3910064697266
9000000.00025519,-76.6479339599609
9000000.0002552,-76.7706909179688
9000000.0002552,-76.7874984741211
9000000.00025521,-76.7115936279297
9000000.00025521,-76.5542068481445
9000000.00025522,-76.326545715332
9000000.00025522,-76.0398406982422
9000000.00025523,-75.7053146362305
9000000.00025523,-75.3341827392578
9000000.00025524,-74.9376754760742
9000000.00025524,-74.5270004272461
9000000.00025525,-74.113395690918
9000000.00025525,-73.7080688476563
9000000.00025526,-73.3222427368164
9000000.00025526,-72.9627990722656
9000000.00025527,-72.5829849243164
9000000.00025527,-72.1720275878906
9000000.00025528,-71.736198425293
9000000.00025528,-71.2817459106445
9000000.00025529,-70.8149337768555
9000000.00025529,-70.3420181274414
9000000.0002553,-69.869255065918
9000000.0002553,-69.4029083251953
9000000.00025531,-68.9492263793945
9000000.00025531,-68.5144805908203
9000000.00025532,-68.1049194335938
9000000.00025532,-67.7267990112305
9000000.00025533,-67.3863830566406
9000000.00025533,-67.0727691650391
9000000.00025534,-66.771598815918
9000000.00025534,-66.4839477539063
9000000.00025535,-66.2108917236328
9000000.00025535,-65.9535064697266
9000000.00025536,-65.7128677368164
9000000.00025536,-65.4900436401367
9000000.00025537,-65.2861175537109
9000000.00025537,-65.102165222168
9000000.00025538,-64.9392547607422
9000000.00025538,-64.7984619140625
9000000.00025539,-64.6808700561523
9000000.00025539,-64.5875549316406
9000000.0002554,-64.5187149047852
9000000.0002554,-64.4719924926758
9000000.00025541,-64.4469451904297
9000000.00025541,-64.4432907104492
9000000.00025542,-64.4607772827148
9000000.00025542,-64.4991226196289
9000000.00025543,-64.5580749511719
9000000.00025543,-64.6373596191406
9000000.00025544,-64.7367172241211
9000000.00025544,-64.8558731079102
9000000.00025545,-64.9945678710938
9000000.00025545,-65.1525344848633
9000000.00025546,-65.3295059204102
9000000.00025546,-65.5262298583984
9000000.00025547,-65.7546081542969
9000000.00025547,-66.0150299072266
9000000.00025548,-66.3035354614258
9000000.00025548,-66.6161804199219
9000000.00025549,-66.9490127563477
9000000.00025549,-67.2980651855469
9000000.0002555,-67.6594009399414
9000000.0002555,-68.0290603637695
9000000.00025551,-68.4030914306641
9000000.00025551,-68.7775421142578
9000000.00025552,-69.1484527587891
9000000.00025552,-69.5118713378906
9000000.00025553,-69.8638534545898
9000000.00025553,-70.2295227050781
9000000.00025554,-70.6302795410156
9000000.00025554,-71.0565643310547
9000000.00025555,-71.4988250732422
9000000.00025555,-71.9475021362305
9000000.00025556,-72.3930511474609
9000000.00025556,-72.8259124755859
9000000.00025557,-73.2365264892578
9000000.00025557,-73.615348815918
9000000.00025558,-73.9528121948242
9000000.00025558,-74.239372253418
9000000.00025559,-74.4654769897461
9000000.00025559,-74.6215591430664
9000000.0002556,-74.7020797729492
9000000.0002556,-74.7178573608398
9000000.00025561,-74.6758804321289
9000000.00025561,-74.5824356079102
9000000.00025562,-74.4438095092773
9000000.00025562,-74.2662887573242
9000000.00025563,-74.0561599731445
9000000.00025563,-73.8197174072266
9000000.00025564,-73.5632400512695
9000000.00025564,-73.2930221557617
9000000.00025565,-73.0153427124023
9000000.00025565,-72.7364883422852
9000000.00025566,-72.4627532958984
9000000.00025566,-72.1974182128906
9000000.00025567,-71.9076385498047
9000000.00025567,-71.5873031616211
9000000.00025568,-71.2422561645508
9000000.00025568,-70.8783645629883
9000000.00025569,-70.5014724731445
9000000.00025569,-70.117431640625
9000000.0002557,-69.7321014404297
9000000.0002557,-69.3513336181641
9000000.00025571,-68.9809799194336
9000000.00025571,-68.6268920898438
9000000.00025572,-68.2949295043945
9000000.00025572,-67.9909362792969
9000000.00025573,-67.7207794189453
9000000.00025573,-67.4742889404297
9000000.00025574,-67.2380599975586
9000000.00025574,-67.0130767822266
9000000.00025575,-66.8003387451172
9000000.00025575,-66.6008224487305
9000000.00025576,-66.41552734375
9000000.00025576,-66.2454299926758
9000000.00025577,-66.0915298461914
9000000.00025577,-65.9548187255859
9000000.00025578,-65.8362731933594
9000000.00025578,-65.7368850708008
9000000.00025579,-65.6576538085938
9000000.00025579,-65.5995559692383
9000000.0002558,-65.5636596679688
9000000.0002558,-65.5501861572266
9000000.00025581,-65.5580368041992
9000000.00025581,-65.5860366821289
9000000.00025582,-65.6330032348633
9000000.00025582,-65.6977691650391
9000000.00025583,-65.779167175293
9000000.00025583,-65.8760299682617
9000000.00025584,-65.9871673583984
9000000.00025584,-66.1114196777344
9000000.00025585,-66.2476119995117
9000000.00025585,-66.3945770263672
9000000.00025586,-66.551139831543
9000000.00025586,-66.7175369262695
9000000.00025587,-66.9099044799805
9000000.00025587,-67.129508972168
9000000.00025588,-67.3717346191406
9000000.00025588,-67.6319427490234
9000000.00025589,-67.9055252075195
9000000.00025589,-68.1878509521484
9000000.0002559,-68.4742889404297
9000000.0002559,-68.7602233886719
9000000.00025591,-69.041015625
9000000.00025591,-69.3120574951172
9000000.00025592,-69.568717956543
9000000.00025592,-69.8063735961914
9000000.00025593,-70.0204010009766
9000000.00025593,-70.2259902954102
9000000.00025594,-70.4385833740234
9000000.00025594,-70.6539077758789
9000000.00025595,-70.8677062988281
9000000.00025595,-71.0756988525391
9000000.00025596,-71.2736129760742
9000000.00025596,-71.4571838378906
9000000.00025597,-71.6221466064453
9000000.00025597,-71.7642288208008
9000000.00025598,-71.8791580200195
9000000.00025598,-71.9626617431641
9000000.00025599,-72.0104827880859
9000000.00025599,-72.0183410644531
9000000.000256,-71.9821243286133
9000000.000256,-71.9021377563477
9000000.00025601,-71.782829284668
9000000.00025601,-71.6287384033203
9000000.00025602,-71.4444274902344
9000000.00025602,-71.2344589233398
9000000.00025603,-71.0033721923828
9000000.00025603,-70.7557373046875
9000000.00025604,-70.4961090087891
9000000.00025604,-70.2290344238281
9000000.00025605,-69.9590835571289
9000000.00025605,-69.6907958984375
9000000.00025606,-69.4287338256836
9000000.00025606,-69.1753158569336
9000000.00025607,-68.9071502685547
9000000.00025607,-68.6198043823242
9000000.00025608,-68.3173751831055
9000000.00025608,-68.0039672851563
9000000.00025609,-67.6836776733398
9000000.00025609,-67.360595703125
9000000.0002561,-67.0388336181641
9000000.0002561,-66.7224807739258
9000000.00025611,-66.4156341552734
9000000.00025611,-66.1223983764648
9000000.00025612,-65.8468627929688
9000000.00025612,-65.593132019043
9000000.00025613,-65.3653106689453
9000000.00025613,-65.1543273925781
9000000.00025614,-64.9494857788086
9000000.00025614,-64.7524337768555
9000000.00025615,-64.5647964477539
9000000.00025615,-64.3882217407227
9000000.00025616,-64.2243347167969
9000000.00025616,-64.0747909545898
9000000.00025617,-63.9412155151367
9000000.00025617,-63.8252487182617
9000000.00025618,-63.7285308837891
9000000.00025618,-63.6526985168457
9000000.00025619,-63.5993919372559
9000000.00025619,-63.5702476501465
9000000.0002562,-63.564151763916
9000000.0002562,-63.5735702514648
9000000.00025621,-63.5989456176758
9000000.00025621,-63.6413955688477
9000000.00025622,-63.7020378112793
9000000.00025622,-63.7819976806641
9000000.00025623,-63.8823928833008
9000000.00025623,-64.0043411254883
9000000.00025624,-64.1489639282227
9000000.00025624,-64.3173828125
9000000.00025625,-64.5107116699219
9000000.00025625,-64.7300796508789
9000000.00025626,-64.9766006469727
9000000.00025626,-65.2530746459961
9000000.00025627,-65.579704284668
9000000.00025627,-65.9557266235352
9000000.00025628,-66.3730087280273
9000000.00025628,-66.8233795166016
9000000.00025629,-67.298713684082
9000000.00025629,-67.7908325195313
9000000.0002563,-68.2916107177734
9000000.0002563,-68.7928771972656
9000000.00025631,-69.286491394043
9000000.00025631,-69.7642974853516
9000000.00025632,-70.218147277832
9000000.00025632,-70.639892578125
9000000.00025633,-71.0213775634766
9000000.00025633,-71.3852615356445
9000000.00025634,-71.7559432983398
9000000.00025634,-72.1279144287109
9000000.00025635,-72.4956665039063
9000000.00025635,-72.8536834716797
9000000.00025636,-73.1964569091797
9000000.00025636,-73.5184783935547
9000000.00025637,-73.8142242431641
9000000.00025637,-74.0781860351563
9000000.00025638,-74.3048553466797
9000000.00025638,-74.4887237548828
9000000.00025639,-74.6242752075195
9000000.00025639,-74.7059936523438
9000000.0002564,-74.7267990112305
9000000.0002564,-74.6822357177734
9000000.00025641,-74.5794219970703
9000000.00025641,-74.4261245727539
9000000.00025642,-74.2301025390625
9000000.00025642,-73.9991302490234
9000000.00025643,-73.740966796875
9000000.00025643,-73.4633712768555
9000000.00025644,-73.1741180419922
9000000.00025644,-72.8809585571289
9000000.00025645,-72.591667175293
9000000.00025645,-72.3140029907227
9000000.00025646,-72.0557327270508
9000000.00025646,-71.8222732543945
9000000.00025647,-71.5890655517578
9000000.00025647,-71.3487701416016
9000000.00025648,-71.1029739379883
9000000.00025648,-70.8532409667969
9000000.00025649,-70.6011581420898
9000000.00025649,-70.3483047485352
9000000.0002565,-70.0962600708008
9000000.0002565,-69.8466033935547
9000000.00025651,-69.6009140014648
9000000.00025651,-69.3607711791992
9000000.00025652,-69.1277618408203
9000000.00025652,-68.903450012207
9000000.00025653,-68.6894302368164
9000000.00025653,-68.4815216064453
9000000.00025654,-68.2751388549805
9000000.00025654,-68.0712585449219
9000000.00025655,-67.8708343505859
9000000.00025655,-67.6748199462891
9000000.00025656,-67.4841918945313
9000000.00025656,-67.2999038696289
9000000.00025657,-67.122917175293
9000000.00025657,-66.9542007446289
9000000.00025658,-66.7947006225586
9000000.00025658,-66.6454010009766
9000000.00025659,-66.5072402954102
9000000.00025659,-66.3811950683594
9000000.0002566,-66.2658843994141
9000000.0002566,-66.1548919677734
9000000.00025661,-66.0490417480469
9000000.00025661,-65.9497680664063
9000000.00025662,-65.8585052490234
9000000.00025662,-65.7766799926758
9000000.00025663,-65.7057266235352
9000000.00025663,-65.6470642089844
9000000.00025664,-65.6021270751953
9000000.00025664,-65.5723419189453
9000000.00025665,-65.5591506958008
9000000.00025665,-65.5639724731445
9000000.00025666,-65.5882339477539
9000000.00025666,-65.6332321166992
9000000.00025667,-65.6977920532227
9000000.00025667,-65.7806091308594
9000000.00025668,-65.8807907104492
9000000.00025668,-65.9974365234375
9000000.00025669,-66.1296539306641
9000000.00025669,-66.2765579223633
9000000.0002567,-66.4372329711914
9000000.0002567,-66.6108093261719
9000000.00025671,-66.7963714599609
9000000.00025671,-66.993034362793
9000000.00025672,-67.1999053955078
9000000.00025672,-67.4160842895508
9000000.00025673,-67.6406707763672
9000000.00025673,-67.8889389038086
9000000.00025674,-68.1721954345703
9000000.00025674,-68.4836196899414
9000000.00025675,-68.8163909912109
9000000.00025675,-69.163688659668
9000000.00025676,-69.5186920166016
9000000.00025676,-69.8745880126953
9000000.00025677,-70.2245483398438
9000000.00025677,-70.5617599487305
9000000.00025678,-70.8794021606445
9000000.00025678,-71.1706466674805
9000000.00025679,-71.4286804199219
9000000.00025679,-71.6466903686523
9000000.0002568,-71.8237152099609
9000000.0002568,-71.9757843017578
9000000.00025681,-72.1054916381836
9000000.00025681,-72.2141189575195
9000000.00025682,-72.3029403686523
9000000.00025682,-72.3732223510742
9000000.00025683,-72.4262542724609
9000000.00025683,-72.4633178710938
9000000.00025684,-72.4856796264648
9000000.00025684,-72.4946136474609
9000000.00025685,-72.4914093017578
9000000.00025685,-72.4773330688477
9000000.00025686,-72.4536666870117
9000000.00025686,-72.4208526611328
9000000.00025687,-72.3695678710938
9000000.00025687,-72.2985305786133
9000000.00025688,-72.2098693847656
9000000.00025688,-72.105712890625
9000000.00025689,-71.9881744384766
9000000.00025689,-71.8593902587891
9000000.0002569,-71.7214813232422
9000000.0002569,-71.5765838623047
9000000.00025691,-71.4268035888672
9000000.00025691,-71.2742767333984
9000000.00025692,-71.1211318969727
9000000.00025692,-70.9694900512695
9000000.00025693,-70.8214797973633
9000000.00025693,-70.6681289672852
9000000.00025694,-70.5010070800781
9000000.00025694,-70.3230361938477
9000000.00025695,-70.1371536254883
9000000.00025695,-69.9462738037109
9000000.00025696,-69.7533340454102
9000000.00025696,-69.5612487792969
9000000.00025697,-69.3729553222656
9000000.00025697,-69.1913681030273
9000000.00025698,-69.0194244384766
9000000.00025698,-68.8600463867188
9000000.00025699,-68.7161560058594
9000000.00025699,-68.590690612793
9000000.000257,-68.47998046875
9000000.000257,-68.3659591674805
9000000.00025701,-68.2507476806641
9000000.00025701,-68.1381225585938
9000000.00025702,-68.0318756103516
9000000.00025702,-67.9357833862305
9000000.00025703,-67.8536224365234
9000000.00025703,-67.789176940918
9000000.00025704,-67.7462387084961
9000000.00025704,-67.7285842895508
9000000.00025705,-67.739990234375
9000000.00025705,-67.7842407226563
9000000.00025706,-67.8651275634766
9000000.00025706,-67.9867477416992
9000000.00025707,-68.1544952392578
9000000.00025707,-68.3650054931641
9000000.00025708,-68.6129455566406
9000000.00025708,-68.8929443359375
9000000.00025709,-69.1996688842773
9000000.00025709,-69.5277557373047
9000000.0002571,-69.8718566894531
9000000.0002571,-70.2266235351563
9000000.00025711,-70.5867004394531
9000000.00025711,-70.9467468261719
9000000.00025712,-71.3013916015625
9000000.00025712,-71.6453018188477
9000000.00025713,-71.9731216430664
9000000.00025713,-72.3188323974609
9000000.00025714,-72.7113723754883
9000000.00025714,-73.1378173828125
9000000.00025715,-73.5852661132813
9000000.00025715,-74.0407943725586
9000000.00025716,-74.4914855957031
9000000.00025716,-74.9244232177734
9000000.00025717,-75.3266906738281
9000000.00025717,-75.6853790283203
9000000.00025718,-75.9875640869141
9000000.00025718,-76.2203369140625
9000000.00025719,-76.3707733154297
9000000.00025719,-76.4259643554688
9000000.0002572,-76.3738327026367
9000000.0002572,-76.2163925170898
9000000.00025721,-75.9667358398438
9000000.00025721,-75.6382369995117
9000000.00025722,-75.244270324707
9000000.00025722,-74.7982177734375
9000000.00025723,-74.3134384155273
9000000.00025723,-73.8033142089844
9000000.00025724,-73.2812194824219
9000000.00025724,-72.7605285644531
9000000.00025725,-72.2546081542969
9000000.00025725,-71.7768402099609
9000000.00025726,-71.3405990600586
9000000.00025726,-70.9552536010742
9000000.00025727,-70.5790634155273
9000000.00025727,-70.1993865966797
9000000.00025728,-69.8187408447266
9000000.00025728,-69.4396591186523
9000000.00025729,-69.0646667480469
9000000.00025729,-68.6963043212891
9000000.0002573,-68.3370819091797
9000000.0002573,-67.9895401000977
9000000.00025731,-67.6562042236328
9000000.00025731,-67.3396072387695
9000000.00025732,-67.0422668457031
9000000.00025732,-66.766716003418
9000000.00025733,-66.5154876708984
9000000.00025733,-66.2828979492188
9000000.00025734,-66.0623016357422
9000000.00025734,-65.8547515869141
9000000.00025735,-65.6612854003906
9000000.00025735,-65.4829635620117
9000000.00025736,-65.3208389282227
9000000.00025736,-65.1759567260742
9000000.00025737,-65.0493774414063
9000000.00025737,-64.942138671875
9000000.00025738,-64.8553009033203
9000000.00025738,-64.789909362793
9000000.00025739,-64.7470169067383
9000000.00025739,-64.7276840209961
9000000.0002574,-64.7309646606445
9000000.0002574,-64.7514419555664
9000000.00025741,-64.7895584106445
9000000.00025741,-64.8462753295898
9000000.00025742,-64.9225387573242
9000000.00025742,-65.019287109375
9000000.00025743,-65.1374816894531
9000000.00025743,-65.2780609130859
9000000.00025744,-65.4419860839844
9000000.00025744,-65.6301879882813
9000000.00025745,-65.843635559082
9000000.00025745,-66.0832672119141
9000000.00025746,-66.3500289916992
9000000.00025746,-66.6462326049805
9000000.00025747,-66.9882354736328
9000000.00025747,-67.3753890991211
9000000.00025748,-67.8010635375977
9000000.00025748,-68.2586059570313
9000000.00025749,-68.7413940429688
9000000.00025749,-69.2427673339844
9000000.0002575,-69.756103515625
9000000.0002575,-70.2747573852539
9000000.00025751,-70.7920913696289
9000000.00025751,-71.3014602661133
9000000.00025752,-71.7962341308594
9000000.00025752,-72.2697601318359
9000000.00025753,-72.7154083251953
9000000.00025753,-73.1608276367188
9000000.00025754,-73.6321105957031
9000000.00025754,-74.1202926635742
9000000.00025755,-74.6164169311523
9000000.00025755,-75.1115112304688
9000000.00025756,-75.5966110229492
9000000.00025756,-76.0627670288086
9000000.00025757,-76.5009994506836
9000000.00025757,-76.90234375
9000000.00025758,-77.2578506469727
9000000.00025758,-77.5585479736328
9000000.00025759,-77.7954635620117
9000000.00025759,-77.9596481323242
9000000.0002576,-78.0443420410156
9000000.0002576,-78.0554122924805
9000000.00025761,-78.0006637573242
9000000.00025761,-77.8876495361328
9000000.00025762,-77.7238998413086
9000000.00025762,-77.5169906616211
9000000.00025763,-77.2744522094727
9000000.00025763,-77.0038375854492
9000000.00025764,-76.7127075195313
9000000.00025764,-76.4086074829102
9000000.00025765,-76.0990829467773
9000000.00025765,-75.7916870117188
9000000.00025766,-75.4939651489258
9000000.00025766,-75.2105102539063
9000000.00025767,-74.9093551635742
9000000.00025767,-74.5832748413086
9000000.00025768,-74.2366333007813
9000000.00025768,-73.8738250732422
9000000.00025769,-73.4992370605469
9000000.00025769,-73.1172485351563
9000000.0002577,-72.7322540283203
9000000.0002577,-72.3486328125
9000000.00025771,-71.9707794189453
9000000.00025771,-71.6030654907227
9000000.00025772,-71.249885559082
9000000.00025772,-70.9156265258789
9000000.00025773,-70.6046752929688
9000000.00025773,-70.3074569702148
9000000.00025774,-70.0126266479492
9000000.00025774,-69.7218704223633
9000000.00025775,-69.4368667602539
9000000.00025775,-69.1593170166016
9000000.00025776,-68.8908996582031
9000000.00025776,-68.63330078125
9000000.00025777,-68.3882217407227
9000000.00025777,-68.157341003418
9000000.00025778,-67.9423446655273
9000000.00025778,-67.7449340820313
9000000.00025779,-67.566780090332
9000000.00025779,-67.4095840454102
9000000.0002578,-67.2722930908203
9000000.0002578,-67.1473922729492
9000000.00025781,-67.0352783203125
9000000.00025781,-66.9369964599609
9000000.00025782,-66.8535919189453
9000000.00025782,-66.7861251831055
9000000.00025783,-66.7356414794922
9000000.00025783,-66.7032012939453
9000000.00025784,-66.6898498535156
9000000.00025784,-66.696647644043
9000000.00025785,-66.7246322631836
9000000.00025785,-66.7748641967773
9000000.00025786,-66.8483963012695
9000000.00025786,-66.947135925293
9000000.00025787,-67.0815658569336
9000000.00025787,-67.2508850097656
9000000.00025788,-67.4504165649414
9000000.00025788,-67.6755065917969
9000000.00025789,-67.9214859008789
9000000.00025789,-68.183708190918
9000000.0002579,-68.4574966430664
9000000.0002579,-68.7381896972656
9000000.00025791,-69.0211334228516
9000000.00025791,-69.3016586303711
9000000.00025792,-69.5751113891602
9000000.00025792,-69.8368225097656
9000000.00025793,-70.0821304321289
9000000.00025793,-70.3329544067383
9000000.00025794,-70.6092910766602
9000000.00025794,-70.9036483764648
9000000.00025795,-71.2085037231445
9000000.00025795,-71.516357421875
9000000.00025796,-71.819694519043
9000000.00025796,-72.1110076904297
9000000.00025797,-72.3827896118164
9000000.00025797,-72.6275253295898
9000000.00025798,-72.8377151489258
9000000.00025798,-73.0058364868164
9000000.00025799,-73.124397277832
9000000.00025799,-73.1858749389648
9000000.000258,-73.1848068237305
9000000.000258,-73.1266403198242
9000000.00025801,-73.0177536010742
9000000.00025801,-72.8642654418945
9000000.00025802,-72.6722946166992
9000000.00025802,-72.4479751586914
9000000.00025803,-72.1974182128906
9000000.00025803,-71.9267425537109
9000000.00025804,-71.6420822143555
9000000.00025804,-71.3495483398438
9000000.00025805,-71.0552597045898
9000000.00025805,-70.7653427124023
9000000.00025806,-70.4859237670898
9000000.00025806,-70.2206497192383
9000000.00025807,-69.9428787231445
9000000.00025807,-69.646728515625
9000000.00025808,-69.3360137939453
9000000.00025808,-69.0145568847656
9000000.00025809,-68.6861572265625
9000000.00025809,-68.3546447753906
9000000.0002581,-68.0238189697266
9000000.0002581,-67.6975021362305
9000000.00025811,-67.3795166015625
9000000.00025811,-67.0736618041992
9000000.00025812,-66.7837600708008
9000000.00025812,-66.5136260986328
9000000.00025813,-66.2670745849609
9000000.00025813,-66.0361862182617
9000000.00025814,-65.8113555908203
9000000.00025814,-65.5938491821289
9000000.00025815,-65.3849411010742
9000000.00025815,-65.1859130859375
9000000.00025816,-64.9980392456055
9000000.00025816,-64.8225860595703
9000000.00025817,-64.6608276367188
9000000.00025817,-64.514045715332
9000000.00025818,-64.3835144042969
9000000.00025818,-64.2705001831055
9000000.00025819,-64.1762924194336
9000000.00025819,-64.1021423339844
9000000.0002582,-64.0483016967773
9000000.0002582,-64.0119018554688
9000000.00025821,-63.992431640625
9000000.00025821,-63.9895858764648
9000000.00025822,-64.0030746459961
9000000.00025822,-64.0326080322266
9000000.00025823,-64.077880859375
9000000.00025823,-64.1386184692383
9000000.00025824,-64.2145080566406
9000000.00025824,-64.3052597045898
9000000.00025825,-64.4105834960938
9000000.00025825,-64.5301895141602
9000000.00025826,-64.6637725830078
9000000.00025826,-64.8119812011719
9000000.00025827,-64.9856414794922
9000000.00025827,-65.1851654052734
9000000.00025828,-65.4069976806641
9000000.00025828,-65.6475830078125
9000000.00025829,-65.9033584594727
9000000.00025829,-66.1707763671875
9000000.0002583,-66.4462738037109
9000000.0002583,-66.7263031005859
9000000.00025831,-67.0073013305664
9000000.00025831,-67.2857131958008
9000000.00025832,-67.5579833984375
9000000.00025832,-67.820556640625
9000000.00025833,-68.0698776245117
9000000.00025833,-68.3218765258789
9000000.00025834,-68.5912857055664
9000000.00025834,-68.8727722167969
9000000.00025835,-69.1609725952148
9000000.00025835,-69.4505386352539
9000000.00025836,-69.7361373901367
9000000.00025836,-70.0124130249023
9000000.00025837,-70.2740173339844
9000000.00025837,-70.5156021118164
9000000.00025838,-70.731819152832
9000000.00025838,-70.9173278808594
9000000.00025839,-71.066780090332
9000000.00025839,-71.1748199462891
9000000.0002584,-71.2387313842773
9000000.0002584,-71.2656097412109
9000000.00025841,-71.2590637207031
9000000.00025841,-71.2222213745117
9000000.00025842,-71.1581802368164
9000000.00025842,-71.0700607299805
9000000.00025843,-70.9609756469727
9000000.00025843,-70.8340454101563
9000000.00025844,-70.6923675537109
9000000.00025844,-70.5390625
9000000.00025845,-70.3772506713867
9000000.00025845,-70.2100296020508
9000000.00025846,-70.04052734375
9000000.00025846,-69.8700103759766
9000000.00025847,-69.6779861450195
9000000.00025847,-69.4613647460938
9000000.00025848,-69.2245483398438
9000000.00025848,-68.9719161987305
9000000.00025849,-68.7078628540039
9000000.00025849,-68.4367828369141
9000000.0002585,-68.1630554199219
9000000.0002585,-67.8910675048828
9000000.00025851,-67.6252212524414
9000000.00025851,-67.3699035644531
9000000.00025852,-67.1294937133789
9000000.00025852,-66.9083862304688
9000000.00025853,-66.7109756469727
9000000.00025853,-66.5277404785156
9000000.00025854,-66.3473281860352
9000000.00025854,-66.1714172363281
9000000.00025855,-66.0016784667969
9000000.00025855,-65.8397674560547
9000000.00025856,-65.6873626708984
9000000.00025856,-65.5461196899414
9000000.00025857,-65.4177093505859
9000000.00025857,-65.3038024902344
9000000.00025858,-65.2060546875
9000000.00025858,-65.1261520385742
9000000.00025859,-65.0657424926758
9000000.00025859,-65.0265045166016
9000000.0002586,-65.007209777832
9000000.0002586,-64.9999160766602
9000000.00025861,-65.0051651000977
9000000.00025861,-65.0241775512695
9000000.00025862,-65.0582122802734
9000000.00025862,-65.1085052490234
9000000.00025863,-65.1762924194336
9000000.00025863,-65.262825012207
9000000.00025864,-65.3693389892578
9000000.00025864,-65.4970855712891
9000000.00025865,-65.6472930908203
9000000.00025865,-65.8212051391602
9000000.00025866,-66.0200729370117
9000000.00025866,-66.2428817749023
9000000.00025867,-66.4636840820313
9000000.00025867,-66.6810073852539
9000000.00025868,-66.9028854370117
9000000.00025868,-67.137336730957
9000000.00025869,-67.3924026489258
9000000.00025869,-67.6761093139648
9000000.0002587,-67.9964752197266
9000000.0002587,-68.3615417480469
9000000.00025871,-68.7793197631836
9000000.00025871,-69.2578582763672
9000000.00025872,-69.8051681518555
9000000.00025872,-70.4292831420898
9000000.00025873,-71.1382369995117
9000000.00025873,-72.0119705200195
9000000.00025874,-73.0955276489258
9000000.00025874,-74.3446044921875
9000000.00025875,-75.7148742675781
9000000.00025875,-77.1620254516602
9000000.00025876,-78.641731262207
9000000.00025876,-80.1096878051758
9000000.00025877,-81.5215682983398
9000000.00025877,-82.8330535888672
9000000.00025878,-83.9998397827148
9000000.00025878,-84.9775924682617
9000000.00025879,-85.7220077514648
9000000.00025879,-86.1887664794922
9000000.0002588,-86.3447265625
9000000.0002588,-86.2196044921875
9000000.00025881,-85.8517379760742
9000000.00025881,-85.278205871582
9000000.00025882,-84.5360641479492
9000000.00025882,-83.6623687744141
9000000.00025883,-82.6941909790039
9000000.00025883,-81.6685943603516
9000000.00025884,-80.6226425170898
9000000.00025884,-79.5933837890625
9000000.00025885,-78.6179046630859
9000000.00025885,-77.7332458496094
9000000.00025886,-76.9764862060547
9000000.00025886,-76.3755874633789
9000000.00025887,-75.838020324707
9000000.00025887,-75.3290634155273
9000000.00025888,-74.8475341796875
9000000.00025888,-74.3922576904297
9000000.00025889,-73.9620513916016
9000000.00025889,-73.5557327270508
9000000.0002589,-73.1721343994141
9000000.0002589,-72.8100738525391
9000000.00025891,-72.4683685302734
9000000.00025891,-72.1458435058594
9000000.00025892,-71.8413162231445
9000000.00025892,-71.5536117553711
9000000.00025893,-71.2815475463867
9000000.00025893,-71.0328750610352
9000000.00025894,-70.8141326904297
9000000.00025894,-70.6223602294922
9000000.00025895,-70.4545822143555
9000000.00025895,-70.3078308105469
9000000.00025896,-70.1791229248047
9000000.00025896,-70.0654983520508
9000000.00025897,-69.9639892578125
9000000.00025897,-69.8716201782227
9000000.00025898,-69.7854156494141
9000000.00025898,-69.7024078369141
9000000.00025899,-69.61962890625
9000000.00025899,-69.5341033935547
9000000.000259,-69.4466323852539
9000000.000259,-69.3675231933594
9000000.00025901,-69.2969360351563
9000000.00025901,-69.2341537475586
9000000.00025902,-69.1784362792969
9000000.00025902,-69.1290588378906
9000000.00025903,-69.0852813720703
9000000.00025903,-69.0463790893555
9000000.00025904,-69.0116271972656
9000000.00025904,-68.9802780151367
9000000.00025905,-68.9516143798828
9000000.00025905,-68.9248962402344
9000000.00025906,-68.8993988037109
9000000.00025906,-68.8748626708984
9000000.00025907,-68.8565979003906
9000000.00025907,-68.8453216552734
9000000.00025908,-68.83984375
9000000.00025908,-68.8389511108398
9000000.00025909,-68.841438293457
9000000.00025909,-68.8461151123047
9000000.0002591,-68.8517532348633
9000000.0002591,-68.8571701049805
9000000.00025911,-68.8611450195313
9000000.00025911,-68.8624877929688
9000000.00025912,-68.859977722168
9000000.00025912,-68.852424621582
9000000.00025913,-68.838623046875
9000000.00025913,-68.8205032348633
9000000.00025914,-68.8007431030273
9000000.00025914,-68.7792053222656
9000000.00025915,-68.7557525634766
9000000.00025915,-68.7302551269531
9000000.00025916,-68.7025833129883
9000000.00025916,-68.6725997924805
9000000.00025917,-68.6401672363281
9000000.00025917,-68.6051635742188
9000000.00025918,-68.5674438476563
9000000.00025918,-68.5268859863281
9000000.00025919,-68.4833450317383
9000000.00025919,-68.4367065429688
9000000.0002592,-68.3860015869141
9000000.0002592,-68.3290176391602
9000000.00025921,-68.2665252685547
9000000.00025921,-68.1995315551758
9000000.00025922,-68.1290664672852
9000000.00025922,-68.0561294555664
9000000.00025923,-67.9817276000977
9000000.00025923,-67.9068832397461
9000000.00025924,-67.8325958251953
9000000.00025924,-67.7598876953125
9000000.00025925,-67.6897583007813
9000000.00025925,-67.6232299804688
9000000.00025926,-67.5613098144531
9000000.00025926,-67.5046463012695
9000000.00025927,-67.4494247436523
9000000.00025927,-67.3946914672852
9000000.00025928,-67.3408584594727
9000000.00025928,-67.2883529663086
9000000.00025929,-67.2376022338867
9000000.00025929,-67.1890258789063
9000000.0002593,-67.1430511474609
9000000.0002593,-67.1000900268555
9000000.00025931,-67.0605773925781
9000000.00025931,-67.0249252319336
9000000.00025932,-66.9935684204102
9000000.00025932,-66.966926574707
9000000.00025933,-66.9454193115234
9000000.00025933,-66.9278259277344
9000000.00025934,-66.9128341674805
9000000.00025934,-66.900764465332
9000000.00025935,-66.8919143676758
9000000.00025935,-66.8866119384766
9000000.00025936,-66.8851623535156
9000000.00025936,-66.8878784179688
9000000.00025937,-66.8950653076172
9000000.00025937,-66.9070434570313
9000000.00025938,-66.9241180419922
9000000.00025938,-66.9466018676758
9000000.00025939,-66.9748077392578
9000000.00025939,-67.0090484619141
9000000.0002594,-67.0478210449219
9000000.0002594,-67.0861282348633
9000000.00025941,-67.1250839233398
9000000.00025941,-67.1662750244141
9000000.00025942,-67.211296081543
9000000.00025942,-67.2617416381836
9000000.00025943,-67.3191833496094
9000000.00025943,-67.3852310180664
9000000.00025944,-67.4614562988281
9000000.00025944,-67.5494613647461
9000000.00025945,-67.6508331298828
9000000.00025945,-67.7671585083008
9000000.00025946,-67.900032043457
9000000.00025946,-68.0519714355469
9000000.00025947,-68.2345809936523
9000000.00025947,-68.4465713500977
9000000.00025948,-68.6824035644531
9000000.00025948,-68.9365310668945
9000000.00025949,-69.2033996582031
9000000.00025949,-69.4774703979492
9000000.0002595,-69.7531890869141
9000000.0002595,-70.025016784668
9000000.00025951,-70.2874069213867
9000000.00025951,-70.5348052978516
9000000.00025952,-70.7616729736328
9000000.00025952,-70.9624633789063
9000000.00025953,-71.1316223144531
9000000.00025953,-71.2801742553711
9000000.00025954,-71.421760559082
9000000.00025954,-71.5547637939453
9000000.00025955,-71.6775817871094
9000000.00025955,-71.7885894775391
9000000.00025956,-71.8861846923828
9000000.00025956,-71.9687423706055
9000000.00025957,-72.0346603393555
9000000.00025957,-72.0823211669922
9000000.00025958,-72.110107421875
9000000.00025958,-72.1164169311523
9000000.00025959,-72.0996322631836
9000000.00025959,-72.0581359863281
9000000.0002596,-71.987663269043
9000000.0002596,-71.8808822631836
9000000.00025961,-71.7416000366211
9000000.00025961,-71.5744400024414
9000000.00025962,-71.3840026855469
9000000.00025962,-71.1749038696289
9000000.00025963,-70.9517440795898
9000000.00025963,-70.7191390991211
9000000.00025964,-70.4816818237305
9000000.00025964,-70.2439956665039
9000000.00025965,-70.0106811523438
9000000.00025965,-69.7863540649414
9000000.00025966,-69.5756149291992
9000000.00025966,-69.381462097168
9000000.00025967,-69.1867904663086
9000000.00025967,-68.9872131347656
9000000.00025968,-68.7845611572266
9000000.00025968,-68.5806655883789
9000000.00025969,-68.3773498535156
9000000.00025969,-68.1764526367188
9000000.0002597,-67.9798049926758
9000000.0002597,-67.7892456054688
9000000.00025971,-67.6065902709961
9000000.00025971,-67.4336776733398
9000000.00025972,-67.272346496582
9000000.00025972,-67.1244125366211
9000000.00025973,-66.9917221069336
9000000.00025973,-66.8697357177734
9000000.00025974,-66.7533340454102
9000000.00025974,-66.6435012817383
9000000.00025975,-66.5411911010742
9000000.00025975,-66.447380065918
9000000.00025976,-66.363037109375
9000000.00025976,-66.2891387939453
9000000.00025977,-66.2266387939453
9000000.00025977,-66.176513671875
9000000.00025978,-66.1397399902344
9000000.00025978,-66.1172714233398
9000000.00025979,-66.1100921630859
9000000.00025979,-66.1191635131836
9000000.0002598,-66.1427764892578
9000000.0002598,-66.1735610961914
9000000.00025981,-66.2126235961914
9000000.00025981,-66.2617416381836
9000000.00025982,-66.3227081298828
9000000.00025982,-66.3973083496094
9000000.00025983,-66.4873275756836
9000000.00025983,-66.5945587158203
9000000.00025984,-66.7207794189453
9000000.00025984,-66.867790222168
9000000.00025985,-67.0373611450195
9000000.00025985,-67.2312927246094
9000000.00025986,-67.4513626098633
9000000.00025986,-67.699104309082
9000000.00025987,-67.9721984863281
9000000.00025987,-68.2689971923828
9000000.00025988,-68.5886917114258
9000000.00025988,-68.9304656982422
9000000.00025989,-69.2935028076172
9000000.00025989,-69.677001953125
9000000.0002599,-70.0801467895508
9000000.0002599,-70.5021209716797
9000000.00025991,-70.9421157836914
9000000.00025991,-71.3993225097656
9000000.00025992,-71.8729248046875
9000000.00025992,-72.3621139526367
9000000.00025993,-72.8660736083984
9000000.00025993,-73.4195556640625
9000000.00025994,-74.0469665527344
9000000.00025994,-74.73193359375
9000000.00025995,-75.4580993652344
9000000.00025995,-76.2091064453125
9000000.00025996,-76.9685897827148
9000000.00025996,-77.7201995849609
9000000.00025997,-78.4475708007813
9000000.00025997,-79.1343460083008
9000000.00025998,-79.76416015625
9000000.00025998,-80.3206634521484
9000000.00025999,-80.787483215332
9000000.00025999,-81.1482696533203
9000000.00026,-81.3954467773438
9000000.00026,-81.5527954101563
9000000.00026001,-81.6307830810547
9000000.00026001,-81.6381225585938
9000000.00026002,-81.5835418701172
9000000.00026002,-81.4757537841797
9000000.00026003,-81.3234939575195
9000000.00026003,-81.1354675292969
9000000.00026004,-80.9204177856445
9000000.00026004,-80.6870422363281
9000000.00026005,-80.4440841674805
9000000.00026005,-80.2002563476563
9000000.00026006,-79.9642791748047
9000000.00026006,-79.7413024902344
9000000.00026007,-79.4926300048828
9000000.00026007,-79.2098846435547
9000000.00026008,-78.8987426757813
9000000.00026008,-78.5649108886719
9000000.00026009,-78.2140655517578
9000000.00026009,-77.8519058227539
9000000.0002601,-77.4841156005859
9000000.0002601,-77.1164016723633
9000000.00026011,-76.7544403076172
9000000.00026011,-76.403938293457
9000000.00026012,-76.0705718994141
9000000.00026012,-75.7600402832031
9000000.00026013,-75.4780349731445
9000000.00026013,-75.2212371826172
9000000.00026014,-74.9810333251953
9000000.00026014,-74.7552032470703
9000000.00026015,-74.5415191650391
9000000.00026015,-74.3377456665039
9000000.00026016,-74.1416473388672
9000000.00026016,-73.9510116577148
9000000.00026017,-73.7635955810547
9000000.00026017,-73.5771713256836
9000000.00026018,-73.3895111083984
9000000.00026018,-73.1983871459961
9000000.00026019,-73.0015716552734
9000000.00026019,-72.7968292236328
9000000.0002602,-72.5822525024414
9000000.0002602,-72.3586807250977
9000000.00026021,-72.1282272338867
9000000.00026021,-71.8930130004883
9000000.00026022,-71.6551666259766
9000000.00026022,-71.4167938232422
9000000.00026023,-71.1800384521484
9000000.00026023,-70.9469985961914
9000000.00026024,-70.7198028564453
9000000.00026024,-70.5005798339844
9000000.00026025,-70.2914428710938
9000000.00026025,-70.0945129394531
9000000.00026026,-69.9119110107422
9000000.00026026,-69.7454223632813
9000000.00026027,-69.5919570922852
9000000.00026027,-69.4495544433594
9000000.00026028,-69.3173675537109
9000000.00026028,-69.1945571899414
9000000.00026029,-69.0802764892578
9000000.00026029,-68.9736862182617
9000000.0002603,-68.8739395141602
9000000.0002603,-68.7801895141602
9000000.00026031,-68.6916046142578
9000000.00026031,-68.6073226928711
9000000.00026032,-68.5265197753906
9000000.00026032,-68.4483337402344
9000000.00026033,-68.3719329833984
9000000.00026033,-68.3013000488281
9000000.00026034,-68.2400665283203
9000000.00026034,-68.1868667602539
9000000.00026035,-68.1403350830078
9000000.00026035,-68.0990905761719
9000000.00026036,-68.0617828369141
9000000.00026036,-68.0270309448242
9000000.00026037,-67.9934692382813
9000000.00026037,-67.9597244262695
9000000.00026038,-67.924446105957
9000000.00026038,-67.8862457275391
9000000.00026039,-67.8437728881836
9000000.00026039,-67.7956390380859
9000000.0002604,-67.7415237426758
9000000.0002604,-67.6842269897461
9000000.00026041,-67.6243896484375
9000000.00026041,-67.5624160766602
9000000.00026042,-67.4987335205078
9000000.00026042,-67.4337463378906
9000000.00026043,-67.3678741455078
9000000.00026043,-67.3015289306641
9000000.00026044,-67.2351226806641
9000000.00026044,-67.1690673828125
9000000.00026045,-67.1037902832031
9000000.00026045,-67.0396881103516
9000000.00026046,-66.977180480957
9000000.00026046,-66.9163589477539
9000000.00026047,-66.8535614013672
9000000.00026047,-66.7883529663086
9000000.00026048,-66.7216644287109
9000000.00026048,-66.6543960571289
9000000.00026049,-66.5874786376953
9000000.00026049,-66.5218200683594
9000000.0002605,-66.4583358764648
9000000.0002605,-66.39794921875
9000000.00026051,-66.3415679931641
9000000.00026051,-66.2901153564453
9000000.00026052,-66.2445068359375
9000000.00026052,-66.2056503295898
9000000.00026053,-66.1744766235352
9000000.00026053,-66.1484832763672
9000000.00026054,-66.1249847412109
9000000.00026054,-66.1045608520508
9000000.00026055,-66.0877990722656
9000000.00026055,-66.0752944946289
9000000.00026056,-66.0676422119141
9000000.00026056,-66.0654220581055
9000000.00026057,-66.0692291259766
9000000.00026057,-66.0796432495117
9000000.00026058,-66.0972747802734
9000000.00026058,-66.1226959228516
9000000.00026059,-66.156494140625
9000000.00026059,-66.1992721557617
9000000.0002606,-66.2492828369141
9000000.0002606,-66.3000946044922
9000000.00026061,-66.3529434204102
9000000.00026061,-66.40966796875
9000000.00026062,-66.4721069335938
9000000.00026062,-66.5420837402344
9000000.00026063,-66.621452331543
9000000.00026063,-66.712043762207
9000000.00026064,-66.8156890869141
9000000.00026064,-66.9342346191406
9000000.00026065,-67.0695114135742
9000000.00026065,-67.2233581542969
9000000.00026066,-67.3976058959961
9000000.00026066,-67.5917663574219
9000000.00026067,-67.7789611816406
9000000.00026067,-67.9571838378906
9000000.00026068,-68.1342315673828
9000000.00026068,-68.3179244995117
9000000.00026069,-68.5160446166992
9000000.00026069,-68.7364120483398
9000000.0002607,-68.9868240356445
9000000.0002607,-69.2750778198242
9000000.00026071,-69.6089782714844
9000000.00026071,-69.996337890625
9000000.00026072,-70.4449462890625
9000000.00026072,-70.9626159667969
9000000.00026073,-71.5571517944336
9000000.00026073,-72.2947235107422
9000000.00026074,-73.2113494873047
9000000.00026074,-74.2695465087891
9000000.00026075,-75.4318542480469
9000000.00026075,-76.6607971191406
9000000.00026076,-77.9189071655273
9000000.00026076,-79.1687164306641
9000000.00026077,-80.3727569580078
9000000.00026077,-81.4935531616211
9000000.00026078,-82.4936447143555
9000000.00026078,-83.3355560302734
9000000.00026079,-83.9818115234375
9000000.00026079,-84.3949584960938
9000000.0002608,-84.5509185791016
9000000.0002608,-84.4856796264648
9000000.00026081,-84.2285232543945
9000000.00026081,-83.8065948486328
9000000.00026082,-83.2470092773438
9000000.00026082,-82.5769119262695
9000000.00026083,-81.8234329223633
9000000.00026083,-81.0136947631836
9000000.00026084,-80.1748352050781
9000000.00026084,-79.333984375
9000000.00026085,-78.5182800292969
9000000.00026085,-77.7548446655273
9000000.00026086,-77.0708160400391
9000000.00026086,-76.4856262207031
9000000.00026087,-75.9193878173828
9000000.00026087,-75.3465194702148
9000000.00026088,-74.7704391479492
9000000.00026088,-74.194580078125
9000000.00026089,-73.6223831176758
9000000.00026089,-73.0572814941406
9000000.0002609,-72.5026931762695
9000000.0002609,-71.9620590209961
9000000.00026091,-71.4388046264648
9000000.00026091,-70.9363708496094
9000000.00026092,-70.4581756591797
9000000.00026092,-70.0076599121094
9000000.00026093,-69.5882568359375
9000000.00026093,-69.1944351196289
9000000.00026094,-68.8186264038086
9000000.00026094,-68.4612045288086
9000000.00026095,-68.1225433349609
9000000.00026095,-67.8030090332031
9000000.00026096,-67.5029602050781
9000000.00026096,-67.222785949707
9000000.00026097,-66.9628372192383
9000000.00026097,-66.7234954833984
9000000.00026098,-66.5051193237305
9000000.00026098,-66.3080902099609
9000000.00026099,-66.1327667236328
9000000.00026099,-65.9795227050781
9000000.000261,-65.849365234375
9000000.000261,-65.7440185546875
9000000.00026101,-65.6626052856445
9000000.00026101,-65.6040420532227
9000000.00026102,-65.5672454833984
9000000.00026102,-65.551139831543
9000000.00026103,-65.5546493530273
9000000.00026103,-65.5766906738281
9000000.00026104,-65.6161804199219
9000000.00026104,-65.6720504760742
9000000.00026105,-65.7432174682617
9000000.00026105,-65.8285980224609
9000000.00026106,-65.927116394043
9000000.00026106,-66.0393371582031
9000000.00026107,-66.1841506958008
9000000.00026107,-66.36279296875
9000000.00026108,-66.5695724487305
9000000.00026108,-66.7988052368164
9000000.00026109,-67.0447998046875
9000000.00026109,-67.3018798828125
9000000.0002611,-67.5643539428711
9000000.0002611,-67.8265380859375
9000000.00026111,-68.0827484130859
9000000.00026111,-68.3273010253906
9000000.00026112,-68.5545120239258
9000000.00026112,-68.7586975097656
9000000.00026113,-68.9341583251953
9000000.00026113,-69.0926895141602
9000000.00026114,-69.2485809326172
9000000.00026114,-69.3999481201172
9000000.00026115,-69.5449142456055
9000000.00026115,-69.6815795898438
9000000.00026116,-69.8080749511719
9000000.00026116,-69.922492980957
9000000.00026117,-70.0229644775391
9000000.00026117,-70.1075973510742
9000000.00026118,-70.1745071411133
9000000.00026118,-70.2218017578125
9000000.00026119,-70.2475967407227
9000000.00026119,-70.2500076293945
9000000.0002612,-70.2259979248047
9000000.0002612,-70.1723327636719
9000000.00026121,-70.0919570922852
9000000.00026121,-69.9881744384766
9000000.00026122,-69.8642959594727
9000000.00026122,-69.7236404418945
9000000.00026123,-69.5695114135742
9000000.00026123,-69.4052352905273
9000000.00026124,-69.2341232299805
9000000.00026124,-69.0594787597656
9000000.00026125,-68.8846206665039
9000000.00026125,-68.7128601074219
9000000.00026126,-68.5475158691406
9000000.00026126,-68.3905258178711
9000000.00026127,-68.2270050048828
9000000.00026127,-68.0537719726563
9000000.00026128,-67.8730392456055
9000000.00026128,-67.6870422363281
9000000.00026129,-67.4980163574219
9000000.00026129,-67.3081665039063
9000000.0002613,-67.119743347168
9000000.0002613,-66.9349594116211
9000000.00026131,-66.7560424804688
9000000.00026131,-66.5852203369141
9000000.00026132,-66.4247283935547
9000000.00026132,-66.2767791748047
9000000.00026133,-66.1436080932617
9000000.00026133,-66.0204086303711
9000000.00026134,-65.9014511108398
9000000.00026134,-65.7875595092773
9000000.00026135,-65.6795806884766
9000000.00026135,-65.5783309936523
9000000.00026136,-65.4846496582031
9000000.00026136,-65.3993759155273
9000000.00026137,-65.3233337402344
9000000.00026137,-65.2573547363281
9000000.00026138,-65.2022705078125
9000000.00026138,-65.1589279174805
9000000.00026139,-65.1281433105469
9000000.00026139,-65.1107559204102
9000000.0002614,-65.1051254272461
9000000.0002614,-65.1044387817383
9000000.00026141,-65.1097946166992
9000000.00026141,-65.1228942871094
9000000.00026142,-65.1454696655273
9000000.00026142,-65.1792297363281
9000000.00026143,-65.2258987426758
9000000.00026143,-65.2871932983398
9000000.00026144,-65.3648300170898
9000000.00026144,-65.4605255126953
9000000.00026145,-65.5759963989258
9000000.00026145,-65.7129669189453
9000000.00026146,-65.8731460571289
9000000.00026146,-66.0565490722656
9000000.00026147,-66.2437438964844
9000000.00026147,-66.4329071044922
9000000.00026148,-66.6293411254883
9000000.00026148,-66.8383407592773
9000000.00026149,-67.065185546875
9000000.00026149,-67.315185546875
9000000.0002615,-67.593620300293
9000000.0002615,-67.9057846069336
9000000.00026151,-68.2569732666016
9000000.00026151,-68.6524810791016
9000000.00026152,-69.0976028442383
9000000.00026152,-69.5976181030273
9000000.00026153,-70.157829284668
9000000.00026153,-70.8354949951172
9000000.00026154,-71.6633834838867
9000000.00026154,-72.6100692749023
9000000.00026155,-73.6441192626953
9000000.00026155,-74.7341079711914
9000000.00026156,-75.8485946655273
9000000.00026156,-76.9561462402344
9000000.00026157,-78.0253524780273
9000000.00026157,-79.0247573852539
9000000.00026158,-79.9229507446289
9000000.00026158,-80.6884841918945
9000000.00026159,-81.2899475097656
9000000.00026159,-81.6958847045898
9000000.0002616,-81.8857116699219
9000000.0002616,-81.8884735107422
9000000.00026161,-81.7290573120117
9000000.00026161,-81.4306716918945
9000000.00026162,-81.0165176391602
9000000.00026162,-80.5097808837891
9000000.00026163,-79.9336776733398
9000000.00026163,-79.3114013671875
9000000.00026164,-78.6661529541016
9000000.00026164,-78.0211334228516
9000000.00026165,-77.3995361328125
9000000.00026165,-76.8245697021484
9000000.00026166,-76.3194274902344
9000000.00026166,-75.9009399414063
9000000.00026167,-75.5032119750977
9000000.00026167,-75.1043930053711
9000000.00026168,-74.7065734863281
9000000.00026168,-74.3118286132813
9000000.00026169,-73.922233581543
9000000.00026169,-73.5398712158203
9000000.0002617,-73.1668167114258
9000000.0002617,-72.8051452636719
9000000.00026171,-72.4569473266602
9000000.00026171,-72.1242904663086
9000000.00026172,-71.8092575073242
9000000.00026172,-71.5139389038086
9000000.00026173,-71.2403945922852
9000000.00026173,-70.988395690918
9000000.00026174,-70.7554626464844
9000000.00026174,-70.5402984619141
9000000.00026175,-70.3416213989258
9000000.00026175,-70.1581344604492
9000000.00026176,-69.9885559082031
9000000.00026176,-69.8315963745117
9000000.00026177,-69.6859664916992
9000000.00026177,-69.5503692626953
9000000.00026178,-69.4235229492188
9000000.00026178,-69.3041381835938
9000000.00026179,-69.1909255981445
9000000.00026179,-69.0825881958008
9000000.0002618,-68.9788131713867
9000000.0002618,-68.8822250366211
9000000.00026181,-68.7934341430664
9000000.00026181,-68.7128295898438
9000000.00026182,-68.6408157348633
9000000.00026182,-68.5777740478516
9000000.00026183,-68.5241088867188
9000000.00026183,-68.4802169799805
9000000.00026184,-68.4464950561523
9000000.00026184,-68.4233322143555
9000000.00026185,-68.4111251831055
9000000.00026185,-68.4102630615234
9000000.00026186,-68.4211578369141
9000000.00026186,-68.444709777832
9000000.00026187,-68.487190246582
9000000.00026187,-68.5483169555664
9000000.00026188,-68.6255264282227
9000000.00026188,-68.7162475585938
9000000.00026189,-68.8178939819336
9000000.00026189,-68.9279098510742
9000000.0002619,-69.0437164306641
9000000.0002619,-69.1627349853516
9000000.00026191,-69.2824096679688
9000000.00026191,-69.4001541137695
9000000.00026192,-69.5134048461914
9000000.00026192,-69.6195907592773
9000000.00026193,-69.7161331176758
9000000.00026193,-69.8124160766602
9000000.00026194,-69.9176559448242
9000000.00026194,-70.0290145874023
9000000.00026195,-70.1436767578125
9000000.00026195,-70.2588119506836
9000000.00026196,-70.3715972900391
9000000.00026196,-70.4792098999023
9000000.00026197,-70.5788116455078
9000000.00026197,-70.667594909668
9000000.00026198,-70.7427139282227
9000000.00026198,-70.8013534545898
9000000.00026199,-70.840690612793
9000000.00026199,-70.8578948974609
9000000.000262,-70.8509292602539
9000000.000262,-70.8218994140625
9000000.00026201,-70.7731781005859
9000000.00026201,-70.7070617675781
9000000.00026202,-70.6258239746094
9000000.00026202,-70.5317535400391
9000000.00026203,-70.4271392822266
9000000.00026203,-70.3142547607422
9000000.00026204,-70.1953887939453
9000000.00026204,-70.0728225708008
9000000.00026205,-69.948844909668
9000000.00026205,-69.8257293701172
9000000.00026206,-69.7057723999023
9000000.00026206,-69.5902328491211
9000000.00026207,-69.4680862426758
9000000.00026207,-69.3371124267578
9000000.00026208,-69.1991348266602
9000000.00026208,-69.0559539794922
9000000.00026209,-68.9093780517578
9000000.00026209,-68.7612228393555
9000000.0002621,-68.6132888793945
9000000.0002621,-68.4673919677734
9000000.00026211,-68.3253402709961
9000000.00026211,-68.1889419555664
9000000.00026212,-68.0600051879883
9000000.00026212,-67.9403381347656
9000000.00026213,-67.8317565917969
9000000.00026213,-67.7300643920898
9000000.00026214,-67.6304092407227
9000000.00026214,-67.5336074829102
9000000.00026215,-67.4404830932617
9000000.00026215,-67.3518447875977
9000000.00026216,-67.2685012817383
9000000.00026216,-67.1912841796875
9000000.00026217,-67.1209945678711
9000000.00026217,-67.0584564208984
9000000.00026218,-67.0044860839844
9000000.00026218,-66.9598999023438
9000000.00026219,-66.9255065917969
9000000.00026219,-66.9021224975586
9000000.0002622,-66.8885879516602
9000000.0002622,-66.8794631958008
9000000.00026221,-66.8754425048828
9000000.00026221,-66.8777542114258
9000000.00026222,-66.8875961303711
9000000.00026222,-66.9061813354492
9000000.00026223,-66.9347229003906
9000000.00026223,-66.9744262695313
9000000.00026224,-67.0265045166016
9000000.00026224,-67.0921630859375
9000000.00026225,-67.1726150512695
9000000.00026225,-67.2690811157227
9000000.00026226,-67.3827514648438
9000000.00026226,-67.5133895874023
9000000.00026227,-67.6442718505859
9000000.00026227,-67.7740783691406
9000000.00026228,-67.9076080322266
9000000.00026228,-68.0496597290039
9000000.00026229,-68.2050247192383
9000000.00026229,-68.3785171508789
9000000.0002623,-68.5749206542969
9000000.0002623,-68.7990417480469
9000000.00026231,-69.0556716918945
9000000.00026231,-69.349609375
9000000.00026232,-69.6856536865234
9000000.00026232,-70.068603515625
9000000.00026233,-70.5032501220703
9000000.00026233,-71.0339279174805
9000000.00026234,-71.6852264404297
9000000.00026234,-72.4323425292969
9000000.00026235,-73.2504653930664
9000000.00026235,-74.1147842407227
9000000.00026236,-75.0005035400391
9000000.00026236,-75.8828125
9000000.00026237,-76.7369003295898
9000000.00026237,-77.5379638671875
9000000.00026238,-78.2611999511719
9000000.00026238,-78.8817977905273
9000000.00026239,-79.3749542236328
9000000.00026239,-79.7158660888672
9000000.0002624,-79.8932113647461
9000000.0002624,-79.9435577392578
9000000.00026241,-79.8826141357422
9000000.00026241,-79.7234268188477
9000000.00026242,-79.4790191650391
9000000.00026242,-79.1624374389648
9000000.00026243,-78.7867202758789
9000000.00026243,-78.3648986816406
9000000.00026244,-77.9100112915039
9000000.00026244,-77.4350891113281
9000000.00026245,-76.9531860351563
9000000.00026245,-76.4773178100586
9000000.00026246,-76.0205383300781
9000000.00026246,-75.5906066894531
9000000.00026247,-75.1305999755859
9000000.00026247,-74.6279754638672
9000000.00026248,-74.0909271240234
9000000.00026248,-73.5276412963867
9000000.00026249,-72.9463195800781
9000000.00026249,-72.3551483154297
9000000.0002625,-71.7623138427734
9000000.0002625,-71.1760177612305
9000000.00026251,-70.6044387817383
9000000.00026251,-70.0557708740234
9000000.00026252,-69.5382080078125
9000000.00026252,-69.059944152832
9000000.00026253,-68.6291656494141
9000000.00026253,-68.2325134277344
9000000.00026254,-67.8518142700195
9000000.00026254,-67.4880294799805
9000000.00026255,-67.1421356201172
9000000.00026255,-66.8150787353516
9000000.00026256,-66.5078277587891
9000000.00026256,-66.2213592529297
9000000.00026257,-65.9566192626953
9000000.00026257,-65.7145767211914
9000000.00026258,-65.4962005615234
9000000.00026258,-65.3024444580078
9000000.00026259,-65.1342849731445
9000000.00026259,-64.99267578125
9000000.0002626,-64.877571105957
9000000.0002626,-64.7862167358398
9000000.00026261,-64.7183837890625
9000000.00026261,-64.6740798950195
9000000.00026262,-64.6533279418945
9000000.00026262,-64.656135559082
9000000.00026263,-64.6825103759766
9000000.00026263,-64.7324676513672
9000000.00026264,-64.8060150146484
9000000.00026264,-64.9031753540039
9000000.00026265,-65.0239486694336
9000000.00026265,-65.1683578491211
9000000.00026266,-65.3364105224609
9000000.00026266,-65.5293350219727
9000000.00026267,-65.7614898681641
9000000.00026267,-66.0330505371094
9000000.00026268,-66.3389434814453
9000000.00026268,-66.6740875244141
9000000.00026269,-67.0334014892578
9000000.00026269,-67.4118194580078
9000000.0002627,-67.8042449951172
9000000.0002627,-68.2056198120117
9000000.00026271,-68.6108474731445
9000000.00026271,-69.0148696899414
9000000.00026272,-69.4125900268555
9000000.00026272,-69.7989501953125
9000000.00026273,-70.1688537597656
9000000.00026273,-70.5504302978516
9000000.00026274,-70.9683380126953
9000000.00026274,-71.4123382568359
9000000.00026275,-71.8721771240234
9000000.00026275,-72.3376083374023
9000000.00026276,-72.7984008789063
9000000.00026276,-73.2442855834961
9000000.00026277,-73.6650314331055
9000000.00026277,-74.0503845214844
9000000.00026278,-74.3900985717773
9000000.00026278,-74.6739349365234
9000000.00026279,-74.8916397094727
9000000.00026279,-75.032958984375
9000000.0002628,-75.0913772583008
9000000.0002628,-75.0768356323242
9000000.00026281,-74.9973297119141
9000000.00026281,-74.8602142333984
9000000.00026282,-74.6728668212891
9000000.00026282,-74.4426651000977
9000000.00026283,-74.1769714355469
9000000.00026283,-73.8831558227539
9000000.00026284,-73.5685958862305
9000000.00026284,-73.2406616210938
9000000.00026285,-72.9067306518555
9000000.00026285,-72.5741577148438
9000000.00026286,-72.2503356933594
9000000.00026286,-71.9393463134766
9000000.00026287,-71.6056213378906
9000000.00026287,-71.2420120239258
9000000.00026288,-70.8543701171875
9000000.00026288,-70.4485015869141
9000000.00026289,-70.0302581787109
9000000.00026289,-69.6054534912109
9000000.0002629,-69.179931640625
9000000.0002629,-68.7595138549805
9000000.00026291,-68.3500289916992
9000000.00026291,-67.9573135375977
9000000.00026292,-67.5871963500977
9000000.00026292,-67.2455062866211
9000000.00026293,-66.9380722045898
9000000.00026293,-66.6533660888672
9000000.00026294,-66.3770904541016
9000000.00026294,-66.1109008789063
9000000.00026295,-65.8564758300781
9000000.00026295,-65.6154861450195
9000000.00026296,-65.3896026611328
9000000.00026296,-65.1804885864258
9000000.00026297,-64.9898147583008
9000000.00026297,-64.8192596435547
9000000.00026298,-64.6704788208008
9000000.00026298,-64.5451507568359
9000000.00026299,-64.4449462890625
9000000.00026299,-64.3715286254883
9000000.000263,-64.3225021362305
9000000.000263,-64.2866897583008
9000000.00026301,-64.2655410766602
9000000.00026301,-64.2615509033203
9000000.00026302,-64.2772216796875
9000000.00026302,-64.3150405883789
9000000.00026303,-64.3775100708008
9000000.00026303,-64.4671096801758
9000000.00026304,-64.5863494873047
9000000.00026304,-64.7377014160156
9000000.00026305,-64.9236831665039
9000000.00026305,-65.1467742919922
9000000.00026306,-65.4094696044922
9000000.00026306,-65.7160720825195
9000000.00026307,-66.088752746582
9000000.00026307,-66.5255508422852
9000000.00026308,-67.0163650512695
9000000.00026308,-67.5510864257813
9000000.00026309,-68.1196136474609
9000000.00026309,-68.7118301391602
9000000.0002631,-69.3176422119141
9000000.0002631,-69.9269409179688
9000000.00026311,-70.5296173095703
9000000.00026311,-71.1155776977539
9000000.00026312,-71.6747055053711
9000000.00026312,-72.196891784668
9000000.00026313,-72.6720504760742
9000000.00026313,-73.1343460083008
9000000.00026314,-73.6181640625
9000000.00026314,-74.1137161254883
9000000.00026315,-74.6111831665039
9000000.00026315,-75.1007843017578
9000000.00026316,-75.5727005004883
9000000.00026316,-76.0171356201172
9000000.00026317,-76.4243011474609
9000000.00026317,-76.7843780517578
9000000.00026318,-77.0875778198242
9000000.00026318,-77.324089050293
9000000.00026319,-77.4841232299805
9000000.00026319,-77.5578689575195
9000000.0002632,-77.5325698852539
9000000.0002632,-77.3998107910156
9000000.00026321,-77.1724014282227
9000000.00026321,-76.8643264770508
9000000.00026322,-76.4895858764648
9000000.00026322,-76.0621643066406
9000000.00026323,-75.5960388183594
9000000.00026323,-75.1052093505859
9000000.00026324,-74.6036605834961
9000000.00026324,-74.1053848266602
9000000.00026325,-73.6243667602539
9000000.00026325,-73.1745986938477
9000000.00026326,-72.7700576782227
9000000.00026326,-72.4212188720703
9000000.00026327,-72.0919647216797
9000000.00026327,-71.769172668457
9000000.00026328,-71.4528198242188
9000000.00026328,-71.1428833007813
9000000.00026329,-70.8393249511719
9000000.00026329,-70.5421142578125
9000000.0002633,-70.2512359619141
9000000.0002633,-69.9666595458984
9000000.00026331,-69.688346862793
9000000.00026331,-69.4162750244141
9000000.00026332,-69.1504211425781
9000000.00026332,-68.890754699707
9000000.00026333,-68.6372451782227
9000000.00026333,-68.3879547119141
9000000.00026334,-68.1416015625
9000000.00026334,-67.8991394042969
9000000.00026335,-67.6615447998047
9000000.00026335,-67.4297790527344
9000000.00026336,-67.2048034667969
9000000.00026336,-66.9875793457031
9000000.00026337,-66.7790679931641
9000000.00026337,-66.5802459716797
9000000.00026338,-66.3920593261719
9000000.00026338,-66.2154922485352
9000000.00026339,-66.0514907836914
9000000.00026339,-65.9010238647461
9000000.0002634,-65.762451171875
9000000.0002634,-65.6286315917969
9000000.00026341,-65.500602722168
9000000.00026341,-65.3800735473633
9000000.00026342,-65.2687530517578
9000000.00026342,-65.168342590332
9000000.00026343,-65.08056640625
9000000.00026343,-65.0071258544922
9000000.00026344,-64.9497222900391
9000000.00026344,-64.9100723266602
9000000.00026345,-64.8898849487305
9000000.00026345,-64.890869140625
9000000.00026346,-64.9147338867188
9000000.00026346,-64.9625701904297
9000000.00026347,-65.0278701782227
9000000.00026347,-65.109001159668
9000000.00026348,-65.2067108154297
9000000.00026348,-65.3217315673828
9000000.00026349,-65.4548034667969
9000000.00026349,-65.6066589355469
9000000.0002635,-65.7780456542969
9000000.0002635,-65.9696960449219
9000000.00026351,-66.1823501586914
9000000.00026351,-66.4167404174805
9000000.00026352,-66.6736221313477
9000000.00026352,-66.9537200927734
9000000.00026353,-67.2577743530273
9000000.00026353,-67.6127777099609
9000000.00026354,-68.0361557006836
9000000.00026354,-68.5142593383789
9000000.00026355,-69.0334777832031
9000000.00026355,-69.5801620483398
9000000.00026356,-70.1406860351563
9000000.00026356,-70.7014236450195
9000000.00026357,-71.2487411499023
9000000.00026357,-71.7690048217773
9000000.00026358,-72.2485809326172
9000000.00026358,-72.6738433837891
9000000.00026359,-73.0311584472656
9000000.00026359,-73.3068923950195
9000000.0002636,-73.4964904785156
9000000.0002636,-73.6245880126953
9000000.00026361,-73.6985168457031
9000000.00026361,-73.7236633300781
9000000.00026362,-73.7054443359375
9000000.00026362,-73.6492538452148
9000000.00026363,-73.5604934692383
9000000.00026363,-73.4445724487305
9000000.00026364,-73.306884765625
9000000.00026364,-73.1528472900391
9000000.00026365,-72.9878387451172
9000000.00026365,-72.8172836303711
9000000.00026366,-72.6465759277344
9000000.00026366,-72.4783477783203
9000000.00026367,-72.2821731567383
9000000.00026367,-72.0527648925781
9000000.00026368,-71.7959442138672
9000000.00026368,-71.5175018310547
9000000.00026369,-71.2232513427734
9000000.00026369,-70.9190139770508
9000000.0002637,-70.6105804443359
9000000.0002637,-70.3037719726563
9000000.00026371,-70.00439453125
9000000.00026371,-69.7182540893555
9000000.00026372,-69.4511642456055
9000000.00026372,-69.2089309692383
9000000.00026373,-68.9973678588867
9000000.00026373,-68.8069381713867
9000000.00026374,-68.6247253417969
9000000.00026374,-68.4514389038086
9000000.00026375,-68.2877883911133
9000000.00026375,-68.1344833374023
9000000.00026376,-67.9922180175781
9000000.00026376,-67.8617248535156
9000000.00026377,-67.7436904907227
9000000.00026377,-67.6388397216797
9000000.00026378,-67.5478744506836
9000000.00026378,-67.4715042114258
9000000.00026379,-67.4104385375977
9000000.00026379,-67.3653869628906
9000000.0002638,-67.3341674804688
9000000.0002638,-67.3088455200195
9000000.00026381,-67.2909622192383
9000000.00026381,-67.2828063964844
9000000.00026382,-67.2866821289063
9000000.00026382,-67.3048706054688
9000000.00026383,-67.3396682739258
9000000.00026383,-67.3933715820313
9000000.00026384,-67.4682693481445
9000000.00026384,-67.5666580200195
9000000.00026385,-67.6908264160156
9000000.00026385,-67.8430633544922
9000000.00026386,-68.0256729125977
9000000.00026386,-68.2387619018555
9000000.00026387,-68.4575576782227
9000000.00026387,-68.6796646118164
9000000.00026388,-68.9117279052734
9000000.00026388,-69.160400390625
9000000.00026389,-69.4323348999023
9000000.00026389,-69.7341766357422
9000000.0002639,-70.0725784301758
9000000.0002639,-70.4541854858398
9000000.00026391,-70.8856582641602
9000000.00026391,-71.3736267089844
9000000.00026392,-71.9247589111328
9000000.00026392,-72.5457000732422
9000000.00026393,-73.2430953979492
9000000.00026393,-74.0924835205078
9000000.00026394,-75.1374664306641
9000000.00026394,-76.3368225097656
9000000.00026395,-77.6492919921875
9000000.00026395,-79.0336456298828
9000000.00026396,-80.4486389160156
9000000.00026396,-81.8530349731445
9000000.00026397,-83.2055892944336
9000000.00026397,-84.4650650024414
9000000.00026398,-85.590217590332
9000000.00026398,-86.5398101806641
9000000.00026399,-87.2726058959961
9000000.00026399,-87.7473602294922
9000000.000264,-87.9388732910156
9000000.000264,-87.8903579711914
9000000.00026401,-87.6329956054688
9000000.00026401,-87.1952667236328
9000000.00026402,-86.6056518554688
9000000.00026402,-85.8926239013672
9000000.00026403,-85.0846633911133
9000000.00026403,-84.2102584838867
9000000.00026404,-83.2978668212891
9000000.00026404,-82.3759841918945
9000000.00026405,-81.4730682373047
9000000.00026405,-80.6176223754883
9000000.00026406,-79.8380966186523
9000000.00026406,-79.1543121337891
9000000.00026407,-78.4752197265625
9000000.00026407,-77.7738876342773
9000000.00026408,-77.0564422607422
9000000.00026408,-76.3290176391602
9000000.00026409,-75.5977401733398
9000000.00026409,-74.8687362670898
9000000.0002641,-74.1481399536133
9000000.0002641,-73.4420928955078
9000000.00026411,-72.7567138671875
9000000.00026411,-72.0981292724609
9000000.00026412,-71.4724807739258
9000000.00026412,-70.8858947753906
9000000.00026413,-70.3445053100586
9000000.00026413,-69.8400650024414
9000000.00026414,-69.3601684570313
9000000.00026414,-68.904670715332
9000000.00026415,-68.4734420776367
9000000.00026415,-68.0663528442383
9000000.00026416,-67.6832656860352
9000000.00026416,-67.3240432739258
9000000.00026417,-66.9885559082031
9000000.00026417,-66.6766662597656
9000000.00026418,-66.3882522583008
9000000.00026418,-66.123161315918
9000000.00026419,-65.8812713623047
9000000.00026419,-65.6624526977539
9000000.0002642,-65.4680328369141
9000000.0002642,-65.302116394043
9000000.00026421,-65.1636505126953
9000000.00026421,-65.0512084960938
9000000.00026422,-64.9633560180664
9000000.00026422,-64.8986740112305
9000000.00026423,-64.8557205200195
9000000.00026423,-64.8330764770508
9000000.00026424,-64.8292922973633
9000000.00026424,-64.8429565429688
9000000.00026425,-64.8726348876953
9000000.00026425,-64.9168853759766
9000000.00026426,-64.9742889404297
9000000.00026426,-65.0447540283203
9000000.00026427,-65.1435852050781
9000000.00026427,-65.2722702026367
9000000.00026428,-65.4267196655273
9000000.00026428,-65.6028442382813
9000000.00026429,-65.7965393066406
9000000.00026429,-66.0037231445313
9000000.0002643,-66.2202987670898
9000000.0002643,-66.4421768188477
9000000.00026431,-66.6652603149414
9000000.00026431,-66.8854522705078
9000000.00026432,-67.0986709594727
9000000.00026432,-67.3008193969727
9000000.00026433,-67.4878082275391
9000000.00026433,-67.6709823608398
9000000.00026434,-67.8626098632813
9000000.00026434,-68.0599136352539
9000000.00026435,-68.260139465332
9000000.00026435,-68.4605255126953
9000000.00026436,-68.6583099365234
9000000.00026436,-68.8507308959961
9000000.00026437,-69.0350341796875
9000000.00026437,-69.2084579467773
9000000.00026438,-69.3682327270508
9000000.00026438,-69.511604309082
9000000.00026439,-69.6358184814453
9000000.00026439,-69.7380981445313
9000000.0002644,-69.8169403076172
9000000.0002644,-69.8756866455078
9000000.00026441,-69.9162979125977
9000000.00026441,-69.9404983520508
9000000.00026442,-69.9500198364258
9000000.00026442,-69.9465866088867
9000000.00026443,-69.9319305419922
9000000.00026443,-69.9077758789063
9000000.00026444,-69.875862121582
9000000.00026444,-69.8378982543945
9000000.00026445,-69.7956314086914
9000000.00026445,-69.7507781982422
9000000.00026446,-69.7050704956055
9000000.00026446,-69.6594848632813
9000000.00026447,-69.6059036254883
9000000.00026447,-69.5426406860352
9000000.00026448,-69.4709930419922
9000000.00026448,-69.3922576904297
9000000.00026449,-69.3077239990234
9000000.00026449,-69.2186813354492
9000000.0002645,-69.1264190673828
9000000.0002645,-69.0322418212891
9000000.00026451,-68.9374313354492
9000000.00026451,-68.8432769775391
9000000.00026452,-68.7510833740234
9000000.00026452,-68.6621322631836
9000000.00026453,-68.5777206420898
9000000.00026453,-68.4935607910156
9000000.00026454,-68.4053192138672
9000000.00026454,-68.3142013549805
9000000.00026455,-68.2214279174805
9000000.00026455,-68.1282043457031
9000000.00026456,-68.0357360839844
9000000.00026456,-67.9452438354492
9000000.00026457,-67.8579254150391
9000000.00026457,-67.7750015258789
9000000.00026458,-67.6976699829102
9000000.00026458,-67.6271514892578
9000000.00026459,-67.5646514892578
9000000.00026459,-67.5113830566406
9000000.0002646,-67.4656982421875
9000000.0002646,-67.4197235107422
9000000.00026461,-67.3744583129883
9000000.00026461,-67.3316040039063
9000000.00026462,-67.2928924560547
9000000.00026462,-67.2600250244141
9000000.00026463,-67.2347106933594
9000000.00026463,-67.2186737060547
9000000.00026464,-67.213623046875
9000000.00026464,-67.2212677001953
9000000.00026465,-67.2433319091797
9000000.00026465,-67.2815170288086
9000000.00026466,-67.3375396728516
9000000.00026466,-67.4137954711914
9000000.00026467,-67.5188369750977
9000000.00026467,-67.6512298583984
9000000.00026468,-67.806396484375
9000000.00026468,-67.979736328125
9000000.00026469,-68.1666717529297
9000000.00026469,-68.3626022338867
9000000.0002647,-68.5629501342773
9000000.0002647,-68.7631225585938
9000000.00026471,-68.9585266113281
9000000.00026471,-69.1445846557617
9000000.00026472,-69.3166961669922
9000000.00026472,-69.4702835083008
9000000.00026473,-69.6007461547852
9000000.00026473,-69.7179641723633
9000000.00026474,-69.8337097167969
9000000.00026474,-69.9463043212891
9000000.00026475,-70.0540313720703
9000000.00026475,-70.1552047729492
9000000.00026476,-70.2481155395508
9000000.00026476,-70.3310775756836
9000000.00026477,-70.4023818969727
9000000.00026477,-70.460334777832
9000000.00026478,-70.5032424926758
9000000.00026478,-70.5293960571289
9000000.00026479,-70.5371017456055
9000000.00026479,-70.524658203125
9000000.0002648,-70.48876953125
9000000.0002648,-70.4249496459961
9000000.00026481,-70.3362884521484
9000000.00026481,-70.2263870239258
9000000.00026482,-70.0988235473633
9000000.00026482,-69.9571990966797
9000000.00026483,-69.8051071166992
9000000.00026483,-69.6461334228516
9000000.00026484,-69.4838638305664
9000000.00026484,-69.3218994140625
9000000.00026485,-69.1638259887695
9000000.00026485,-69.0132369995117
9000000.00026486,-68.8737258911133
9000000.00026486,-68.7477645874023
9000000.00026487,-68.6236038208008
9000000.00026487,-68.4978408813477
9000000.00026488,-68.3713455200195
9000000.00026488,-68.244987487793
9000000.00026489,-68.11962890625
9000000.00026489,-67.9961395263672
9000000.0002649,-67.8753967285156
9000000.0002649,-67.7582550048828
9000000.00026491,-67.6455917358398
9000000.00026491,-67.5382690429688
9000000.00026492,-67.4371566772461
9000000.00026492,-67.3431243896484
9000000.00026493,-67.2570343017578
9000000.00026493,-67.1772232055664
9000000.00026494,-67.1016006469727
9000000.00026494,-67.0303726196289
9000000.00026495,-66.9637832641602
9000000.00026495,-66.9020462036133
9000000.00026496,-66.8453979492188
9000000.00026496,-66.7940521240234
9000000.00026497,-66.7482376098633
9000000.00026497,-66.7081832885742
9000000.00026498,-66.6741027832031
9000000.00026498,-66.646240234375
9000000.00026499,-66.6248016357422
9000000.00026499,-66.6100234985352
9000000.000265,-66.5994415283203
9000000.000265,-66.5856246948242
9000000.00026501,-66.5704956054688
9000000.00026501,-66.5566635131836
9000000.00026502,-66.546745300293
9000000.00026502,-66.5433731079102
9000000.00026503,-66.5491561889648
9000000.00026503,-66.5667190551758
9000000.00026504,-66.5986862182617
9000000.00026504,-66.6476669311523
9000000.00026505,-66.7162933349609
9000000.00026505,-66.8071823120117
9000000.00026506,-66.9229507446289
9000000.00026506,-67.06591796875
9000000.00026507,-67.2336502075195
9000000.00026507,-67.4237442016602
9000000.00026508,-67.6346588134766
9000000.00026508,-67.8648834228516
9000000.00026509,-68.1128692626953
9000000.00026509,-68.3771057128906
9000000.0002651,-68.6560592651367
9000000.0002651,-68.9482040405273
9000000.00026511,-69.2519989013672
9000000.00026511,-69.5659332275391
9000000.00026512,-69.8884658813477
9000000.00026512,-70.2180709838867
9000000.00026513,-70.55322265625
9000000.00026513,-70.9222640991211
9000000.00026514,-71.3460464477539
9000000.00026514,-71.8118057250977
9000000.00026515,-72.3068008422852
9000000.00026515,-72.8182754516602
9000000.00026516,-73.3334732055664
9000000.00026516,-73.8396453857422
9000000.00026517,-74.3240356445313
9000000.00026517,-74.7738876342773
9000000.00026518,-75.1764526367188
9000000.00026518,-75.5189819335938
9000000.00026519,-75.7887115478516
9000000.00026519,-75.9728927612305
9000000.0002652,-76.0626831054688
9000000.0002652,-76.0685577392578
9000000.00026521,-76.0009841918945
9000000.00026521,-75.8699035644531
9000000.00026522,-75.6852264404297
9000000.00026522,-75.4568939208984
9000000.00026523,-75.1948089599609
9000000.00026523,-74.9089126586914
9000000.00026524,-74.6091232299805
9000000.00026524,-74.3053741455078
9000000.00026525,-74.0075759887695
9000000.00026525,-73.7256622314453
9000000.00026526,-73.4695587158203
9000000.00026526,-73.2460174560547
9000000.00026527,-73.0216445922852
9000000.00026527,-72.7870330810547
9000000.00026528,-72.5448989868164
9000000.00026528,-72.297981262207
9000000.00026529,-72.0489959716797
9000000.00026529,-71.800666809082
9000000.0002653,-71.5557327270508
9000000.0002653,-71.3169174194336
9000000.00026531,-71.0869369506836
9000000.00026531,-70.8685302734375
9000000.00026532,-70.6644134521484
9000000.00026532,-70.4773101806641
9000000.00026533,-70.3099594116211
9000000.00026533,-70.1620941162109
9000000.00026534,-70.0304946899414
9000000.00026534,-69.913444519043
9000000.00026535,-69.8092193603516
9000000.00026535,-69.7161178588867
9000000.00026536,-69.6324234008789
9000000.00026536,-69.5564117431641
9000000.00026537,-69.4863662719727
9000000.00026537,-69.4205856323242
9000000.00026538,-69.3573455810547
9000000.00026538,-69.2949371337891
9000000.00026539,-69.2316284179688
9000000.00026539,-69.1657257080078
9000000.0002654,-69.096061706543
9000000.0002654,-69.0241241455078
9000000.00026541,-68.951301574707
9000000.00026541,-68.8788986206055
9000000.00026542,-68.8082122802734
9000000.00026542,-68.7405471801758
9000000.00026543,-68.6772079467773
9000000.00026543,-68.619499206543
9000000.00026544,-68.5687103271484
9000000.00026544,-68.5261611938477
9000000.00026545,-68.4931411743164
9000000.00026545,-68.4709548950195
9000000.00026546,-68.4609069824219
9000000.00026546,-68.464241027832
9000000.00026547,-68.4807662963867
9000000.00026547,-68.5093002319336
9000000.00026548,-68.5487213134766
9000000.00026548,-68.5979080200195
9000000.00026549,-68.6557464599609
9000000.00026549,-68.7210998535156
9000000.0002655,-68.7928619384766
9000000.0002655,-68.8698959350586
9000000.00026551,-68.9510879516602
9000000.00026551,-69.0353240966797
9000000.00026552,-69.121467590332
9000000.00026552,-69.2084045410156
9000000.00026553,-69.2950134277344
9000000.00026553,-69.3925399780273
9000000.00026554,-69.5098190307617
9000000.00026554,-69.6421585083008
9000000.00026555,-69.7848281860352
9000000.00026555,-69.9331359863281
9000000.00026556,-70.0823516845703
9000000.00026556,-70.227783203125
9000000.00026557,-70.3647003173828
9000000.00026557,-70.4884033203125
9000000.00026558,-70.5941848754883
9000000.00026558,-70.6773223876953
9000000.00026559,-70.7331085205078
9000000.00026559,-70.7568359375
9000000.0002656,-70.746826171875
9000000.0002656,-70.7113571166992
9000000.00026561,-70.6530227661133
9000000.00026561,-70.5737915039063
9000000.00026562,-70.4756240844727
9000000.00026562,-70.3604965209961
9000000.00026563,-70.2303619384766
9000000.00026563,-70.0871887207031
9000000.00026564,-69.9329452514648
9000000.00026564,-69.7695999145508
9000000.00026565,-69.5991058349609
9000000.00026565,-69.4234466552734
9000000.00026566,-69.2445678710938
9000000.00026566,-69.0629653930664
9000000.00026567,-68.8619232177734
9000000.00026567,-68.6394424438477
9000000.00026568,-68.3996353149414
9000000.00026568,-68.1465911865234
9000000.00026569,-67.8844223022461
9000000.00026569,-67.6172409057617
9000000.0002657,-67.3491363525391
9000000.0002657,-67.0842132568359
9000000.00026571,-66.8265838623047
9000000.00026571,-66.5803527832031
9000000.00026572,-66.3496170043945
9000000.00026572,-66.1384811401367
9000000.00026573,-65.951057434082
9000000.00026573,-65.7778930664063
9000000.00026574,-65.6080474853516
9000000.00026574,-65.4433288574219
9000000.00026575,-65.2855529785156
9000000.00026575,-65.1365356445313
9000000.00026576,-64.9981002807617
9000000.00026576,-64.8720626831055
9000000.00026577,-64.7602462768555
9000000.00026577,-64.6644592285156
9000000.00026578,-64.5865173339844
9000000.00026578,-64.5282440185547
9000000.00026579,-64.4914627075195
9000000.00026579,-64.4779815673828
9000000.0002658,-64.4875793457031
9000000.0002658,-64.5146789550781
9000000.00026581,-64.5589752197266
9000000.00026581,-64.6206207275391
9000000.00026582,-64.6997909545898
9000000.00026582,-64.7966461181641
9000000.00026583,-64.9113464355469
9000000.00026583,-65.0440673828125
9000000.00026584,-65.1949615478516
9000000.00026584,-65.3642044067383
9000000.00026585,-65.5519485473633
9000000.00026585,-65.7583694458008
9000000.00026586,-65.9836273193359
9000000.00026586,-66.2282104492188
9000000.00026587,-66.49609375
9000000.00026587,-66.7871627807617
9000000.00026588,-67.0998840332031
9000000.00026588,-67.4326934814453
9000000.00026589,-67.784065246582
9000000.00026589,-68.1524353027344
9000000.0002659,-68.536262512207
9000000.0002659,-68.9340057373047
9000000.00026591,-69.344108581543
9000000.00026591,-69.7650299072266
9000000.00026592,-70.1952285766602
9000000.00026592,-70.6331405639648
9000000.00026593,-71.0772399902344
9000000.00026593,-71.5654525756836
9000000.00026594,-72.1251678466797
9000000.00026594,-72.7389602661133
9000000.00026595,-73.3894119262695
9000000.00026595,-74.0591125488281
9000000.00026596,-74.7306365966797
9000000.00026596,-75.3865814208984
9000000.00026597,-76.009521484375
9000000.00026597,-76.5820388793945
9000000.00026598,-77.0867233276367
9000000.00026598,-77.5061492919922
9000000.00026599,-77.8229141235352
9000000.00026599,-78.0195922851563
9000000.000266,-78.0845489501953
9000000.000266,-78.0332641601563
9000000.00026601,-77.8797073364258
9000000.00026601,-77.6369781494141
9000000.00026602,-77.3181610107422
9000000.00026602,-76.9363555908203
9000000.00026603,-76.5046539306641
9000000.00026603,-76.0361404418945
9000000.00026604,-75.5439224243164
9000000.00026604,-75.0410766601563
9000000.00026605,-74.5407104492188
9000000.00026605,-74.055908203125
9000000.00026606,-73.5997619628906
9000000.00026606,-73.1807098388672
9000000.00026607,-72.7489471435547
9000000.00026607,-72.2919998168945
9000000.00026608,-71.8154678344727
9000000.00026608,-71.3249893188477
9000000.00026609,-70.826171875
9000000.00026609,-70.3246383666992
9000000.0002661,-69.8260116577148
9000000.0002661,-69.3359146118164
9000000.00026611,-68.8599624633789
9000000.00026611,-68.4037704467773
9000000.00026612,-67.9729690551758
9000000.00026612,-67.5731735229492
9000000.00026613,-67.2099990844727
9000000.00026613,-66.873405456543
9000000.00026614,-66.5503082275391
9000000.00026614,-66.2418060302734
9000000.00026615,-65.9489974975586
9000000.00026615,-65.6729736328125
9000000.00026616,-65.4148178100586
9000000.00026616,-65.1756362915039
9000000.00026617,-64.9565048217773
9000000.00026617,-64.7585372924805
9000000.00026618,-64.5828170776367
9000000.00026618,-64.4304275512695
9000000.00026619,-64.3024826049805
9000000.00026619,-64.2000503540039
9000000.0002662,-64.1233978271484
9000000.0002662,-64.0702209472656
9000000.00026621,-64.0400238037109
9000000.00026621,-64.0325012207031
9000000.00026622,-64.0473403930664
9000000.00026622,-64.0842361450195
9000000.00026623,-64.1428833007813
9000000.00026623,-64.2229690551758
9000000.00026624,-64.3241882324219
9000000.00026624,-64.4462280273438
9000000.00026625,-64.5887908935547
9000000.00026625,-64.7515640258789
9000000.00026626,-64.9342422485352
9000000.00026626,-65.1382904052734
9000000.00026627,-65.3846054077148
9000000.00026627,-65.6737289428711
9000000.00026628,-65.9985809326172
9000000.00026628,-66.3520660400391
9000000.00026629,-66.7270965576172
9000000.00026629,-67.116584777832
9000000.0002663,-67.5134353637695
9000000.0002663,-67.9105606079102
9000000.00026631,-68.3008728027344
9000000.00026631,-68.6772842407227
9000000.00026632,-69.0326995849609
9000000.00026632,-69.3600311279297
9000000.00026633,-69.6521911621094
9000000.00026633,-69.9249801635742
9000000.00026634,-70.1969909667969
9000000.00026634,-70.4653244018555
9000000.00026635,-70.7270889282227
9000000.00026635,-70.9793853759766
9000000.00026636,-71.2193222045898
9000000.00026636,-71.4440002441406
9000000.00026637,-71.6505279541016
9000000.00026637,-71.8360061645508
9000000.00026638,-71.9975433349609
9000000.00026638,-72.1322402954102
9000000.00026639,-72.2372055053711
9000000.00026639,-72.3095321655273
9000000.0002664,-72.3450775146484
9000000.0002664,-72.3402862548828
9000000.00026641,-72.2992477416992
9000000.00026641,-72.2265090942383
9000000.00026642,-72.1266098022461
9000000.00026642,-72.0041046142578
9000000.00026643,-71.863525390625
9000000.00026643,-71.7094268798828
9000000.00026644,-71.5463562011719
9000000.00026644,-71.3788452148438
9000000.00026645,-71.2114486694336
9000000.00026645,-71.0487060546875
9000000.00026646,-70.8951644897461
9000000.00026646,-70.7538909912109
9000000.00026647,-70.6092224121094
9000000.00026647,-70.4568328857422
9000000.00026648,-70.2981033325195
9000000.00026648,-70.1344299316406
9000000.00026649,-69.967170715332
9000000.00026649,-69.7977142333984
9000000.0002665,-69.6274490356445
9000000.0002665,-69.4577407836914
9000000.00026651,-69.2899703979492
9000000.00026651,-69.1255264282227
9000000.00026652,-68.9657821655273
9000000.00026652,-68.8121185302734
9000000.00026653,-68.6659088134766
9000000.00026653,-68.5231323242188
9000000.00026654,-68.3795166015625
9000000.00026654,-68.2360992431641
9000000.00026655,-68.0938949584961
9000000.00026655,-67.9539489746094
9000000.00026656,-67.8172836303711
9000000.00026656,-67.6849212646484
9000000.00026657,-67.5578994750977
9000000.00026657,-67.4372406005859
9000000.00026658,-67.323974609375
9000000.00026658,-67.2191314697266
9000000.00026659,-67.1237411499023
9000000.00026659,-67.0388336181641
9000000.0002666,-66.9618988037109
9000000.0002666,-66.8832244873047
9000000.00026661,-66.8045272827148
9000000.00026661,-66.7284317016602
9000000.00026662,-66.6575775146484
9000000.00026662,-66.5945816040039
9000000.00026663,-66.5420837402344
9000000.00026663,-66.5027008056641
9000000.00026664,-66.4790802001953
9000000.00026664,-66.4738388061523
9000000.00026665,-66.4896087646484
9000000.00026665,-66.5290222167969
9000000.00026666,-66.5947036743164
9000000.00026666,-66.6840133666992
9000000.00026667,-66.7358932495117
9000000.00026667,-66.7471694946289
9000000.00026668,-66.7369918823242
9000000.00026668,-66.724494934082
9000000.00026669,-66.7288436889648
9000000.00026669,-66.7691802978516
9000000.0002667,-66.8646545410156
9000000.0002667,-67.0344085693359
9000000.00026671,-67.2975997924805
9000000.00026671,-67.6733627319336
9000000.00026672,-68.1808624267578
9000000.00026672,-68.8392333984375
9000000.00026673,-69.6676254272461
9000000.00026673,-70.7815856933594
9000000.00026674,-72.2377853393555
9000000.00026674,-73.9670791625977
9000000.00026675,-75.9003143310547
9000000.00026675,-77.9683532714844
9000000.00026676,-80.10205078125
9000000.00026676,-82.2322540283203
9000000.00026677,-84.2898178100586
9000000.00026677,-86.2056045532227
9000000.00026678,-87.9104614257813
9000000.00026678,-89.3352508544922
9000000.00026679,-90.4108123779297
9000000.00026679,-91.0680160522461
9000000.0002668,-91.2589111328125
9000000.0002668,-91.0402145385742
9000000.00026681,-90.4687805175781
9000000.00026681,-89.5984115600586
9000000.00026682,-88.4829406738281
9000000.00026682,-87.1761856079102
9000000.00026683,-85.7319641113281
9000000.00026683,-84.2041015625
9000000.00026684,-82.6464080810547
9000000.00026684,-81.1127243041992
9000000.00026685,-79.656852722168
9000000.00026685,-78.3326187133789
9000000.00026686,-77.1938400268555
9000000.00026686,-76.2811965942383
9000000.00026687,-75.4610061645508
9000000.00026687,-74.6828384399414
9000000.00026688,-73.9447479248047
9000000.00026688,-73.2447814941406
9000000.00026689,-72.5809860229492
9000000.00026689,-71.951416015625
9000000.0002669,-71.3541259765625
9000000.0002669,-70.7871475219727
9000000.00026691,-70.2485504150391
9000000.00026691,-69.7363739013672
9000000.00026692,-69.248664855957
9000000.00026692,-68.7834777832031
9000000.00026693,-68.3388595581055
9000000.00026693,-67.9202880859375
9000000.00026694,-67.5336227416992
9000000.00026694,-67.1775360107422
9000000.00026695,-66.8506774902344
9000000.00026695,-66.5517044067383
9000000.00026696,-66.2792663574219
9000000.00026696,-66.0320358276367
9000000.00026697,-65.8086624145508
9000000.00026697,-65.607795715332
9000000.00026698,-65.4281005859375
9000000.00026698,-65.2682342529297
9000000.00026699,-65.1268463134766
9000000.00026699,-65.0026092529297
9000000.000267,-64.8960266113281
9000000.000267,-64.8122177124023
9000000.00026701,-64.7511215209961
9000000.00026701,-64.7122421264648
9000000.00026702,-64.695068359375
9000000.00026702,-64.699104309082
9000000.00026703,-64.7238464355469
9000000.00026703,-64.7687911987305
9000000.00026704,-64.8334274291992
9000000.00026704,-64.9172668457031
9000000.00026705,-65.0197906494141
9000000.00026705,-65.1405029296875
9000000.00026706,-65.2789001464844
9000000.00026706,-65.4335632324219
9000000.00026707,-65.5934371948242
9000000.00026707,-65.7588500976563
9000000.00026708,-65.9341430664063
9000000.00026708,-66.1236801147461
9000000.00026709,-66.3318252563477
9000000.00026709,-66.5629119873047
9000000.0002671,-66.8213195800781
9000000.0002671,-67.1113891601563
9000000.00026711,-67.4374771118164
9000000.00026711,-67.8039474487305
9000000.00026712,-68.2151489257813
9000000.00026712,-68.6754455566406
9000000.00026713,-69.1891860961914
9000000.00026713,-69.8114242553711
9000000.00026714,-70.5745086669922
9000000.00026714,-71.4486999511719
9000000.00026715,-72.4042739868164
9000000.00026715,-73.4114990234375
9000000.00026716,-74.4406509399414
9000000.00026716,-75.4620056152344
9000000.00026717,-76.4458312988281
9000000.00026717,-77.3623962402344
9000000.00026718,-78.1819839477539
9000000.00026718,-78.8748550415039
9000000.00026719,-79.4112854003906
9000000.00026719,-79.7615509033203
9000000.0002672,-79.9075317382813
9000000.0002672,-79.8804779052734
9000000.00026721,-79.7028427124023
9000000.00026721,-79.3951034545898
9000000.00026722,-78.9777603149414
9000000.00026722,-78.4712829589844
9000000.00026723,-77.8961639404297
9000000.00026723,-77.2728805541992
9000000.00026724,-76.6219177246094
9000000.00026724,-75.9637680053711
9000000.00026725,-75.3189010620117
9000000.00026725,-74.7078094482422
9000000.00026726,-74.1509780883789
9000000.00026726,-73.6625213623047
9000000.00026727,-73.1754837036133
9000000.00026727,-72.6704788208008
9000000.00026728,-72.1524200439453
9000000.00026728,-71.6262435913086
9000000.00026729,-71.0968780517578
9000000.00026729,-70.5692520141602
9000000.0002673,-70.0483016967773
9000000.0002673,-69.5389404296875
9000000.00026731,-69.0461044311523
9000000.00026731,-68.5747299194336
9000000.00026732,-68.1297378540039
9000000.00026732,-67.7160568237305
9000000.00026733,-67.3386154174805
9000000.00026733,-66.9897994995117
9000000.00026734,-66.6589660644531
9000000.00026734,-66.3464813232422
9000000.00026735,-66.0527267456055
9000000.00026735,-65.7780609130859
9000000.00026736,-65.5228729248047
9000000.00026736,-65.2875289916992
9000000.00026737,-65.0724029541016
9000000.00026737,-64.8778762817383
9000000.00026738,-64.7043151855469
9000000.00026738,-64.5520935058594
9000000.00026739,-64.4215927124023
9000000.00026739,-64.3131790161133
9000000.0002674,-64.2280120849609
9000000.0002674,-64.1682586669922
9000000.00026741,-64.1328887939453
9000000.00026741,-64.1206741333008
9000000.00026742,-64.1303482055664
9000000.00026742,-64.1606750488281
9000000.00026743,-64.2104034423828
9000000.00026743,-64.2782821655273
9000000.00026744,-64.3630752563477
9000000.00026744,-64.4635238647461
9000000.00026745,-64.5783843994141
9000000.00026745,-64.706413269043
9000000.00026746,-64.8463592529297
9000000.00026746,-64.9984893798828
9000000.00026747,-65.1801223754883
9000000.00026747,-65.3926162719727
9000000.00026748,-65.630989074707
9000000.00026748,-65.8902740478516
9000000.00026749,-66.1654968261719
9000000.00026749,-66.4516754150391
9000000.0002675,-66.7438507080078
9000000.0002675,-67.0370254516602
9000000.00026751,-67.3262481689453
9000000.00026751,-67.6065292358398
9000000.00026752,-67.8729019165039
9000000.00026752,-68.1203842163086
9000000.00026753,-68.3440093994141
9000000.00026753,-68.5554733276367
9000000.00026754,-68.7682495117188
9000000.00026754,-68.9800033569336
9000000.00026755,-69.1884002685547
9000000.00026755,-69.39111328125
9000000.00026756,-69.5858001708984
9000000.00026756,-69.7701263427734
9000000.00026757,-69.9417724609375
9000000.00026757,-70.0983963012695
9000000.00026758,-70.237663269043
9000000.00026758,-70.3572463989258
9000000.00026759,-70.4548110961914
9000000.00026759,-70.5280227661133
9000000.0002676,-70.5744476318359
9000000.0002676,-70.5937347412109
9000000.00026761,-70.5884628295898
9000000.00026761,-70.5613098144531
9000000.00026762,-70.5149765014648
9000000.00026762,-70.4521484375
9000000.00026763,-70.3755111694336
9000000.00026763,-70.2877502441406
9000000.00026764,-70.1915664672852
9000000.00026764,-70.0896377563477
9000000.00026765,-69.9846649169922
9000000.00026765,-69.8793182373047
9000000.00026766,-69.7763061523438
9000000.00026766,-69.6770095825195
9000000.00026767,-69.5671615600586
9000000.00026767,-69.4441452026367
9000000.00026768,-69.310546875
9000000.00026768,-69.1689376831055
9000000.00026769,-69.0218963623047
9000000.00026769,-68.8720016479492
9000000.0002677,-68.7218475341797
9000000.0002677,-68.5739898681641
9000000.00026771,-68.4310302734375
9000000.00026771,-68.2955322265625
9000000.00026772,-68.1700820922852
9000000.00026772,-68.057258605957
9000000.00026773,-67.9596328735352
9000000.00026773,-67.8723907470703
9000000.00026774,-67.7893753051758
9000000.00026774,-67.7111968994141
9000000.00026775,-67.6384582519531
9000000.00026775,-67.5717697143555
9000000.00026776,-67.5117416381836
9000000.00026776,-67.458984375
9000000.00026777,-67.4140930175781
9000000.00026777,-67.377685546875
9000000.00026778,-67.3503646850586
9000000.00026778,-67.3327407836914
9000000.00026779,-67.3254241943359
9000000.00026779,-67.3290100097656
9000000.0002678,-67.3424987792969
9000000.0002678,-67.3614654541016
9000000.00026781,-67.3865356445313
9000000.00026781,-67.4187698364258
9000000.00026782,-67.4591979980469
9000000.00026782,-67.5088882446289
9000000.00026783,-67.5688781738281
9000000.00026783,-67.6402206420898
9000000.00026784,-67.7239532470703
9000000.00026784,-67.8211364746094
9000000.00026785,-67.9328155517578
9000000.00026785,-68.0600433349609
9000000.00026786,-68.203857421875
9000000.00026786,-68.3640899658203
9000000.00026787,-68.5267944335938
9000000.00026787,-68.6908569335938
9000000.00026788,-68.860221862793
9000000.00026788,-69.0388641357422
9000000.00026789,-69.2307434082031
9000000.00026789,-69.439826965332
9000000.0002679,-69.6700744628906
9000000.0002679,-69.9254608154297
9000000.00026791,-70.2099380493164
9000000.00026791,-70.527473449707
9000000.00026792,-70.8820419311523
9000000.00026792,-71.2775955200195
9000000.00026793,-71.7181015014648
9000000.00026793,-72.2397384643555
9000000.00026794,-72.8625183105469
9000000.00026794,-73.566162109375
9000000.00026795,-74.3303909301758
9000000.00026795,-75.1349334716797
9000000.00026796,-75.9595108032227
9000000.00026796,-76.7838439941406
9000000.00026797,-77.5876541137695
9000000.00026797,-78.3506698608398
9000000.00026798,-79.052604675293
9000000.00026798,-79.6731872558594
9000000.00026799,-80.1921463012695
9000000.00026799,-80.5891876220703
9000000.000268,-80.8588790893555
9000000.000268,-81.0415954589844
9000000.00026801,-81.1471405029297
9000000.00026801,-81.18212890625
9000000.00026802,-81.1531600952148
9000000.00026802,-81.0668258666992
9000000.00026803,-80.9297485351563
9000000.00026803,-80.7485198974609
9000000.00026804,-80.5297470092773
9000000.00026804,-80.280029296875
9000000.00026805,-80.0059661865234
9000000.00026805,-79.7141723632813
9000000.00026806,-79.411247253418
9000000.00026806,-79.0997543334961
9000000.00026807,-78.7347869873047
9000000.00026807,-78.3097991943359
9000000.00026808,-77.8345947265625
9000000.00026808,-77.3190155029297
9000000.00026809,-76.7728576660156
9000000.00026809,-76.2059631347656
9000000.0002681,-75.6281356811523
9000000.0002681,-75.049201965332
9000000.00026811,-74.4789886474609
9000000.00026811,-73.9273147583008
9000000.00026812,-73.4039916992188
9000000.00026812,-72.9188461303711
9000000.00026813,-72.4816970825195
9000000.00026813,-72.0763626098633
9000000.00026814,-71.6809158325195
9000000.00026814,-71.2966003417969
9000000.00026815,-70.9246673583984
9000000.00026815,-70.5663528442383
9000000.00026816,-70.222900390625
9000000.00026816,-69.8955535888672
9000000.00026817,-69.5855484008789
9000000.00026817,-69.2941360473633
9000000.00026818,-69.0225448608398
9000000.00026818,-68.7720260620117
9000000.00026819,-68.543815612793
9000000.00026819,-68.3391647338867
9000000.0002682,-68.1573028564453
9000000.0002682,-67.9927673339844
9000000.00026821,-67.845817565918
9000000.00026821,-67.7172164916992
9000000.00026822,-67.6077117919922
9000000.00026822,-67.51806640625
9000000.00026823,-67.4490356445313
9000000.00026823,-67.4013824462891
9000000.00026824,-67.3758544921875
9000000.00026824,-67.3732147216797
9000000.00026825,-67.3942260742188
9000000.00026825,-67.4396286010742
9000000.00026826,-67.5101928710938
9000000.00026826,-67.6072311401367
9000000.00026827,-67.737548828125
9000000.00026827,-67.9005508422852
9000000.00026828,-68.0931396484375
9000000.00026828,-68.3122329711914
9000000.00026829,-68.5547180175781
9000000.00026829,-68.8175048828125
9000000.0002683,-69.0975036621094
9000000.0002683,-69.3916168212891
9000000.00026831,-69.6967468261719
9000000.00026831,-70.0097961425781
9000000.00026832,-70.3276748657227
9000000.00026832,-70.6472854614258
9000000.00026833,-70.9655227661133
9000000.00026833,-71.3088455200195
9000000.00026834,-71.6985626220703
9000000.00026834,-72.1239013671875
9000000.00026835,-72.5740966796875
9000000.00026835,-73.0383834838867
9000000.00026836,-73.5059814453125
9000000.00026836,-73.9661178588867
9000000.00026837,-74.4080276489258
9000000.00026837,-74.8209381103516
9000000.00026838,-75.1940765380859
9000000.00026838,-75.5166702270508
9000000.00026839,-75.7779541015625
9000000.00026839,-75.9671478271484
9000000.0002684,-76.0784149169922
9000000.0002684,-76.1250305175781
9000000.00026841,-76.1145782470703
9000000.00026841,-76.0537109375
9000000.00026842,-75.949089050293
9000000.00026842,-75.807373046875
9000000.00026843,-75.6352233886719
9000000.00026843,-75.4392929077148
9000000.00026844,-75.2262496948242
9000000.00026844,-75.0027542114258
9000000.00026845,-74.7754669189453
9000000.00026845,-74.5510406494141
9000000.00026846,-74.3361358642578
9000000.00026846,-74.1348419189453
9000000.00026847,-73.9193649291992
9000000.00026847,-73.6833190917969
9000000.00026848,-73.4304428100586
9000000.00026848,-73.1644439697266
9000000.00026849,-72.8890609741211
9000000.00026849,-72.6080093383789
9000000.0002685,-72.3250274658203
9000000.0002685,-72.043830871582
9000000.00026851,-71.7681427001953
9000000.00026851,-71.5016937255859
9000000.00026852,-71.2482070922852
9000000.00026852,-71.0114059448242
9000000.00026853,-70.7950210571289
9000000.00026853,-70.5910568237305
9000000.00026854,-70.3899459838867
9000000.00026854,-70.1930618286133
9000000.00026855,-70.0017776489258
9000000.00026855,-69.8174667358398
9000000.00026856,-69.6415023803711
9000000.00026856,-69.4752502441406
9000000.00026857,-69.3200912475586
9000000.00026857,-69.1773910522461
9000000.00026858,-69.0485153198242
9000000.00026858,-68.9348526000977
9000000.00026859,-68.837760925293
9000000.00026859,-68.7586212158203
9000000.0002686,-68.69580078125
9000000.0002686,-68.6410903930664
9000000.00026861,-68.5954055786133
9000000.00026861,-68.560417175293
9000000.00026862,-68.5378112792969
9000000.00026862,-68.5292510986328
9000000.00026863,-68.5364227294922
9000000.00026863,-68.5609970092773
9000000.00026864,-68.6046447753906
9000000.00026864,-68.6690444946289
9000000.00026865,-68.7558746337891
9000000.00026865,-68.866813659668
9000000.00026866,-69.0035247802734
9000000.00026866,-69.1659469604492
9000000.00026867,-69.3342742919922
9000000.00026867,-69.5067367553711
9000000.00026868,-69.6887893676758
9000000.00026868,-69.8858947753906
9000000.00026869,-70.103515625
9000000.00026869,-70.3471221923828
9000000.0002687,-70.6221694946289
9000000.0002687,-70.9341201782227
9000000.00026871,-71.288444519043
9000000.00026871,-71.6905975341797
9000000.00026872,-72.1460494995117
9000000.00026872,-72.6602554321289
9000000.00026873,-73.2386856079102
9000000.00026873,-73.9487380981445
9000000.00026874,-74.8298568725586
9000000.00026874,-75.8455581665039
9000000.00026875,-76.959358215332
9000000.00026875,-78.1347808837891
9000000.00026876,-79.335334777832
9000000.00026876,-80.524543762207
9000000.00026877,-81.6659240722656
9000000.00026877,-82.7229919433594
9000000.00026878,-83.6592712402344
9000000.00026878,-84.4382705688477
9000000.00026879,-85.0235061645508
9000000.00026879,-85.3785018920898
9000000.0002688,-85.4750823974609
9000000.0002688,-85.3352203369141
9000000.00026881,-84.9911956787109
9000000.00026881,-84.4744873046875
9000000.00026882,-83.8165588378906
9000000.00026882,-83.0488891601563
9000000.00026883,-82.2029342651367
9000000.00026883,-81.310173034668
9000000.00026884,-80.4020767211914
9000000.00026884,-79.5101165771484
9000000.00026885,-78.6657562255859
9000000.00026885,-77.9004669189453
9000000.00026886,-77.245719909668
9000000.00026886,-76.7249984741211
9000000.00026887,-76.2566833496094
9000000.00026887,-75.8112411499023
9000000.00026888,-75.3887557983398
9000000.00026888,-74.9893112182617
9000000.00026889,-74.6129760742188
9000000.00026889,-74.2598419189453
9000000.0002689,-73.9299774169922
9000000.0002689,-73.6234817504883
9000000.00026891,-73.3404235839844
9000000.00026891,-73.0808868408203
9000000.00026892,-72.8449554443359
9000000.00026892,-72.6327056884766
9000000.00026893,-72.444221496582
9000000.00026893,-72.2891006469727
9000000.00026894,-72.1737594604492
9000000.00026894,-72.0934677124023
9000000.00026895,-72.0434875488281
9000000.00026895,-72.0190963745117
9000000.00026896,-72.0155563354492
9000000.00026896,-72.0281524658203
9000000.00026897,-72.0521469116211
9000000.00026897,-72.0828170776367
9000000.00026898,-72.1154251098633
9000000.00026898,-72.1452484130859
9000000.00026899,-72.1675567626953
9000000.00026899,-72.177619934082
9000000.000269,-72.174919128418
9000000.000269,-72.1709365844727
9000000.00026901,-72.1673736572266
9000000.00026901,-72.1649551391602
9000000.00026902,-72.1644287109375
9000000.00026902,-72.1665344238281
9000000.00026903,-72.1720123291016
9000000.00026903,-72.1816101074219
9000000.00026904,-72.1960601806641
9000000.00026904,-72.2161026000977
9000000.00026905,-72.2424774169922
9000000.00026905,-72.2759246826172
9000000.00026906,-72.3171920776367
9000000.00026906,-72.3673324584961
9000000.00026907,-72.4303359985352
9000000.00026907,-72.5055847167969
9000000.00026908,-72.5910034179688
9000000.00026908,-72.6845016479492
9000000.00026909,-72.7839813232422
9000000.00026909,-72.8873672485352
9000000.0002691,-72.9925765991211
9000000.0002691,-73.0975112915039
9000000.00026911,-73.2000961303711
9000000.00026911,-73.2982406616211
9000000.00026912,-73.3898544311523
9000000.00026912,-73.4728546142578
9000000.00026913,-73.5451507568359
9000000.00026913,-73.6183700561523
9000000.00026914,-73.7026977539063
9000000.00026914,-73.7938766479492
9000000.00026915,-73.8876724243164
9000000.00026915,-73.9798431396484
9000000.00026916,-74.0661392211914
9000000.00026916,-74.1423187255859
9000000.00026917,-74.2041473388672
9000000.00026917,-74.2473678588867
9000000.00026918,-74.2677459716797
9000000.00026918,-74.2610321044922
9000000.00026919,-74.2229919433594
9000000.00026919,-74.1493759155273
9000000.0002692,-74.037223815918
9000000.0002692,-73.8899841308594
9000000.00026921,-73.7111434936523
9000000.00026921,-73.5040283203125
9000000.00026922,-73.2719573974609
9000000.00026922,-73.0182495117188
9000000.00026923,-72.7462310791016
9000000.00026923,-72.4592132568359
9000000.00026924,-72.1605224609375
9000000.00026924,-71.8534698486328
9000000.00026925,-71.5413818359375
9000000.00026925,-71.2275772094727
9000000.00026926,-70.9153747558594
9000000.00026926,-70.6061477661133
9000000.00026927,-70.2783126831055
9000000.00026927,-69.9285736083984
9000000.00026928,-69.5615310668945
9000000.00026928,-69.181770324707
9000000.00026929,-68.7938842773438
9000000.00026929,-68.4024505615234
9000000.0002693,-68.012077331543
9000000.0002693,-67.6273345947266
9000000.00026931,-67.2528228759766
9000000.00026931,-66.8931274414063
9000000.00026932,-66.5528411865234
9000000.00026932,-66.2365493774414
9000000.00026933,-65.9488525390625
9000000.00026933,-65.6808929443359
9000000.00026934,-65.4215927124023
9000000.00026934,-65.1721420288086
9000000.00026935,-64.9337387084961
9000000.00026935,-64.7075729370117
9000000.00026936,-64.4948577880859
9000000.00026936,-64.2967834472656
9000000.00026937,-64.1145553588867
9000000.00026937,-63.9493560791016
9000000.00026938,-63.8023986816406
9000000.00026938,-63.6748733520508
9000000.00026939,-63.5679779052734
9000000.00026939,-63.4829139709473
9000000.0002694,-63.4202308654785
9000000.0002694,-63.3781623840332
9000000.00026941,-63.3559532165527
9000000.00026941,-63.3529663085938
9000000.00026942,-63.3685760498047
9000000.00026942,-63.4021492004395
9000000.00026943,-63.453052520752
9000000.00026943,-63.5206527709961
9000000.00026944,-63.6043243408203
9000000.00026944,-63.7034301757813
9000000.00026945,-63.8173408508301
9000000.00026945,-63.9454231262207
9000000.00026946,-64.0870513916016
9000000.00026946,-64.2416076660156
9000000.00026947,-64.4091567993164
9000000.00026947,-64.5902557373047
9000000.00026948,-64.7854766845703
9000000.00026948,-64.9953689575195
9000000.00026949,-65.2204895019531
9000000.00026949,-65.4614105224609
9000000.0002695,-65.7186813354492
9000000.0002695,-65.9928665161133
9000000.00026951,-66.2845153808594
9000000.00026951,-66.5941925048828
9000000.00026952,-66.9224624633789
9000000.00026952,-67.2698745727539
9000000.00026953,-67.6370010375977
9000000.00026953,-68.0450973510742
9000000.00026954,-68.5079345703125
9000000.00026954,-69.014762878418
9000000.00026955,-69.5548782348633
9000000.00026955,-70.1175384521484
9000000.00026956,-70.6920166015625
9000000.00026956,-71.2675857543945
9000000.00026957,-71.8335266113281
9000000.00026957,-72.3791046142578
9000000.00026958,-72.8935928344727
9000000.00026958,-73.3662643432617
9000000.00026959,-73.7863922119141
9000000.00026959,-74.1432418823242
9000000.0002696,-74.4368209838867
9000000.0002696,-74.6963806152344
9000000.00026961,-74.9248428344727
9000000.00026961,-75.1226272583008
9000000.00026962,-75.2901840209961
9000000.00026962,-75.4279403686523
9000000.00026963,-75.5363235473633
9000000.00026963,-75.6157836914063
9000000.00026964,-75.6667404174805
9000000.00026964,-75.6896362304688
9000000.00026965,-75.6848983764648
9000000.00026965,-75.6529693603516
9000000.00026966,-75.5942840576172
9000000.00026966,-75.5068206787109
9000000.00026967,-75.3619232177734
9000000.00026967,-75.158821105957
9000000.00026968,-74.9072418212891
9000000.00026968,-74.6168975830078
9000000.00026969,-74.2975082397461
9000000.00026969,-73.9587860107422
9000000.0002697,-73.6104507446289
9000000.0002697,-73.2622299194336
9000000.00026971,-72.9238357543945
9000000.00026971,-72.6049880981445
9000000.00026972,-72.3153991699219
9000000.00026972,-72.0647888183594
9000000.00026973,-71.8628845214844
9000000.00026973,-71.7040481567383
9000000.00026974,-71.5736312866211
9000000.00026974,-71.4678039550781
9000000.00026975,-71.3827285766602
9000000.00026975,-71.314582824707
9000000.00026976,-71.2595291137695
9000000.00026976,-71.213752746582
9000000.00026977,-71.1734161376953
9000000.00026977,-71.1346817016602
9000000.00026978,-71.0937347412109
9000000.00026978,-71.0467300415039
9000000.00026979,-70.9898529052734
9000000.00026979,-70.9192657470703
9000000.0002698,-70.8334197998047
9000000.0002698,-70.7384872436523
9000000.00026981,-70.6367416381836
9000000.00026981,-70.5299835205078
9000000.00026982,-70.4200286865234
9000000.00026982,-70.3086776733398
9000000.00026983,-70.1977462768555
9000000.00026983,-70.0890350341797
9000000.00026984,-69.9843521118164
9000000.00026984,-69.8855056762695
9000000.00026985,-69.794303894043
9000000.00026985,-69.7125549316406
9000000.00026986,-69.6420669555664
9000000.00026986,-69.5836791992188
9000000.00026987,-69.5268478393555
9000000.00026987,-69.4697875976563
9000000.00026988,-69.4145889282227
9000000.00026988,-69.3633117675781
9000000.00026989,-69.3180465698242
9000000.00026989,-69.2808609008789
9000000.0002699,-69.2538452148438
9000000.0002699,-69.2390594482422
9000000.00026991,-69.2385940551758
9000000.00026991,-69.2545166015625
9000000.00026992,-69.2889175415039
9000000.00026992,-69.3438568115234
9000000.00026993,-69.4214248657227
9000000.00026993,-69.5388717651367
9000000.00026994,-69.7055282592773
9000000.00026994,-69.9116058349609
9000000.00026995,-70.1473083496094
9000000.00026995,-70.40283203125
9000000.00026996,-70.6683807373047
9000000.00026996,-70.9341583251953
9000000.00026997,-71.1903686523438
9000000.00026997,-71.4272155761719
9000000.00026998,-71.634895324707
9000000.00026998,-71.8036193847656
9000000.00026999,-71.923583984375
9000000.00026999,-71.9850006103516
9000000.00027,-71.9826431274414
9000000.00027,-71.9289093017578
9000000.00027001,-71.8305969238281
9000000.00027001,-71.6936492919922
9000000.00027002,-71.5240097045898
9000000.00027002,-71.3276062011719
9000000.00027003,-71.1103973388672
9000000.00027003,-70.8783187866211
9000000.00027004,-70.6373138427734
9000000.00027004,-70.3933181762695
9000000.00027005,-70.1522827148438
9000000.00027005,-69.9201354980469
9000000.00027006,-69.7028350830078
9000000.00027006,-69.5040130615234
9000000.00027007,-69.2988739013672
9000000.00027007,-69.0817184448242
9000000.00027008,-68.8558883666992
9000000.00027008,-68.6246871948242
9000000.00027009,-68.3914566040039
9000000.00027009,-68.1595153808594
9000000.0002701,-67.9321823120117
9000000.0002701,-67.7127990722656
9000000.00027011,-67.5046768188477
9000000.00027011,-67.3111419677734
9000000.00027012,-67.1355285644531
9000000.00027012,-66.9811553955078
9000000.00027013,-66.8513488769531
9000000.00027013,-66.7449035644531
9000000.00027014,-66.6572723388672
9000000.00027014,-66.5868072509766
9000000.00027015,-66.531852722168
9000000.00027015,-66.4907455444336
9000000.00027016,-66.4618377685547
9000000.00027016,-66.4434585571289
9000000.00027017,-66.433952331543
9000000.00027017,-66.4316711425781
9000000.00027018,-66.4349517822266
9000000.00027018,-66.442138671875
9000000.00027019,-66.4515686035156
9000000.00027019,-66.4615859985352
9000000.0002702,-66.4725723266602
9000000.0002702,-66.4900665283203
9000000.00027021,-66.5142211914063
9000000.00027021,-66.5447082519531
9000000.00027022,-66.5812072753906
9000000.00027022,-66.6233673095703
9000000.00027023,-66.6708755493164
9000000.00027023,-66.7233963012695
9000000.00027024,-66.7806015014648
9000000.00027024,-66.842155456543
9000000.00027025,-66.9077377319336
9000000.00027025,-66.9770050048828
9000000.00027026,-67.0496368408203
9000000.00027026,-67.1256561279297
9000000.00027027,-67.2091598510742
9000000.00027027,-67.3004989624023
9000000.00027028,-67.3985290527344
9000000.00027028,-67.5021057128906
9000000.00027029,-67.6100921630859
9000000.00027029,-67.7213439941406
9000000.0002703,-67.8347091674805
9000000.0002703,-67.9490509033203
9000000.00027031,-68.063232421875
9000000.00027031,-68.1760940551758
9000000.00027032,-68.286506652832
9000000.00027032,-68.3933258056641
9000000.00027033,-68.4954071044922
9000000.00027033,-68.5990447998047
9000000.00027034,-68.7097930908203
9000000.00027034,-68.8253402709961
9000000.00027035,-68.9434051513672
9000000.00027035,-69.0616912841797
9000000.00027036,-69.1778945922852
9000000.00027036,-69.2897262573242
9000000.00027037,-69.3948974609375
9000000.00027037,-69.4911041259766
9000000.00027038,-69.576057434082
9000000.00027038,-69.6474533081055
9000000.00027039,-69.703010559082
9000000.00027039,-69.7404251098633
9000000.0002704,-69.7575302124023
9000000.0002704,-69.7546157836914
9000000.00027041,-69.734016418457
9000000.00027041,-69.6981506347656
9000000.00027042,-69.6494140625
9000000.00027042,-69.590202331543
9000000.00027043,-69.5229339599609
9000000.00027043,-69.4500122070313
9000000.00027044,-69.3738250732422
9000000.00027044,-69.2967910766602
9000000.00027045,-69.221305847168
9000000.00027045,-69.149772644043
9000000.00027046,-69.084602355957
9000000.00027046,-69.0272750854492
9000000.00027047,-68.9679489135742
9000000.00027047,-68.9043121337891
9000000.00027048,-68.8376617431641
9000000.00027048,-68.7692642211914
9000000.00027049,-68.7004089355469
9000000.00027049,-68.6323776245117
9000000.0002705,-68.5664443969727
9000000.0002705,-68.5038909912109
9000000.00027051,-68.4459991455078
9000000.00027051,-68.3940505981445
9000000.00027052,-68.3493270874023
9000000.00027052,-68.3131103515625
9000000.00027053,-68.2866821289063
9000000.00027053,-68.2725067138672
9000000.00027054,-68.2708282470703
9000000.00027054,-68.2795715332031
9000000.00027055,-68.2966690063477
9000000.00027055,-68.320068359375
9000000.00027056,-68.3476943969727
9000000.00027056,-68.3774719238281
9000000.00027057,-68.4073486328125
9000000.00027057,-68.4352493286133
9000000.00027058,-68.4591064453125
9000000.00027058,-68.4768524169922
9000000.00027059,-68.4864349365234
9000000.00027059,-68.4857635498047
9000000.0002706,-68.472297668457
9000000.0002706,-68.4446334838867
9000000.00027061,-68.4053649902344
9000000.00027061,-68.357292175293
9000000.00027062,-68.3032302856445
9000000.00027062,-68.2459716796875
9000000.00027063,-68.1883392333984
9000000.00027063,-68.1331253051758
9000000.00027064,-68.0831451416016
9000000.00027064,-68.0412063598633
9000000.00027065,-68.0101013183594
9000000.00027065,-67.9926528930664
9000000.00027066,-67.9916610717773
9000000.00027066,-68.0085144042969
9000000.00027067,-68.0276947021484
9000000.00027067,-68.0464477539063
9000000.00027068,-68.0677032470703
9000000.00027068,-68.0943756103516
9000000.00027069,-68.1293869018555
9000000.00027069,-68.175651550293
9000000.0002707,-68.2360916137695
9000000.0002707,-68.3136215209961
9000000.00027071,-68.4111709594727
9000000.00027071,-68.5316390991211
9000000.00027072,-68.6779632568359
9000000.00027072,-68.8530578613281
9000000.00027073,-69.0598373413086
9000000.00027073,-69.317497253418
9000000.00027074,-69.6357498168945
9000000.00027074,-70.003288269043
9000000.00027075,-70.4087905883789
9000000.00027075,-70.8409576416016
9000000.00027076,-71.2884750366211
9000000.00027076,-71.7400283813477
9000000.00027077,-72.1843185424805
9000000.00027077,-72.6100158691406
9000000.00027078,-73.0058212280273
9000000.00027078,-73.3604278564453
9000000.00027079,-73.6625213623047
9000000.00027079,-73.9007797241211
9000000.0002708,-74.0727005004883
9000000.0002708,-74.2022018432617
9000000.00027081,-74.2943496704102
9000000.00027081,-74.352294921875
9000000.00027082,-74.3791580200195
9000000.00027082,-74.3780822753906
9000000.00027083,-74.3522033691406
9000000.00027083,-74.3046646118164
9000000.00027084,-74.2385864257813
9000000.00027084,-74.1571197509766
9000000.00027085,-74.0633926391602
9000000.00027085,-73.9605484008789
9000000.00027086,-73.8517227172852
9000000.00027086,-73.7382888793945
9000000.00027087,-73.6008529663086
9000000.00027087,-73.4363174438477
9000000.00027088,-73.248664855957
9000000.00027088,-73.0418853759766
9000000.00027089,-72.8199691772461
9000000.00027089,-72.5868988037109
9000000.0002709,-72.3466644287109
9000000.0002709,-72.1032485961914
9000000.00027091,-71.8606414794922
9000000.00027091,-71.6228332519531
9000000.00027092,-71.393798828125
9000000.00027092,-71.1775283813477
9000000.00027093,-70.9780197143555
9000000.00027093,-70.7885894775391
9000000.00027094,-70.6002807617188
9000000.00027094,-70.4136505126953
9000000.00027095,-70.2292404174805
9000000.00027095,-70.047607421875
9000000.00027096,-69.8693084716797
9000000.00027096,-69.6948852539063
9000000.00027097,-69.5248947143555
9000000.00027097,-69.3598861694336
9000000.00027098,-69.2004089355469
9000000.00027098,-69.0470199584961
9000000.00027099,-68.9002685546875
9000000.00027099,-68.7607116699219
9000000.000271,-68.6271133422852
9000000.000271,-68.4945602416992
9000000.00027101,-68.3639068603516
9000000.00027101,-68.2364196777344
9000000.00027102,-68.113410949707
9000000.00027102,-67.9961547851563
9000000.00027103,-67.8859558105469
9000000.00027103,-67.7841033935547
9000000.00027104,-67.6918792724609
9000000.00027104,-67.6105728149414
9000000.00027105,-67.5414886474609
9000000.00027105,-67.4859161376953
9000000.00027106,-67.4451370239258
9000000.00027106,-67.4204025268555
9000000.00027107,-67.4117584228516
9000000.00027107,-67.4180297851563
9000000.00027108,-67.4380340576172
9000000.00027108,-67.4705657958984
9000000.00027109,-67.5144424438477
9000000.00027109,-67.5684814453125
9000000.0002711,-67.6314697265625
9000000.0002711,-67.7022323608398
9000000.00027111,-67.7795715332031
9000000.00027111,-67.8622970581055
9000000.00027112,-67.94921875
9000000.00027112,-68.0391387939453
9000000.00027113,-68.1308746337891
9000000.00027113,-68.2322463989258
9000000.00027114,-68.3498687744141
9000000.00027114,-68.4807357788086
9000000.00027115,-68.6218566894531
9000000.00027115,-68.7702331542969
9000000.00027116,-68.9228515625
9000000.00027116,-69.0767211914063
9000000.00027117,-69.2288360595703
9000000.00027117,-69.3761978149414
9000000.00027118,-69.5158081054688
9000000.00027118,-69.644660949707
9000000.00027119,-69.7597579956055
9000000.00027119,-69.8581008911133
9000000.0002712,-69.9394607543945
9000000.0002712,-70.0114364624023
9000000.00027121,-70.0749969482422
9000000.00027121,-70.130500793457
9000000.00027122,-70.1783142089844
9000000.00027122,-70.2187881469727
9000000.00027123,-70.2522735595703
9000000.00027123,-70.2791213989258
9000000.00027124,-70.2996978759766
9000000.00027124,-70.3143615722656
9000000.00027125,-70.3234481811523
9000000.00027125,-70.3273315429688
9000000.00027126,-70.3263626098633
9000000.00027126,-70.32080078125
9000000.00027127,-70.3097457885742
9000000.00027127,-70.2928695678711
9000000.00027128,-70.2701568603516
9000000.00027128,-70.2416076660156
9000000.00027129,-70.2072219848633
9000000.00027129,-70.1669845581055
9000000.0002713,-70.1209030151367
9000000.0002713,-70.068962097168
9000000.00027131,-70.0111618041992
9000000.00027131,-69.9474945068359
9000000.00027132,-69.8779678344727
9000000.00027132,-69.8025588989258
9000000.00027133,-69.7212753295898
9000000.00027133,-69.6300354003906
9000000.00027134,-69.5260848999023
9000000.00027134,-69.4114151000977
9000000.00027135,-69.2880172729492
9000000.00027135,-69.1578674316406
9000000.00027136,-69.0229568481445
9000000.00027136,-68.8852844238281
9000000.00027137,-68.746826171875
9000000.00027137,-68.6095733642578
9000000.00027138,-68.4755096435547
9000000.00027138,-68.3466262817383
9000000.00027139,-68.2249221801758
9000000.00027139,-68.1123657226563
9000000.0002714,-68.0057907104492
9000000.0002714,-67.8910293579102
9000000.00027141,-67.7700576782227
9000000.00027141,-67.6461868286133
9000000.00027142,-67.5227127075195
9000000.00027142,-67.4029541015625
9000000.00027143,-67.2901992797852
9000000.00027143,-67.1877593994141
9000000.00027144,-67.0989456176758
9000000.00027144,-67.0270462036133
9000000.00027145,-66.9753723144531
9000000.00027145,-66.9472351074219
9000000.00027146,-66.9459228515625
9000000.00027146,-66.9743728637695
9000000.00027147,-67.0293807983398
9000000.00027147,-67.10791015625
9000000.00027148,-67.2080917358398
9000000.00027148,-67.3280181884766
9000000.00027149,-67.4658126831055
9000000.00027149,-67.6195831298828
9000000.0002715,-67.7874526977539
9000000.0002715,-67.9675216674805
9000000.00027151,-68.1579055786133
9000000.00027151,-68.3567199707031
9000000.00027152,-68.5620803833008
9000000.00027152,-68.7720947265625
9000000.00027153,-68.9848709106445
9000000.00027153,-69.2196426391602
9000000.00027154,-69.4915084838867
9000000.00027154,-69.7923889160156
9000000.00027155,-70.1142044067383
9000000.00027155,-70.4488754272461
9000000.00027156,-70.788330078125
9000000.00027156,-71.1244812011719
9000000.00027157,-71.4492645263672
9000000.00027157,-71.7546005249023
9000000.00027158,-72.0324020385742
9000000.00027158,-72.2745971679688
9000000.00027159,-72.4731063842773
9000000.00027159,-72.6198577880859
9000000.0002716,-72.7105941772461
9000000.0002716,-72.7556304931641
9000000.00027161,-72.7605438232422
9000000.00027161,-72.7301864624023
9000000.00027162,-72.6694259643555
9000000.00027162,-72.5831069946289
9000000.00027163,-72.4760971069336
9000000.00027163,-72.3532485961914
9000000.00027164,-72.2194213867188
9000000.00027164,-72.0794677734375
9000000.00027165,-71.9382553100586
9000000.00027165,-71.8006286621094
9000000.00027166,-71.6714477539063
9000000.00027166,-71.5540084838867
9000000.00027167,-71.4316711425781
9000000.00027167,-71.2998275756836
9000000.00027168,-71.1599197387695
9000000.00027168,-71.0133743286133
9000000.00027169,-70.8616256713867
9000000.00027169,-70.7061157226563
9000000.0002717,-70.5482559204102
9000000.0002717,-70.3895034790039
9000000.00027171,-70.2312774658203
9000000.00027171,-70.0750198364258
9000000.00027172,-69.9221496582031
9000000.00027172,-69.7741165161133
9000000.00027173,-69.6323547363281
9000000.00027173,-69.4924545288086
9000000.00027174,-69.3498611450195
9000000.00027174,-69.2057342529297
9000000.00027175,-69.0612564086914
9000000.00027175,-68.9175796508789
9000000.00027176,-68.77587890625
9000000.00027176,-68.637321472168
9000000.00027177,-68.5030822753906
9000000.00027177,-68.3743209838867
9000000.00027178,-68.2522125244141
9000000.00027178,-68.1379165649414
9000000.00027179,-68.0326080322266
9000000.00027179,-67.9374465942383
9000000.0002718,-67.8498458862305
9000000.0002718,-67.7594299316406
9000000.00027181,-67.6679611206055
9000000.00027181,-67.5781555175781
9000000.00027182,-67.4927597045898
9000000.00027182,-67.4144821166992
9000000.00027183,-67.3460540771484
9000000.00027183,-67.2902145385742
9000000.00027184,-67.2496719360352
9000000.00027184,-67.2271728515625
9000000.00027185,-67.2254257202148
9000000.00027185,-67.2471771240234
9000000.00027186,-67.2951354980469
9000000.00027186,-67.3707809448242
9000000.00027187,-67.4603576660156
9000000.00027187,-67.5612106323242
9000000.00027188,-67.6757125854492
9000000.00027188,-67.8062286376953
9000000.00027189,-67.9551162719727
9000000.00027189,-68.124755859375
9000000.0002719,-68.317497253418
9000000.0002719,-68.5357131958008
9000000.00027191,-68.7817687988281
9000000.00027191,-69.0580291748047
9000000.00027192,-69.3668594360352
9000000.00027192,-69.7106246948242
9000000.00027193,-70.0916900634766
9000000.00027193,-70.5414657592773
9000000.00027194,-71.0785446166992
9000000.00027194,-71.6860504150391
9000000.00027195,-72.3470840454102
9000000.00027195,-73.0447769165039
9000000.00027196,-73.7622451782227
9000000.00027196,-74.4826049804688
9000000.00027197,-75.1889801025391
9000000.00027197,-75.8644790649414
9000000.00027198,-76.4922332763672
9000000.00027198,-77.0553512573242
9000000.00027199,-77.5369567871094
9000000.00027199,-77.920166015625
9000000.000272,-78.2024230957031
9000000.000272,-78.4227905273438
9000000.00027201,-78.5878677368164
9000000.00027201,-78.7010269165039
9000000.00027202,-78.7656860351563
9000000.00027202,-78.7852172851563
9000000.00027203,-78.7630157470703
9000000.00027203,-78.7024841308594
9000000.00027204,-78.6069946289063
9000000.00027204,-78.4799575805664
9000000.00027205,-78.3247528076172
9000000.00027205,-78.144775390625
9000000.00027206,-77.9434127807617
9000000.00027206,-77.7208099365234
9000000.00027207,-77.4400787353516
9000000.00027207,-77.0976638793945
9000000.00027208,-76.7034912109375
9000000.00027208,-76.2674865722656
9000000.00027209,-75.7995758056641
9000000.00027209,-75.3096923828125
9000000.0002721,-74.807746887207
9000000.0002721,-74.3036804199219
9000000.00027211,-73.8074035644531
9000000.00027211,-73.328857421875
9000000.00027212,-72.8779525756836
9000000.00027212,-72.4646224975586
9000000.00027213,-72.0988006591797
9000000.00027213,-71.7640075683594
9000000.00027214,-71.4380264282227
9000000.00027214,-71.1221771240234
9000000.00027215,-70.817756652832
9000000.00027215,-70.5260696411133
9000000.00027216,-70.2484130859375
9000000.00027216,-69.9860992431641
9000000.00027217,-69.7404251098633
9000000.00027217,-69.5127029418945
9000000.00027218,-69.3042373657227
9000000.00027218,-69.116325378418
9000000.00027219,-68.9502716064453
9000000.00027219,-68.8073806762695
9000000.0002722,-68.6866760253906
9000000.0002722,-68.5818710327148
9000000.00027221,-68.4934005737305
9000000.00027221,-68.4222640991211
9000000.00027222,-68.3694534301758
9000000.00027222,-68.3359832763672
9000000.00027223,-68.3228302001953
9000000.00027223,-68.3310089111328
9000000.00027224,-68.3615112304688
9000000.00027224,-68.4153289794922
9000000.00027225,-68.4934692382813
9000000.00027225,-68.5969314575195
9000000.00027226,-68.7266998291016
9000000.00027226,-68.8834228515625
9000000.00027227,-69.0631790161133
9000000.00027227,-69.265022277832
9000000.00027228,-69.4894104003906
9000000.00027228,-69.7368240356445
9000000.00027229,-70.0077285766602
9000000.00027229,-70.3025894165039
9000000.0002723,-70.6218872070313
9000000.0002723,-70.9660797119141
9000000.00027231,-71.3356475830078
9000000.00027231,-71.7310485839844
9000000.00027232,-72.1527633666992
9000000.00027232,-72.6012573242188
9000000.00027233,-73.0769958496094
9000000.00027233,-73.6317825317383
9000000.00027234,-74.3000717163086
9000000.00027234,-75.0563583374023
9000000.00027235,-75.875129699707
9000000.00027235,-76.7308731079102
9000000.00027236,-77.5980758666992
9000000.00027236,-78.4512176513672
9000000.00027237,-79.2647857666016
9000000.00027237,-80.0132751464844
9000000.00027238,-80.6711730957031
9000000.00027238,-81.2129592895508
9000000.00027239,-81.6131210327148
9000000.00027239,-81.8461456298828
9000000.0002724,-81.8942413330078
9000000.0002724,-81.7780151367188
9000000.00027241,-81.5185317993164
9000000.00027241,-81.1357727050781
9000000.00027242,-80.6497116088867
9000000.00027242,-80.0803375244141
9000000.00027243,-79.4476089477539
9000000.00027243,-78.7715225219727
9000000.00027244,-78.0720443725586
9000000.00027244,-77.3691558837891
9000000.00027245,-76.6828384399414
9000000.00027245,-76.0330657958984
9000000.00027246,-75.439811706543
9000000.00027246,-74.9169692993164
9000000.00027247,-74.400634765625
9000000.00027247,-73.8719024658203
9000000.00027248,-73.335090637207
9000000.00027248,-72.7945175170898
9000000.00027249,-72.2544937133789
9000000.00027249,-71.7193298339844
9000000.0002725,-71.1933517456055
9000000.0002725,-70.6808700561523
9000000.00027251,-70.1861877441406
9000000.00027251,-69.7136383056641
9000000.00027252,-69.2675323486328
9000000.00027252,-68.8521728515625
9000000.00027253,-68.4718856811523
9000000.00027253,-68.1203308105469
9000000.00027254,-67.7883987426758
9000000.00027254,-67.4762573242188
9000000.00027255,-67.1840744018555
9000000.00027255,-66.9120330810547
9000000.00027256,-66.660285949707
9000000.00027256,-66.4290084838867
9000000.00027257,-66.218376159668
9000000.00027257,-66.0285491943359
9000000.00027258,-65.8597030639648
9000000.00027258,-65.7120056152344
9000000.00027259,-65.5856170654297
9000000.00027259,-65.4807205200195
9000000.0002726,-65.3983764648438
9000000.0002726,-65.3410263061523
9000000.00027261,-65.3078002929688
9000000.00027261,-65.2975540161133
9000000.00027262,-65.3091506958008
9000000.00027262,-65.3414535522461
9000000.00027263,-65.3933258056641
9000000.00027263,-65.4636383056641
9000000.00027264,-65.5512390136719
9000000.00027264,-65.6550064086914
9000000.00027265,-65.773796081543
9000000.00027265,-65.9064712524414
9000000.00027266,-66.0518951416016
9000000.00027266,-66.2101135253906
9000000.00027267,-66.39453125
9000000.00027267,-66.6063613891602
9000000.00027268,-66.8419036865234
9000000.00027268,-67.0974578857422
9000000.00027269,-67.3693313598633
9000000.00027269,-67.6538238525391
9000000.0002727,-67.9472427368164
9000000.0002727,-68.2458953857422
9000000.00027271,-68.5460739135742
9000000.00027271,-68.8440933227539
9000000.00027272,-69.1362533569336
9000000.00027272,-69.4188537597656
9000000.00027273,-69.6882095336914
9000000.00027273,-69.9652404785156
9000000.00027274,-70.2682418823242
9000000.00027274,-70.5895233154297
9000000.00027275,-70.92138671875
9000000.00027275,-71.2561492919922
9000000.00027276,-71.5861129760742
9000000.00027276,-71.9036026000977
9000000.00027277,-72.2009124755859
9000000.00027277,-72.4703674316406
9000000.00027278,-72.7042617797852
9000000.00027278,-72.8949279785156
9000000.00027279,-73.0346527099609
9000000.00027279,-73.1157608032227
9000000.0002728,-73.1325073242188
9000000.0002728,-73.0900344848633
9000000.00027281,-72.9950180053711
9000000.00027281,-72.8538665771484
9000000.00027282,-72.6730194091797
9000000.00027282,-72.4589004516602
9000000.00027283,-72.2179489135742
9000000.00027283,-71.9565887451172
9000000.00027284,-71.6812438964844
9000000.00027284,-71.3983459472656
9000000.00027285,-71.1143264770508
9000000.00027285,-70.8356170654297
9000000.00027286,-70.5686492919922
9000000.00027286,-70.3172073364258
9000000.00027287,-70.0528030395508
9000000.00027287,-69.7692489624023
9000000.00027288,-69.4707412719727
9000000.00027288,-69.1614532470703
9000000.00027289,-68.8455810546875
9000000.00027289,-68.5273056030273
9000000.0002729,-68.2108154296875
9000000.0002729,-67.9002990722656
9000000.00027291,-67.5999450683594
9000000.00027291,-67.3139343261719
9000000.00027292,-67.0464553833008
9000000.00027292,-66.8016891479492
9000000.00027293,-66.5838317871094
9000000.00027293,-66.385009765625
9000000.00027294,-66.1952362060547
9000000.00027294,-66.015495300293
9000000.00027295,-65.846794128418
9000000.00027295,-65.6901321411133
9000000.00027296,-65.546516418457
9000000.00027296,-65.4169387817383
9000000.00027297,-65.3023986816406
9000000.00027297,-65.2039031982422
9000000.00027298,-65.122444152832
9000000.00027298,-65.0590209960938
9000000.00027299,-65.0146408081055
9000000.00027299,-64.9903030395508
9000000.000273,-64.9863128662109
9000000.000273,-65.0007934570313
9000000.00027301,-65.0332336425781
9000000.00027301,-65.083251953125
9000000.00027302,-65.1504898071289
9000000.00027302,-65.2345733642578
9000000.00027303,-65.3351287841797
9000000.00027303,-65.4517974853516
9000000.00027304,-65.5842056274414
9000000.00027304,-65.7319869995117
9000000.00027305,-65.8947601318359
9000000.00027305,-66.0721740722656
9000000.00027306,-66.2638473510742
9000000.00027306,-66.4704132080078
9000000.00027307,-66.7035293579102
9000000.00027307,-66.9636764526367
9000000.00027308,-67.2470932006836
9000000.00027308,-67.5499877929688
9000000.00027309,-67.8685913085938
9000000.00027309,-68.1991271972656
9000000.0002731,-68.5378112792969
9000000.0002731,-68.8808822631836
9000000.00027311,-69.2245483398438
9000000.00027311,-69.5650405883789
9000000.00027312,-69.8985824584961
9000000.00027312,-70.2213973999023
9000000.00027313,-70.5297088623047
9000000.00027313,-70.8403854370117
9000000.00027314,-71.1690368652344
9000000.00027314,-71.5100173950195
9000000.00027315,-71.857666015625
9000000.00027315,-72.2063293457031
9000000.00027316,-72.5503616333008
9000000.00027316,-72.8840942382813
9000000.00027317,-73.2018814086914
9000000.00027317,-73.4980697631836
9000000.00027318,-73.7670059204102
9000000.00027318,-74.0030288696289
9000000.00027319,-74.2004852294922
9000000.00027319,-74.3537292480469
9000000.0002732,-74.4612808227539
9000000.0002732,-74.5345230102539
9000000.00027321,-74.576171875
9000000.00027321,-74.5879974365234
9000000.00027322,-74.5718078613281
9000000.00027322,-74.5293960571289
9000000.00027323,-74.4625396728516
9000000.00027323,-74.3730392456055
9000000.00027324,-74.2626800537109
9000000.00027324,-74.1332626342773
9000000.00027325,-73.9865646362305
9000000.00027325,-73.8243942260742
9000000.00027326,-73.6485366821289
9000000.00027326,-73.4587936401367
9000000.00027327,-73.2324981689453
9000000.00027327,-72.9677429199219
9000000.00027328,-72.6708908081055
9000000.00027328,-72.3482971191406
9000000.00027329,-72.0063323974609
9000000.00027329,-71.6513595581055
9000000.0002733,-71.2897415161133
9000000.0002733,-70.9278411865234
9000000.00027331,-70.5720291137695
9000000.00027331,-70.2286682128906
9000000.00027332,-69.9041137695313
9000000.00027332,-69.6047439575195
9000000.00027333,-69.3369064331055
9000000.00027333,-69.0872116088867
9000000.00027334,-68.8395004272461
9000000.00027334,-68.5959854125977
9000000.00027335,-68.3588790893555
9000000.00027335,-68.1304092407227
9000000.00027336,-67.9127960205078
9000000.00027336,-67.708251953125
9000000.00027337,-67.5189971923828
9000000.00027337,-67.3472518920898
9000000.00027338,-67.1952285766602
9000000.00027338,-67.0651473999023
9000000.00027339,-66.9592361450195
9000000.00027339,-66.8796997070313
9000000.0002734,-66.8260955810547
9000000.0002734,-66.7910919189453
9000000.00027341,-66.7744674682617
9000000.00027341,-66.7766189575195
9000000.00027342,-66.7979354858398
9000000.00027342,-66.8388214111328
9000000.00027343,-66.8996734619141
9000000.00027343,-66.9808883666992
9000000.00027344,-67.0828704833984
9000000.00027344,-67.2060089111328
9000000.00027345,-67.350700378418
9000000.00027345,-67.5173568725586
9000000.00027346,-67.7063674926758
9000000.00027346,-67.9191360473633
9000000.00027347,-68.1677474975586
9000000.00027347,-68.4520034790039
9000000.00027348,-68.7672653198242
9000000.00027348,-69.1089096069336
9000000.00027349,-69.4723205566406
9000000.00027349,-69.8528747558594
9000000.0002735,-70.2459335327148
9000000.0002735,-70.6468887329102
9000000.00027351,-71.0511016845703
9000000.00027351,-71.4539566040039
9000000.00027352,-71.850830078125
9000000.00027352,-72.2370834350586
9000000.00027353,-72.6081085205078
9000000.00027353,-72.9838333129883
9000000.00027354,-73.3828964233398
9000000.00027354,-73.7987289428711
9000000.00027355,-74.2247467041016
9000000.00027355,-74.6543884277344
9000000.00027356,-75.0810699462891
9000000.00027356,-75.4982147216797
9000000.00027357,-75.8992538452148
9000000.00027357,-76.2776107788086
9000000.00027358,-76.6267166137695
9000000.00027358,-76.9399948120117
9000000.00027359,-77.2108612060547
9000000.00027359,-77.4327545166016
9000000.0002736,-77.6048583984375
9000000.0002736,-77.7428894042969
9000000.00027361,-77.8492736816406
9000000.00027361,-77.9251327514648
9000000.00027362,-77.9715957641602
9000000.00027362,-77.9897842407227
9000000.00027363,-77.9808197021484
9000000.00027363,-77.9458236694336
9000000.00027364,-77.8859329223633
9000000.00027364,-77.8022689819336
9000000.00027365,-77.6959457397461
9000000.00027365,-77.5680999755859
9000000.00027366,-77.4198455810547
9000000.00027366,-77.2502899169922
9000000.00027367,-77.0360565185547
9000000.00027367,-76.7758026123047
9000000.00027368,-76.4767761230469
9000000.00027368,-76.1461868286133
9000000.00027369,-75.7912750244141
9000000.00027369,-75.4192504882813
9000000.0002737,-75.037353515625
9000000.0002737,-74.6528091430664
9000000.00027371,-74.272834777832
9000000.00027371,-73.904670715332
9000000.00027372,-73.5555267333984
9000000.00027372,-73.2326431274414
9000000.00027373,-72.9432373046875
9000000.00027373,-72.6757888793945
9000000.00027374,-72.4144134521484
9000000.00027374,-72.1598587036133
9000000.00027375,-71.912841796875
9000000.00027375,-71.6740951538086
9000000.00027376,-71.4443359375
9000000.00027376,-71.2243041992188
9000000.00027377,-71.0147171020508
9000000.00027377,-70.8163146972656
9000000.00027378,-70.6298065185547
9000000.00027378,-70.455940246582
9000000.00027379,-70.2954254150391
9000000.00027379,-70.1489944458008
9000000.0002738,-70.0167007446289
9000000.0002738,-69.8966674804688
9000000.00027381,-69.7886581420898
9000000.00027381,-69.6926040649414
9000000.00027382,-69.6084365844727
9000000.00027382,-69.5360717773438
9000000.00027383,-69.4754409790039
9000000.00027383,-69.4264678955078
9000000.00027384,-69.3890762329102
9000000.00027384,-69.3631973266602
9000000.00027385,-69.3487548828125
9000000.00027385,-69.3456649780273
9000000.00027386,-69.3538665771484
9000000.00027386,-69.3729782104492
9000000.00027387,-69.3993759155273
9000000.00027387,-69.4330902099609
9000000.00027388,-69.4754638671875
9000000.00027388,-69.5278396606445
9000000.00027389,-69.591552734375
9000000.00027389,-69.6679534912109
9000000.0002739,-69.7583847045898
9000000.0002739,-69.8641891479492
9000000.00027391,-69.9867095947266
9000000.00027391,-70.1272888183594
9000000.00027392,-70.2872772216797
9000000.00027392,-70.4680023193359
9000000.00027393,-70.6708145141602
9000000.00027393,-70.9080963134766
9000000.00027394,-71.1867141723633
9000000.00027394,-71.4997253417969
9000000.00027395,-71.840217590332
9000000.00027395,-72.2012405395508
9000000.00027396,-72.5758819580078
9000000.00027396,-72.9572067260742
9000000.00027397,-73.3382797241211
9000000.00027397,-73.7121810913086
9000000.00027398,-74.0719757080078
9000000.00027398,-74.4107360839844
9000000.00027399,-74.7215270996094
9000000.00027399,-74.9974212646484
9000000.000274,-75.244873046875
9000000.000274,-75.5005722045898
9000000.00027401,-75.7612686157227
9000000.00027401,-76.0203552246094
9000000.00027402,-76.271240234375
9000000.00027402,-76.50732421875
9000000.00027403,-76.7220077514648
9000000.00027403,-76.90869140625
9000000.00027404,-77.0607757568359
9000000.00027404,-77.1716613769531
9000000.00027405,-77.234748840332
9000000.00027405,-77.2434463500977
9000000.00027406,-77.1911544799805
9000000.00027406,-77.0699996948242
9000000.00027407,-76.8623886108398
9000000.00027407,-76.5740661621094
9000000.00027408,-76.2172698974609
9000000.00027408,-75.8042144775391
9000000.00027409,-75.3471374511719
9000000.00027409,-74.8582763671875
9000000.0002741,-74.3498458862305
9000000.0002741,-73.8340835571289
9000000.00027411,-73.3232192993164
9000000.00027411,-72.8294830322266
9000000.00027412,-72.3650970458984
9000000.00027412,-71.9422988891602
9000000.00027413,-71.5733184814453
9000000.00027413,-71.2384414672852
9000000.00027414,-70.9106903076172
9000000.00027414,-70.5913925170898
9000000.00027415,-70.281867980957
9000000.00027415,-69.9834442138672
9000000.00027416,-69.6974487304688
9000000.00027416,-69.4252090454102
9000000.00027417,-69.1680450439453
9000000.00027417,-68.9272918701172
9000000.00027418,-68.7042617797852
9000000.00027418,-68.5002822875977
9000000.00027419,-68.3166885375977
9000000.00027419,-68.1548004150391
9000000.0002742,-68.0142059326172
9000000.0002742,-67.8901519775391
9000000.00027421,-67.7826156616211
9000000.00027421,-67.6919784545898
9000000.00027422,-67.6186141967773
9000000.00027422,-67.5629272460938
9000000.00027423,-67.5252914428711
9000000.00027423,-67.5060882568359
9000000.00027424,-67.5057067871094
9000000.00027424,-67.524543762207
9000000.00027425,-67.5629653930664
9000000.00027425,-67.6213684082031
9000000.00027426,-67.7001266479492
9000000.00027426,-67.8009338378906
9000000.00027427,-67.9391403198242
9000000.00027427,-68.1145935058594
9000000.00027428,-68.321533203125
9000000.00027428,-68.5541763305664
9000000.00027429,-68.806755065918
9000000.00027429,-69.0735015869141
9000000.0002743,-69.3486328125
9000000.0002743,-69.6263809204102
9000000.00027431,-69.9009780883789
9000000.00027431,-70.1666412353516
9000000.00027432,-70.4176025390625
9000000.00027432,-70.6481018066406
9000000.00027433,-70.8523483276367
9000000.00027433,-71.0474624633789
9000000.00027434,-71.2514495849609
9000000.00027434,-71.4598999023438
9000000.00027435,-71.6683731079102
9000000.00027435,-71.8724517822266
9000000.00027436,-72.0677185058594
9000000.00027436,-72.2497329711914
9000000.00027437,-72.4140701293945
9000000.00027437,-72.5563201904297
9000000.00027438,-72.6720504760742
9000000.00027438,-72.7568435668945
9000000.00027439,-72.8062591552734
9000000.00027439,-72.8158798217773
9000000.0002744,-72.7821273803711
9000000.0002744,-72.7071914672852
9000000.00027441,-72.5951309204102
9000000.00027441,-72.4499435424805
9000000.00027442,-72.2756118774414
9000000.00027442,-72.0761489868164
9000000.00027443,-71.8555374145508
9000000.00027443,-71.6177749633789
9000000.00027444,-71.3668670654297
9000000.00027444,-71.1067962646484
9000000.00027445,-70.8415679931641
9000000.00027445,-70.5751800537109
9000000.00027446,-70.3116149902344
9000000.00027446,-70.0528411865234
9000000.00027447,-69.7763748168945
9000000.00027447,-69.4783020019531
9000000.00027448,-69.1629104614258
9000000.00027448,-68.8344879150391
9000000.00027449,-68.4973297119141
9000000.00027449,-68.1557083129883
9000000.0002745,-67.8139114379883
9000000.0002745,-67.4762344360352
9000000.00027451,-67.1469497680664
9000000.00027451,-66.8303604125977
9000000.00027452,-66.5307388305664
9000000.00027452,-66.2523727416992
9000000.00027453,-65.9995574951172
9000000.00027453,-65.7631530761719
9000000.00027454,-65.5321884155273
9000000.00027454,-65.3082275390625
9000000.00027455,-65.0928039550781
9000000.00027455,-64.8874740600586
9000000.00027456,-64.6937942504883
9000000.00027456,-64.513298034668
9000000.00027457,-64.347541809082
9000000.00027457,-64.1980743408203
9000000.00027458,-64.0664443969727
9000000.00027458,-63.9541969299316
9000000.00027459,-63.8628845214844
9000000.00027459,-63.7940559387207
9000000.0002746,-63.7482070922852
9000000.0002746,-63.722469329834
9000000.00027461,-63.7160301208496
9000000.00027461,-63.7283020019531
9000000.00027462,-63.7587013244629
9000000.00027462,-63.8066291809082
9000000.00027463,-63.8715057373047
9000000.00027463,-63.9527359008789
9000000.00027464,-64.0497360229492
9000000.00027464,-64.1619110107422
9000000.00027465,-64.2886810302734
9000000.00027465,-64.4294509887695
9000000.00027466,-64.5836334228516
9000000.00027466,-64.7517776489258
9000000.00027467,-64.9471435546875
9000000.00027467,-65.1704254150391
9000000.00027468,-65.4174880981445
9000000.00027468,-65.684196472168
9000000.00027469,-65.9664154052734
9000000.00027469,-66.2600021362305
9000000.0002747,-66.5608215332031
9000000.0002747,-66.8647384643555
9000000.00027471,-67.1676177978516
9000000.00027471,-67.4653091430664
9000000.00027472,-67.7536849975586
9000000.00027472,-68.0286102294922
9000000.00027473,-68.2859497070313
9000000.00027473,-68.5436935424805
9000000.00027474,-68.8186416625977
9000000.00027474,-69.1048202514648
9000000.00027475,-69.3962783813477
9000000.00027475,-69.6870422363281
9000000.00027476,-69.9711608886719
9000000.00027476,-70.2426528930664
9000000.00027477,-70.4955749511719
9000000.00027477,-70.7239456176758
9000000.00027478,-70.9218139648438
9000000.00027478,-71.0832138061523
9000000.00027479,-71.2021789550781
9000000.00027479,-71.2727508544922
9000000.0002748,-71.2907562255859
9000000.0002748,-71.2609786987305
9000000.00027481,-71.1883544921875
9000000.00027481,-71.0775604248047
9000000.00027482,-70.9332885742188
9000000.00027482,-70.7602081298828
9000000.00027483,-70.5630111694336
9000000.00027483,-70.3463668823242
9000000.00027484,-70.1149749755859
9000000.00027484,-69.8734970092773
9000000.00027485,-69.6266250610352
9000000.00027485,-69.379035949707
9000000.00027486,-69.1354217529297
9000000.00027486,-68.8982086181641
9000000.00027487,-68.6428833007813
9000000.00027487,-68.3648910522461
9000000.00027488,-68.068603515625
9000000.00027488,-67.758415222168
9000000.00027489,-67.4387054443359
9000000.00027489,-67.1138534545898
9000000.0002749,-66.7882385253906
9000000.0002749,-66.4662475585938
9000000.00027491,-66.1522598266602
9000000.00027491,-65.8506546020508
9000000.00027492,-65.5658187866211
9000000.00027492,-65.3021392822266
9000000.00027493,-65.0639877319336
9000000.00027493,-64.8422927856445
9000000.00027494,-64.6260375976563
9000000.00027494,-64.4166717529297
9000000.00027495,-64.2156524658203
9000000.00027495,-64.0244216918945
9000000.00027496,-63.8444328308105
9000000.00027496,-63.6771469116211
9000000.00027497,-63.5240058898926
9000000.00027497,-63.3864669799805
9000000.00027498,-63.2659797668457
9000000.00027498,-63.1640014648438
9000000.00027499,-63.081974029541
9000000.00027499,-63.0213584899902
9000000.000275,-62.9812164306641
9000000.000275,-62.9549980163574
9000000.00027501,-62.9430541992188
9000000.00027501,-62.9463272094727
9000000.00027502,-62.965763092041
9000000.00027502,-63.0022964477539
9000000.00027503,-63.0568733215332
9000000.00027503,-63.1304359436035
9000000.00027504,-63.2239189147949
9000000.00027504,-63.3382720947266
9000000.00027505,-63.4744300842285
9000000.00027505,-63.6333351135254
9000000.00027506,-63.8159332275391
9000000.00027506,-64.0210876464844
9000000.00027507,-64.2247543334961
9000000.00027507,-64.4257736206055
9000000.00027508,-64.6317672729492
9000000.00027508,-64.8503646850586
9000000.00027509,-65.0891876220703
9000000.00027509,-65.3558654785156
9000000.0002751,-65.6580200195313
9000000.0002751,-66.0032806396484
9000000.00027511,-66.3992767333984
9000000.00027511,-66.8536376953125
9000000.00027512,-67.3739776611328
9000000.00027512,-67.9679336547852
9000000.00027513,-68.6431274414063
9000000.00027513,-69.4749069213867
9000000.00027514,-70.5056610107422
9000000.00027514,-71.6935882568359
9000000.00027515,-72.9968719482422
9000000.00027515,-74.3737106323242
9000000.00027516,-75.7822875976563
9000000.00027516,-77.1808090209961
9000000.00027517,-78.5274429321289
9000000.00027517,-79.780403137207
9000000.00027518,-80.8978729248047
9000000.00027518,-81.8380355834961
9000000.00027519,-82.5590972900391
9000000.00027519,-83.0192413330078
9000000.0002752,-83.1904602050781
9000000.0002752,-83.1097640991211
9000000.00027521,-82.8107299804688
9000000.00027521,-82.3248672485352
9000000.00027522,-81.6836547851563
9000000.00027522,-80.9186019897461
9000000.00027523,-80.0611953735352
9000000.00027523,-79.1429290771484
9000000.00027524,-78.1952972412109
9000000.00027524,-77.2498092651367
9000000.00027525,-76.3379440307617
9000000.00027525,-75.4911956787109
9000000.00027526,-74.7410736083984
9000000.00027526,-74.1105041503906
9000000.00027527,-73.5111236572266
9000000.00027527,-72.9132843017578
9000000.00027528,-72.3194274902344
9000000.00027528,-71.7319946289063
9000000.00027529,-71.1534194946289
9000000.00027529,-70.5861511230469
9000000.0002753,-70.0326156616211
9000000.0002753,-69.4952621459961
9000000.00027531,-68.9765243530273
9000000.00027531,-68.4788360595703
9000000.00027532,-68.0046463012695
9000000.00027532,-67.5563888549805
9000000.00027533,-67.1365051269531
9000000.00027533,-66.7415390014648
9000000.00027534,-66.3664169311523
9000000.00027534,-66.0111846923828
9000000.00027535,-65.6758804321289
9000000.00027535,-65.3605270385742
9000000.00027536,-65.0651626586914
9000000.00027536,-64.7898254394531
9000000.00027537,-64.5345458984375
9000000.00027537,-64.2993621826172
9000000.00027538,-64.0843124389648
9000000.00027538,-63.8894157409668
9000000.00027539,-63.7147216796875
9000000.00027539,-63.5602569580078
9000000.0002754,-63.4265518188477
9000000.0002754,-63.3149757385254
9000000.00027541,-63.2250938415527
9000000.00027541,-63.1563377380371
9000000.00027542,-63.1081504821777
9000000.00027542,-63.0799598693848
9000000.00027543,-63.0712051391602
9000000.00027543,-63.0813179016113
9000000.00027544,-63.1097297668457
9000000.00027544,-63.1558799743652
9000000.00027545,-63.2192001342773
9000000.00027545,-63.2991256713867
9000000.00027546,-63.3950958251953
9000000.00027546,-63.5072784423828
9000000.00027547,-63.6441955566406
9000000.00027547,-63.8064727783203
9000000.00027548,-63.9916152954102
9000000.00027548,-64.197135925293
9000000.00027549,-64.4205474853516
9000000.00027549,-64.6593551635742
9000000.0002755,-64.9110641479492
9000000.0002755,-65.1731948852539
9000000.00027551,-65.4432601928711
9000000.00027551,-65.71875
9000000.00027552,-65.997200012207
9000000.00027552,-66.2761001586914
9000000.00027553,-66.5529632568359
9000000.00027553,-66.8442153930664
9000000.00027554,-67.1637268066406
9000000.00027554,-67.5051879882813
9000000.00027555,-67.8623046875
9000000.00027555,-68.228759765625
9000000.00027556,-68.598258972168
9000000.00027556,-68.9644927978516
9000000.00027557,-69.3211669921875
9000000.00027557,-69.6619720458984
9000000.00027558,-69.980598449707
9000000.00027558,-70.2707595825195
9000000.00027559,-70.5261306762695
9000000.00027559,-70.7404251098633
9000000.0002756,-70.914192199707
9000000.0002756,-71.0662078857422
9000000.00027561,-71.1977157592773
9000000.00027561,-71.3083801269531
9000000.00027562,-71.3978424072266
9000000.00027562,-71.4657516479492
9000000.00027563,-71.5117645263672
9000000.00027563,-71.535530090332
9000000.00027564,-71.5366973876953
9000000.00027564,-71.5149078369141
9000000.00027565,-71.4698257446289
9000000.00027565,-71.4010925292969
9000000.00027566,-71.3083648681641
9000000.00027566,-71.1898193359375
9000000.00027567,-71.0279769897461
9000000.00027567,-70.8229370117188
9000000.00027568,-70.5811767578125
9000000.00027568,-70.3091888427734
9000000.00027569,-70.0134506225586
9000000.00027569,-69.7004470825195
9000000.0002757,-69.3766708374023
9000000.0002757,-69.0485992431641
9000000.00027571,-68.7227249145508
9000000.00027571,-68.4055252075195
9000000.00027572,-68.1034927368164
9000000.00027572,-67.8231048583984
9000000.00027573,-67.5708541870117
9000000.00027573,-67.3320770263672
9000000.00027574,-67.0896148681641
9000000.00027574,-66.8462295532227
9000000.00027575,-66.6046676635742
9000000.00027575,-66.36767578125
9000000.00027576,-66.1380081176758
9000000.00027576,-65.9184188842773
9000000.00027577,-65.7116546630859
9000000.00027577,-65.5204620361328
9000000.00027578,-65.3475952148438
9000000.00027578,-65.1958084106445
9000000.00027579,-65.0678482055664
9000000.00027579,-64.9664611816406
9000000.0002758,-64.8906173706055
9000000.0002758,-64.8299713134766
9000000.00027581,-64.7845916748047
9000000.00027581,-64.7554702758789
9000000.00027582,-64.7435989379883
9000000.00027582,-64.7499694824219
9000000.00027583,-64.7755661010742
9000000.00027583,-64.8213882446289
9000000.00027584,-64.888427734375
9000000.00027584,-64.9776611328125
9000000.00027585,-65.090087890625
9000000.00027585,-65.2267074584961
9000000.00027586,-65.3884963989258
9000000.00027586,-65.5769424438477
9000000.00027587,-65.7983322143555
9000000.00027587,-66.0518341064453
9000000.00027588,-66.3343353271484
9000000.00027588,-66.6427230834961
9000000.00027589,-66.973876953125
9000000.00027589,-67.3246917724609
9000000.0002759,-67.6920394897461
9000000.0002759,-68.0728073120117
9000000.00027591,-68.4638824462891
9000000.00027591,-68.8621444702148
9000000.00027592,-69.2644805908203
9000000.00027592,-69.6677703857422
9000000.00027593,-70.0689010620117
9000000.00027593,-70.4941101074219
9000000.00027594,-70.9645843505859
9000000.00027594,-71.4696807861328
9000000.00027595,-71.9987487792969
9000000.00027595,-72.5411148071289
9000000.00027596,-73.0861434936523
9000000.00027596,-73.6231689453125
9000000.00027597,-74.1415405273438
9000000.00027597,-74.6305999755859
9000000.00027598,-75.0796966552734
9000000.00027598,-75.4781723022461
9000000.00027599,-75.8153686523438
9000000.00027599,-76.0806427001953
9000000.000276,-76.2696075439453
9000000.000276,-76.399299621582
9000000.00027601,-76.4760971069336
9000000.00027601,-76.5050735473633
9000000.00027602,-76.4913101196289
9000000.00027602,-76.4398956298828
9000000.00027603,-76.3559188842773
9000000.00027603,-76.2444534301758
9000000.00027604,-76.110595703125
9000000.00027604,-75.9594192504883
9000000.00027605,-75.796012878418
9000000.00027605,-75.6254577636719
9000000.00027606,-75.4528427124023
9000000.00027606,-75.2807846069336
9000000.00027607,-75.0822677612305
9000000.00027607,-74.8523330688477
9000000.00027608,-74.5958786010742
9000000.00027608,-74.3177947998047
9000000.00027609,-74.0229873657227
9000000.00027609,-73.7163543701172
9000000.0002761,-73.4027709960938
9000000.0002761,-73.0871505737305
9000000.00027611,-72.7743835449219
9000000.00027611,-72.469367980957
9000000.00027612,-72.1769866943359
9000000.00027612,-71.9021530151367
9000000.00027613,-71.6497497558594
9000000.00027613,-71.4098434448242
9000000.00027614,-71.1702499389648
9000000.00027614,-70.9324951171875
9000000.00027615,-70.698112487793
9000000.00027615,-70.4686126708984
9000000.00027616,-70.2455444335938
9000000.00027616,-70.0304183959961
9000000.00027617,-69.8247680664063
9000000.00027617,-69.630126953125
9000000.00027618,-69.4480056762695
9000000.00027618,-69.2799530029297
9000000.00027619,-69.1274795532227
9000000.00027619,-68.9921188354492
9000000.0002762,-68.8728179931641
9000000.0002762,-68.7625122070313
9000000.00027621,-68.66162109375
9000000.00027621,-68.5711975097656
9000000.00027622,-68.492317199707
9000000.00027622,-68.4260330200195
9000000.00027623,-68.373405456543
9000000.00027623,-68.3354949951172
9000000.00027624,-68.313362121582
9000000.00027624,-68.3080596923828
9000000.00027625,-68.3206634521484
9000000.00027625,-68.3522262573242
9000000.00027626,-68.40380859375
9000000.00027626,-68.4775085449219
9000000.00027627,-68.5859832763672
9000000.00027627,-68.7284393310547
9000000.00027628,-68.8994445800781
9000000.00027628,-69.0935592651367
9000000.00027629,-69.3053512573242
9000000.00027629,-69.5293884277344
9000000.0002763,-69.7602310180664
9000000.0002763,-69.9924468994141
9000000.00027631,-70.2206039428711
9000000.00027631,-70.4392623901367
9000000.00027632,-70.6429824829102
9000000.00027632,-70.8263397216797
9000000.00027633,-70.9839019775391
9000000.00027633,-71.1298751831055
9000000.00027634,-71.2799530029297
9000000.00027634,-71.4308776855469
9000000.00027635,-71.5794219970703
9000000.00027635,-71.7223129272461
9000000.00027636,-71.856330871582
9000000.00027636,-71.9782104492188
9000000.00027637,-72.084716796875
9000000.00027637,-72.1725997924805
9000000.00027638,-72.2386093139648
9000000.00027638,-72.2795028686523
9000000.00027639,-72.2920379638672
9000000.00027639,-72.2729568481445
9000000.0002764,-72.2178649902344
9000000.0002764,-72.1234893798828
9000000.00027641,-71.9942016601563
9000000.00027641,-71.834831237793
9000000.00027642,-71.6501998901367
9000000.00027642,-71.4451370239258
9000000.00027643,-71.2244567871094
9000000.00027643,-70.9929809570313
9000000.00027644,-70.7555389404297
9000000.00027644,-70.5169448852539
9000000.00027645,-70.2820358276367
9000000.00027645,-70.0556182861328
9000000.00027646,-69.842529296875
9000000.00027646,-69.6458206176758
9000000.00027647,-69.4466552734375
9000000.00027647,-69.2404098510742
9000000.00027648,-69.0293502807617
9000000.00027648,-68.8157119750977
9000000.00027649,-68.6017456054688
9000000.00027649,-68.3897094726563
9000000.0002765,-68.1818466186523
9000000.0002765,-67.9804077148438
9000000.00027651,-67.7876358032227
9000000.00027651,-67.6057891845703
9000000.00027652,-67.4371109008789
9000000.00027652,-67.2838516235352
9000000.00027653,-67.1482620239258
9000000.00027653,-67.0255584716797
9000000.00027654,-66.9099884033203
9000000.00027654,-66.8023529052734
9000000.00027655,-66.7034759521484
9000000.00027655,-66.6141662597656
9000000.00027656,-66.5352172851563
9000000.00027656,-66.4674530029297
9000000.00027657,-66.4116821289063
9000000.00027657,-66.3687057495117
9000000.00027658,-66.3393402099609
9000000.00027658,-66.3243942260742
9000000.00027659,-66.3246688842773
9000000.00027659,-66.3409805297852
9000000.0002766,-66.3717269897461
9000000.0002766,-66.4102554321289
9000000.00027661,-66.457633972168
9000000.00027661,-66.5155487060547
9000000.00027662,-66.5856704711914
9000000.00027662,-66.6696853637695
9000000.00027663,-66.7692642211914
9000000.00027663,-66.8861083984375
9000000.00027664,-67.0218811035156
9000000.00027664,-67.1782684326172
9000000.00027665,-67.3569488525391
9000000.00027665,-67.5596160888672
9000000.00027666,-67.7879333496094
9000000.00027666,-68.0443878173828
9000000.00027667,-68.339111328125
9000000.00027667,-68.6707000732422
9000000.00027668,-69.0340576171875
9000000.00027668,-69.4240798950195
9000000.00027669,-69.8356552124023
9000000.00027669,-70.2636871337891
9000000.0002767,-70.7030563354492
9000000.0002767,-71.1486663818359
9000000.00027671,-71.5954055786133
9000000.00027671,-72.0381774902344
9000000.00027672,-72.4718704223633
9000000.00027672,-72.8913803100586
9000000.00027673,-73.2916030883789
9000000.00027673,-73.7098770141602
9000000.00027674,-74.1771621704102
9000000.00027674,-74.6787261962891
9000000.00027675,-75.1998443603516
9000000.00027675,-75.7258071899414
9000000.00027676,-76.2418899536133
9000000.00027676,-76.7333679199219
9000000.00027677,-77.1855239868164
9000000.00027677,-77.5836334228516
9000000.00027678,-77.9129867553711
9000000.00027678,-78.1588516235352
9000000.00027679,-78.306510925293
9000000.00027679,-78.3412399291992
9000000.0002768,-78.2474212646484
9000000.0002768,-78.0221786499023
9000000.00027681,-77.6819305419922
9000000.00027681,-77.2439193725586
9000000.00027682,-76.7253646850586
9000000.00027682,-76.1435165405273
9000000.00027683,-75.5156097412109
9000000.00027683,-74.8588714599609
9000000.00027684,-74.190544128418
9000000.00027684,-73.5278625488281
9000000.00027685,-72.8880615234375
9000000.00027685,-72.2883758544922
9000000.00027686,-71.7460403442383
9000000.00027686,-71.2734756469727
9000000.00027687,-70.8206558227539
9000000.00027687,-70.3713531494141
9000000.00027688,-69.9274826049805
9000000.00027688,-69.4909515380859
9000000.00027689,-69.0636825561523
9000000.00027689,-68.647590637207
9000000.0002769,-68.2445983886719
9000000.0002769,-67.8566207885742
9000000.00027691,-67.4855728149414
9000000.00027691,-67.1333694458008
9000000.00027692,-66.8019332885742
9000000.00027692,-66.4931716918945
9000000.00027693,-66.2090148925781
9000000.00027693,-65.9457626342773
9000000.00027694,-65.6987762451172
9000000.00027694,-65.4685516357422
9000000.00027695,-65.2555999755859
9000000.00027695,-65.0604248046875
9000000.00027696,-64.8835220336914
9000000.00027696,-64.7253875732422
9000000.00027697,-64.586540222168
9000000.00027697,-64.4674758911133
9000000.00027698,-64.3686904907227
9000000.00027698,-64.2906951904297
9000000.00027699,-64.2339782714844
9000000.00027699,-64.1990585327148
9000000.000277,-64.1859588623047
9000000.000277,-64.1933898925781
9000000.00027701,-64.22119140625
9000000.00027701,-64.2693099975586
9000000.00027702,-64.3376922607422
9000000.00027702,-64.4262924194336
9000000.00027703,-64.5350646972656
9000000.00027703,-64.6639404296875
9000000.00027704,-64.8128890991211
9000000.00027704,-64.9818420410156
9000000.00027705,-65.1707534790039
9000000.00027705,-65.3795852661133
9000000.00027706,-65.608268737793
9000000.00027706,-65.8582458496094
9000000.00027707,-66.1470031738281
9000000.00027707,-66.4748229980469
9000000.00027708,-66.835563659668
9000000.00027708,-67.2231216430664
9000000.00027709,-67.6313552856445
9000000.00027709,-68.0541458129883
9000000.0002771,-68.4853668212891
9000000.0002771,-68.9188919067383
9000000.00027711,-69.3485946655273
9000000.00027711,-69.7683563232422
9000000.00027712,-70.1720504760742
9000000.00027712,-70.5535507202148
9000000.00027713,-70.9067306518555
9000000.00027713,-71.2506332397461
9000000.00027714,-71.60498046875
9000000.00027714,-71.9646301269531
9000000.00027715,-72.3244705200195
9000000.00027715,-72.6793670654297
9000000.00027716,-73.0241851806641
9000000.00027716,-73.3538131713867
9000000.00027717,-73.6631164550781
9000000.00027717,-73.9469604492188
9000000.00027718,-74.2002334594727
9000000.00027718,-74.4178009033203
9000000.00027719,-74.5945358276367
9000000.00027719,-74.7253036499023
9000000.0002772,-74.8061218261719
9000000.0002772,-74.839973449707
9000000.00027721,-74.831413269043
9000000.00027721,-74.7849197387695
9000000.00027722,-74.7049407958984
9000000.00027722,-74.595947265625
9000000.00027723,-74.46240234375
9000000.00027723,-74.3087539672852
9000000.00027724,-74.1394805908203
9000000.00027724,-73.9590377807617
9000000.00027725,-73.7718887329102
9000000.00027725,-73.5824966430664
9000000.00027726,-73.3953170776367
9000000.00027726,-73.2127685546875
9000000.00027727,-73.0125885009766
9000000.00027727,-72.7904434204102
9000000.00027728,-72.5501251220703
9000000.00027728,-72.2954177856445
9000000.00027729,-72.0301055908203
9000000.00027729,-71.7579879760742
9000000.0002773,-71.4828491210938
9000000.0002773,-71.2084808349609
9000000.00027731,-70.9386596679688
9000000.00027731,-70.6771850585938
9000000.00027732,-70.4278411865234
9000000.00027732,-70.1944198608398
9000000.00027733,-69.980712890625
9000000.00027733,-69.7782592773438
9000000.00027734,-69.5771408081055
9000000.00027734,-69.3788909912109
9000000.00027735,-69.1850662231445
9000000.00027735,-68.9972152709961
9000000.00027736,-68.8168792724609
9000000.00027736,-68.6456146240234
9000000.00027737,-68.4849700927734
9000000.00027737,-68.3364868164063
9000000.00027738,-68.2017211914063
9000000.00027738,-68.0822219848633
9000000.00027739,-67.9795303344727
9000000.00027739,-67.8952026367188
9000000.0002774,-67.8276290893555
9000000.0002774,-67.7681503295898
9000000.00027741,-67.7176208496094
9000000.00027741,-67.6777038574219
9000000.00027742,-67.6500396728516
9000000.00027742,-67.6362915039063
9000000.00027743,-67.6380996704102
9000000.00027743,-67.6571273803711
9000000.00027744,-67.6950149536133
9000000.00027744,-67.7534255981445
9000000.00027745,-67.8339996337891
9000000.00027745,-67.9384002685547
9000000.00027746,-68.0682754516602
9000000.00027746,-68.2239990234375
9000000.00027747,-68.3911590576172
9000000.00027747,-68.5680770874023
9000000.00027748,-68.7583312988281
9000000.00027748,-68.9654998779297
9000000.00027749,-69.1931533813477
9000000.00027749,-69.4448699951172
9000000.0002775,-69.7242279052734
9000000.0002775,-70.0348052978516
9000000.00027751,-70.3801727294922
9000000.00027751,-70.7639083862305
9000000.00027752,-71.1895980834961
9000000.00027752,-71.6608047485352
9000000.00027753,-72.1811141967773
9000000.00027753,-72.7999877929688
9000000.00027754,-73.5468673706055
9000000.00027754,-74.395263671875
9000000.00027755,-75.3186874389648
9000000.00027755,-76.2906723022461
9000000.00027756,-77.2847137451172
9000000.00027756,-78.2743453979492
9000000.00027757,-79.2330780029297
9000000.00027757,-80.1344299316406
9000000.00027758,-80.9519119262695
9000000.00027758,-81.6590423583984
9000000.00027759,-82.2293472290039
9000000.00027759,-82.6363296508789
9000000.0002776,-82.8672027587891
9000000.0002776,-82.9589920043945
9000000.00027761,-82.9290618896484
9000000.00027761,-82.7920913696289
9000000.00027762,-82.5627746582031
9000000.00027762,-82.2557983398438
9000000.00027763,-81.885856628418
9000000.00027763,-81.4676284790039
9000000.00027764,-81.0158081054688
9000000.00027764,-80.5450820922852
9000000.00027765,-80.0701522827148
9000000.00027765,-79.6056900024414
9000000.00027766,-79.166389465332
9000000.00027766,-78.7614898681641
9000000.00027767,-78.3326110839844
9000000.00027767,-77.8656997680664
9000000.00027768,-77.3679580688477
9000000.00027768,-76.8465805053711
9000000.00027769,-76.3087615966797
9000000.00027769,-75.7617034912109
9000000.0002777,-75.2126007080078
9000000.0002777,-74.6686477661133
9000000.00027771,-74.1370468139648
9000000.00027771,-73.625
9000000.00027772,-73.1397018432617
9000000.00027772,-72.6883392333984
9000000.00027773,-72.2781219482422
9000000.00027773,-71.8978958129883
9000000.00027774,-71.532096862793
9000000.00027774,-71.1812744140625
9000000.00027775,-70.8460006713867
9000000.00027775,-70.5268173217773
9000000.00027776,-70.2243041992188
9000000.00027776,-69.9390029907227
9000000.00027777,-69.6714935302734
9000000.00027777,-69.4223175048828
9000000.00027778,-69.1920471191406
9000000.00027778,-68.9812316894531
9000000.00027779,-68.7904434204102
9000000.00027779,-68.620231628418
9000000.0002778,-68.4688034057617
9000000.0002778,-68.3296813964844
9000000.00027781,-68.2041473388672
9000000.00027781,-68.0940856933594
9000000.00027782,-68.0013885498047
9000000.00027782,-67.9279556274414
9000000.00027783,-67.8756713867188
9000000.00027783,-67.8464279174805
9000000.00027784,-67.8421173095703
9000000.00027784,-67.8646392822266
9000000.00027785,-67.9158782958984
9000000.00027785,-67.9977264404297
9000000.00027786,-68.1120834350586
9000000.00027786,-68.2576141357422
9000000.00027787,-68.3972320556641
9000000.00027787,-68.5287475585938
9000000.00027788,-68.6635131835938
9000000.00027788,-68.8128967285156
9000000.00027789,-68.9882659912109
9000000.00027789,-69.2009811401367
9000000.0002779,-69.4624176025391
9000000.0002779,-69.7839279174805
9000000.00027791,-70.1768798828125
9000000.00027791,-70.6526412963867
9000000.00027792,-71.2225799560547
9000000.00027792,-71.8980484008789
9000000.00027793,-72.6904220581055
9000000.00027793,-73.6997833251953
9000000.00027794,-74.981071472168
9000000.00027794,-76.477912902832
9000000.00027795,-78.1339340209961
9000000.00027795,-79.8927688598633
9000000.00027796,-81.6980361938477
9000000.00027796,-83.4933776855469
9000000.00027797,-85.2224197387695
9000000.00027797,-86.8287811279297
9000000.00027798,-88.256103515625
9000000.00027798,-89.4480056762695
9000000.00027799,-90.3481216430664
9000000.00027799,-90.9000778198242
9000000.000278,-91.0634460449219
9000000.000278,-90.880729675293
9000000.00027801,-90.3993377685547
9000000.00027801,-89.6646041870117
9000000.00027802,-88.7218399047852
9000000.00027802,-87.6163635253906
9000000.00027803,-86.3934936523438
9000000.00027803,-85.0985565185547
9000000.00027804,-83.7768630981445
9000000.00027804,-82.4737396240234
9000000.00027805,-81.2344970703125
9000000.00027805,-80.1044540405273
9000000.00027806,-79.1289367675781
9000000.00027806,-78.3419189453125
9000000.00027807,-77.6277084350586
9000000.00027807,-76.9438018798828
9000000.00027808,-76.2896575927734
9000000.00027808,-75.6647491455078
9000000.00027809,-75.0685348510742
9000000.00027809,-74.5004806518555
9000000.0002781,-73.9600524902344
9000000.0002781,-73.4467086791992
9000000.00027811,-72.9599227905273
9000000.00027811,-72.499153137207
9000000.00027812,-72.0638656616211
9000000.00027812,-71.6535186767578
9000000.00027813,-71.2675857543945
9000000.00027813,-70.9107055664063
9000000.00027814,-70.5866088867188
9000000.00027814,-70.2934036254883
9000000.00027815,-70.0291976928711
9000000.00027815,-69.7920837402344
9000000.00027816,-69.5801773071289
9000000.00027816,-69.3915710449219
9000000.00027817,-69.2243804931641
9000000.00027817,-69.0766983032227
9000000.00027818,-68.9466247558594
9000000.00027818,-68.832275390625
9000000.00027819,-68.7317504882813
9000000.00027819,-68.6431427001953
9000000.0002782,-68.5663528442383
9000000.0002782,-68.506233215332
9000000.00027821,-68.4633865356445
9000000.00027821,-68.4380111694336
9000000.00027822,-68.4303131103516
9000000.00027822,-68.4404830932617
9000000.00027823,-68.4687194824219
9000000.00027823,-68.5152206420898
9000000.00027824,-68.5801849365234
9000000.00027824,-68.663818359375
9000000.00027825,-68.7663040161133
9000000.00027825,-68.8878555297852
9000000.00027826,-69.0286636352539
9000000.00027826,-69.1881637573242
9000000.00027827,-69.357551574707
9000000.00027827,-69.5365295410156
9000000.00027828,-69.72802734375
9000000.00027828,-69.9349670410156
9000000.00027829,-70.1602935791016
9000000.00027829,-70.4069290161133
9000000.0002783,-70.6778106689453
9000000.0002783,-70.9758605957031
9000000.00027831,-71.3040237426758
9000000.00027831,-71.6652145385742
9000000.00027832,-72.062370300293
9000000.00027832,-72.4984283447266
9000000.00027833,-72.9763107299805
9000000.00027833,-73.5533752441406
9000000.00027834,-74.2650833129883
9000000.00027834,-75.0815658569336
9000000.00027835,-75.9729385375977
9000000.00027835,-76.9093246459961
9000000.00027836,-77.86083984375
9000000.00027836,-78.7976150512695
9000000.00027837,-79.6897659301758
9000000.00027837,-80.5074081420898
9000000.00027838,-81.2206649780273
9000000.00027838,-81.7996597290039
9000000.00027839,-82.2145080566406
9000000.00027839,-82.4353408813477
9000000.0002784,-82.4399871826172
9000000.0002784,-82.2489700317383
9000000.00027841,-81.8880157470703
9000000.00027841,-81.3819122314453
9000000.00027842,-80.7554550170898
9000000.00027842,-80.033447265625
9000000.00027843,-79.2406845092773
9000000.00027843,-78.4019546508789
9000000.00027844,-77.5420684814453
9000000.00027844,-76.6858139038086
9000000.00027845,-75.8579864501953
9000000.00027845,-75.0833892822266
9000000.00027846,-74.3868179321289
9000000.00027846,-73.7861404418945
9000000.00027847,-73.2095718383789
9000000.00027847,-72.6337509155273
9000000.00027848,-72.0613632202148
9000000.00027848,-71.4951171875
9000000.00027849,-70.9377212524414
9000000.00027849,-70.3918685913086
9000000.0002785,-69.8602600097656
9000000.0002785,-69.3456039428711
9000000.00027851,-68.8505935668945
9000000.00027851,-68.3779373168945
9000000.00027852,-67.9303283691406
9000000.00027852,-67.5104751586914
9000000.00027853,-67.1210708618164
9000000.00027853,-66.7589645385742
9000000.00027854,-66.4189987182617
9000000.00027854,-66.1008911132813
9000000.00027855,-65.8043518066406
9000000.00027855,-65.5290832519531
9000000.00027856,-65.2748107910156
9000000.00027856,-65.0412368774414
9000000.00027857,-64.8280715942383
9000000.00027857,-64.6350326538086
9000000.00027858,-64.4618301391602
9000000.00027858,-64.3081741333008
9000000.00027859,-64.1737823486328
9000000.00027859,-64.0583572387695
9000000.0002786,-63.9636268615723
9000000.0002786,-63.8951072692871
9000000.00027861,-63.8515090942383
9000000.00027861,-63.8310203552246
9000000.00027862,-63.8318138122559
9000000.00027862,-63.8520698547363
9000000.00027863,-63.8899688720703
9000000.00027863,-63.9436950683594
9000000.00027864,-64.0114212036133
9000000.00027864,-64.0913238525391
9000000.00027865,-64.1815948486328
9000000.00027865,-64.2804107666016
9000000.00027866,-64.3859405517578
9000000.00027866,-64.4977722167969
9000000.00027867,-64.6316528320313
9000000.00027867,-64.789436340332
9000000.00027868,-64.9672241210938
9000000.00027868,-65.1611099243164
9000000.00027869,-65.3672180175781
9000000.00027869,-65.5816345214844
9000000.0002787,-65.8004684448242
9000000.0002787,-66.0198211669922
9000000.00027871,-66.2358016967773
9000000.00027871,-66.4445114135742
9000000.00027872,-66.6420516967773
9000000.00027872,-66.8245315551758
9000000.00027873,-66.9880523681641
9000000.00027873,-67.1413650512695
9000000.00027874,-67.2947616577148
9000000.00027874,-67.4465942382813
9000000.00027875,-67.5952453613281
9000000.00027875,-67.7390823364258
9000000.00027876,-67.8764724731445
9000000.00027876,-68.0057830810547
9000000.00027877,-68.1253967285156
9000000.00027877,-68.2336730957031
9000000.00027878,-68.328987121582
9000000.00027878,-68.4097061157227
9000000.00027879,-68.4742050170898
9000000.00027879,-68.5208511352539
9000000.0002788,-68.5473403930664
9000000.0002788,-68.5517883300781
9000000.00027881,-68.5364608764648
9000000.00027881,-68.5038757324219
9000000.00027882,-68.4565505981445
9000000.00027882,-68.3970031738281
9000000.00027883,-68.3277435302734
9000000.00027883,-68.2513046264648
9000000.00027884,-68.1701889038086
9000000.00027884,-68.0869140625
9000000.00027885,-68.0040054321289
9000000.00027885,-67.9239807128906
9000000.00027886,-67.8493423461914
9000000.00027886,-67.7815933227539
9000000.00027887,-67.7095947265625
9000000.00027887,-67.6309280395508
9000000.00027888,-67.5472259521484
9000000.00027888,-67.4601135253906
9000000.00027889,-67.3712310791016
9000000.00027889,-67.2821960449219
9000000.0002789,-67.1946411132813
9000000.0002789,-67.1102066040039
9000000.00027891,-67.030517578125
9000000.00027891,-66.9572067260742
9000000.00027892,-66.8918991088867
9000000.00027892,-66.8362274169922
9000000.00027893,-66.7918243408203
9000000.00027893,-66.7564239501953
9000000.00027894,-66.7266693115234
9000000.00027894,-66.7025756835938
9000000.00027895,-66.6841278076172
9000000.00027895,-66.6713333129883
9000000.00027896,-66.6641845703125
9000000.00027896,-66.6626968383789
9000000.00027897,-66.6668548583984
9000000.00027897,-66.6766586303711
9000000.00027898,-66.6921234130859
9000000.00027898,-66.7132339477539
9000000.00027899,-66.7399978637695
9000000.00027899,-66.7724151611328
9000000.000279,-66.809440612793
9000000.000279,-66.8482437133789
9000000.00027901,-66.8896255493164
9000000.00027901,-66.9347076416016
9000000.00027902,-66.9845809936523
9000000.00027902,-67.0403442382813
9000000.00027903,-67.1031112670898
9000000.00027903,-67.1739807128906
9000000.00027904,-67.2540512084961
9000000.00027904,-67.3444290161133
9000000.00027905,-67.4462051391602
9000000.00027905,-67.5605010986328
9000000.00027906,-67.6884078979492
9000000.00027906,-67.8301544189453
9000000.00027907,-67.9759292602539
9000000.00027907,-68.1246109008789
9000000.00027908,-68.2786560058594
9000000.00027908,-68.4405212402344
9000000.00027909,-68.6126556396484
9000000.00027909,-68.7975311279297
9000000.0002791,-68.9975967407227
9000000.0002791,-69.2153167724609
9000000.00027911,-69.4531402587891
9000000.00027911,-69.7135238647461
9000000.00027912,-69.9989318847656
9000000.00027912,-70.3118209838867
9000000.00027913,-70.6546478271484
9000000.00027913,-71.0480651855469
9000000.00027914,-71.5032730102539
9000000.00027914,-72.0085830688477
9000000.00027915,-72.5522689819336
9000000.00027915,-73.1226348876953
9000000.00027916,-73.7079620361328
9000000.00027916,-74.2965545654297
9000000.00027917,-74.8767013549805
9000000.00027917,-75.4366836547852
9000000.00027918,-75.9648132324219
9000000.00027918,-76.4493637084961
9000000.00027919,-76.8786392211914
9000000.00027919,-77.2409210205078
9000000.0002792,-77.5379867553711
9000000.0002792,-77.8066787719727
9000000.00027921,-78.0487518310547
9000000.00027921,-78.2627868652344
9000000.00027922,-78.4473648071289
9000000.00027922,-78.6010589599609
9000000.00027923,-78.7224578857422
9000000.00027923,-78.8101425170898
9000000.00027924,-78.862678527832
9000000.00027924,-78.878662109375
9000000.00027925,-78.8566589355469
9000000.00027925,-78.7952651977539
9000000.00027926,-78.6930389404297
9000000.00027926,-78.545768737793
9000000.00027927,-78.3198013305664
9000000.00027927,-78.0159912109375
9000000.00027928,-77.6474914550781
9000000.00027928,-77.2274932861328
9000000.00027929,-76.7691497802734
9000000.00027929,-76.2856369018555
9000000.0002793,-75.7901306152344
9000000.0002793,-75.2957916259766
9000000.00027931,-74.8157958984375
9000000.00027931,-74.3633117675781
9000000.00027932,-73.9515075683594
9000000.00027932,-73.5935516357422
9000000.00027933,-73.3026275634766
9000000.00027933,-73.0655822753906
9000000.00027934,-72.8588562011719
9000000.00027934,-72.6799240112305
9000000.00027935,-72.5262756347656
9000000.00027935,-72.3954086303711
9000000.00027936,-72.284797668457
9000000.00027936,-72.1919403076172
9000000.00027937,-72.1143188476563
9000000.00027937,-72.049430847168
9000000.00027938,-71.994758605957
9000000.00027938,-71.9477920532227
9000000.00027939,-71.9060211181641
9000000.00027939,-71.8669281005859
9000000.0002794,-71.8345184326172
9000000.0002794,-71.8266677856445
9000000.00027941,-71.8408584594727
9000000.00027941,-71.8729476928711
9000000.00027942,-71.9187622070313
9000000.00027942,-71.9741516113281
9000000.00027943,-72.0349502563477
9000000.00027943,-72.0970001220703
9000000.00027944,-72.1561508178711
9000000.00027944,-72.2082290649414
9000000.00027945,-72.2490844726563
9000000.00027945,-72.2745513916016
9000000.00027946,-72.2804718017578
9000000.00027946,-72.2629623413086
9000000.00027947,-72.2236251831055
9000000.00027947,-72.1662368774414
9000000.00027948,-72.0940399169922
9000000.00027948,-72.01025390625
9000000.00027949,-71.9181213378906
9000000.00027949,-71.8208694458008
9000000.0002795,-71.7217330932617
9000000.0002795,-71.6239395141602
9000000.00027951,-71.5307312011719
9000000.00027951,-71.4453277587891
9000000.00027952,-71.3709716796875
9000000.00027952,-71.3108901977539
9000000.00027953,-71.2683181762695
9000000.00027953,-71.2422409057617
9000000.00027954,-71.2283477783203
9000000.00027954,-71.2249603271484
9000000.00027955,-71.2303924560547
9000000.00027955,-71.2429504394531
9000000.00027956,-71.2609405517578
9000000.00027956,-71.2826766967773
9000000.00027957,-71.3064727783203
9000000.00027957,-71.3306350708008
9000000.00027958,-71.3534774780273
9000000.00027958,-71.3733139038086
9000000.00027959,-71.3884506225586
9000000.00027959,-71.3972015380859
9000000.0002796,-71.4032974243164
9000000.0002796,-71.4216690063477
9000000.00027961,-71.4497985839844
9000000.00027961,-71.483757019043
9000000.00027962,-71.5196304321289
9000000.00027962,-71.5534973144531
9000000.00027963,-71.5814514160156
9000000.00027963,-71.5995559692383
9000000.00027964,-71.6039047241211
9000000.00027964,-71.590576171875
9000000.00027965,-71.5556411743164
9000000.00027965,-71.4952011108398
9000000.00027966,-71.4053192138672
9000000.00027966,-71.2817916870117
9000000.00027967,-71.1195602416992
9000000.00027967,-70.9221115112305
9000000.00027968,-70.6948013305664
9000000.00027968,-70.442985534668
9000000.00027969,-70.1720199584961
9000000.00027969,-69.8872756958008
9000000.0002797,-69.5941009521484
9000000.0002797,-69.2978591918945
9000000.00027971,-69.00390625
9000000.00027971,-68.7176055908203
9000000.00027972,-68.4443054199219
9000000.00027972,-68.1893768310547
9000000.00027973,-67.9581680297852
9000000.00027973,-67.7391052246094
9000000.00027974,-67.5183792114258
9000000.00027974,-67.2980041503906
9000000.00027975,-67.0799865722656
9000000.00027975,-66.866340637207
9000000.00027976,-66.6590881347656
9000000.00027976,-66.4602203369141
9000000.00027977,-66.2717666625977
9000000.00027977,-66.0957336425781
9000000.00027978,-65.9341354370117
9000000.00027978,-65.7889785766602
9000000.00027979,-65.6622772216797
9000000.00027979,-65.556037902832
9000000.0002798,-65.4709014892578
9000000.0002798,-65.4030914306641
9000000.00027981,-65.3515548706055
9000000.00027981,-65.3155670166016
9000000.00027982,-65.2943572998047
9000000.00027982,-65.2872009277344
9000000.00027983,-65.2933349609375
9000000.00027983,-65.31201171875
9000000.00027984,-65.3424987792969
9000000.00027984,-65.3840408325195
9000000.00027985,-65.4358901977539
9000000.00027985,-65.4972991943359
9000000.00027986,-65.5675201416016
9000000.00027986,-65.6468276977539
9000000.00027987,-65.7468566894531
9000000.00027987,-65.8684539794922
9000000.00027988,-66.0081787109375
9000000.00027988,-66.16259765625
9000000.00027989,-66.3282928466797
9000000.00027989,-66.5018310546875
9000000.0002799,-66.6797714233398
9000000.0002799,-66.8586959838867
9000000.00027991,-67.0351791381836
9000000.00027991,-67.2057800292969
9000000.00027992,-67.367073059082
9000000.00027992,-67.5156326293945
9000000.00027993,-67.6480255126953
9000000.00027993,-67.7758865356445
9000000.00027994,-67.9109191894531
9000000.00027994,-68.0497741699219
9000000.00027995,-68.1891098022461
9000000.00027995,-68.3255767822266
9000000.00027996,-68.4558334350586
9000000.00027996,-68.5765380859375
9000000.00027997,-68.6843338012695
9000000.00027997,-68.7758865356445
9000000.00027998,-68.8478546142578
9000000.00027998,-68.8968811035156
9000000.00027999,-68.9196243286133
9000000.00027999,-68.9127502441406
9000000.00028,-68.8731079101563
9000000.00028,-68.8012084960938
9000000.00028001,-68.7004470825195
9000000.00028001,-68.5742874145508
9000000.00028002,-68.4262161254883
9000000.00028002,-68.2596893310547
9000000.00028003,-68.0781936645508
9000000.00028003,-67.8851852416992
9000000.00028004,-67.6841583251953
9000000.00028004,-67.4785614013672
9000000.00028005,-67.2718887329102
9000000.00028005,-67.0675964355469
9000000.00028006,-66.8691635131836
9000000.00028006,-66.6784133911133
9000000.00028007,-66.4773406982422
9000000.00028007,-66.2625732421875
9000000.00028008,-66.0372848510742
9000000.00028008,-65.8046646118164
9000000.00028009,-65.5679092407227
9000000.00028009,-65.3302001953125
9000000.0002801,-65.0947265625
9000000.0002801,-64.8646621704102
9000000.00028011,-64.6432113647461
9000000.00028011,-64.4335556030273
9000000.00028012,-64.2388687133789
9000000.00028012,-64.0623550415039
9000000.00028013,-63.9071960449219
9000000.00028013,-63.7662086486816
9000000.00028014,-63.6309814453125
9000000.00028014,-63.5028610229492
9000000.00028015,-63.3831787109375
9000000.00028015,-63.2732772827148
9000000.00028016,-63.1744995117188
9000000.00028016,-63.0881805419922
9000000.00028017,-63.0156593322754
9000000.00028017,-62.9582786560059
9000000.00028018,-62.9173736572266
9000000.00028018,-62.894287109375
9000000.00028019,-62.8903579711914
9000000.00028019,-62.9069290161133
9000000.0002802,-62.9439697265625
9000000.0002802,-62.9977798461914
9000000.00028021,-63.0680046081543
9000000.00028021,-63.154613494873
9000000.00028022,-63.2575798034668
9000000.00028022,-63.3768653869629
9000000.00028023,-63.5124435424805
9000000.00028023,-63.6642799377441
9000000.00028024,-63.8323440551758
9000000.00028024,-64.0166015625
9000000.00028025,-64.2170257568359
9000000.00028025,-64.4335861206055
9000000.00028026,-64.6662445068359
9000000.00028026,-64.9162826538086
9000000.00028027,-65.19921875
9000000.00028027,-65.515266418457
9000000.00028028,-65.8589935302734
9000000.00028028,-66.2249526977539
9000000.00028029,-66.6077041625977
9000000.00028029,-67.0018081665039
9000000.0002803,-67.4018249511719
9000000.0002803,-67.8023147583008
9000000.00028031,-68.1978225708008
9000000.00028031,-68.5829238891602
9000000.00028032,-68.9521713256836
9000000.00028032,-69.3001174926758
9000000.00028033,-69.6213302612305
9000000.00028033,-69.9319381713867
9000000.00028034,-70.2489395141602
9000000.00028034,-70.5681533813477
9000000.00028035,-70.8853988647461
9000000.00028035,-71.1965026855469
9000000.00028036,-71.4972991943359
9000000.00028036,-71.7835998535156
9000000.00028037,-72.0512390136719
9000000.00028037,-72.2960357666016
9000000.00028038,-72.5138168334961
9000000.00028038,-72.7004013061523
9000000.00028039,-72.8516159057617
9000000.00028039,-72.9632949829102
9000000.0002804,-73.031982421875
9000000.0002804,-73.0596084594727
9000000.00028041,-73.0500259399414
9000000.00028041,-73.007080078125
9000000.00028042,-72.9346008300781
9000000.00028042,-72.83642578125
9000000.00028043,-72.7163772583008
9000000.00028043,-72.5782928466797
9000000.00028044,-72.4260025024414
9000000.00028044,-72.2633514404297
9000000.00028045,-72.0941619873047
9000000.00028045,-71.9222717285156
9000000.00028046,-71.7515182495117
9000000.00028046,-71.5839385986328
9000000.00028047,-71.4001159667969
9000000.00028047,-71.1963195800781
9000000.00028048,-70.9759140014648
9000000.00028048,-70.7422561645508
9000000.00028049,-70.4987030029297
9000000.00028049,-70.2486267089844
9000000.0002805,-69.9953842163086
9000000.0002805,-69.7423248291016
9000000.00028051,-69.4928283691406
9000000.00028051,-69.2502365112305
9000000.00028052,-69.0179214477539
9000000.00028052,-68.7992477416992
9000000.00028053,-68.5975570678711
9000000.00028053,-68.4041900634766
9000000.00028054,-68.2095108032227
9000000.00028054,-68.0154724121094
9000000.00028055,-67.8240356445313
9000000.00028055,-67.6371536254883
9000000.00028056,-67.4567718505859
9000000.00028056,-67.2848510742188
9000000.00028057,-67.1233367919922
9000000.00028057,-66.9741897583008
9000000.00028058,-66.8393630981445
9000000.00028058,-66.7208099365234
9000000.00028059,-66.620475769043
9000000.00028059,-66.5403213500977
9000000.0002806,-66.4782257080078
9000000.0002806,-66.4230117797852
9000000.00028061,-66.3758392333984
9000000.00028061,-66.3388824462891
9000000.00028062,-66.3143310546875
9000000.00028062,-66.3043670654297
9000000.00028063,-66.3111724853516
9000000.00028063,-66.3369293212891
9000000.00028064,-66.3838119506836
9000000.00028064,-66.4540176391602
9000000.00028065,-66.5497131347656
9000000.00028065,-66.673095703125
9000000.00028066,-66.8263320922852
9000000.00028066,-67.0131378173828
9000000.00028067,-67.2523498535156
9000000.00028067,-67.542236328125
9000000.00028068,-67.8741607666016
9000000.00028068,-68.2394790649414
9000000.00028069,-68.6295547485352
9000000.00028069,-69.035758972168
9000000.0002807,-69.4494400024414
9000000.0002807,-69.8619613647461
9000000.00028071,-70.2646942138672
9000000.00028071,-70.6489944458008
9000000.00028072,-71.0062255859375
9000000.00028072,-71.327751159668
9000000.00028073,-71.6049194335938
9000000.00028073,-71.8575973510742
9000000.00028074,-72.1088485717773
9000000.00028074,-72.354850769043
9000000.00028075,-72.5917816162109
9000000.00028075,-72.8158187866211
9000000.00028076,-73.0231323242188
9000000.00028076,-73.2099151611328
9000000.00028077,-73.3723297119141
9000000.00028077,-73.5065689086914
9000000.00028078,-73.6088027954102
9000000.00028078,-73.6752014160156
9000000.00028079,-73.7019653320313
9000000.00028079,-73.6852493286133
9000000.0002808,-73.619270324707
9000000.0002808,-73.4984741210938
9000000.00028081,-73.3285140991211
9000000.00028081,-73.1157150268555
9000000.00028082,-72.8664169311523
9000000.00028082,-72.5869445800781
9000000.00028083,-72.2836380004883
9000000.00028083,-71.9628067016602
9000000.00028084,-71.6308059692383
9000000.00028084,-71.2939453125
9000000.00028085,-70.9585723876953
9000000.00028085,-70.6310043334961
9000000.00028086,-70.3175811767578
9000000.00028086,-70.0221862792969
9000000.00028087,-69.7185287475586
9000000.00028087,-69.4005355834961
9000000.00028088,-69.0717239379883
9000000.00028088,-68.7355728149414
9000000.00028089,-68.3955917358398
9000000.00028089,-68.0552749633789
9000000.0002809,-67.7181243896484
9000000.0002809,-67.3876419067383
9000000.00028091,-67.0673217773438
9000000.00028091,-66.7606582641602
9000000.00028092,-66.4711685180664
9000000.00028092,-66.2023391723633
9000000.00028093,-65.9576721191406
9000000.00028093,-65.7293395996094
9000000.00028094,-65.5081558227539
9000000.00028094,-65.2955551147461
9000000.00028095,-65.0929870605469
9000000.00028095,-64.9018859863281
9000000.00028096,-64.7236938476563
9000000.00028096,-64.5598526000977
9000000.00028097,-64.4117965698242
9000000.00028097,-64.2809753417969
9000000.00028098,-64.168830871582
9000000.00028098,-64.076789855957
9000000.00028099,-64.0063095092773
9000000.00028099,-63.9588203430176
9000000.000281,-63.933406829834
9000000.000281,-63.923583984375
9000000.00028101,-63.9297027587891
9000000.00028101,-63.9526863098145
9000000.00028102,-63.9934577941895
9000000.00028102,-64.0529479980469
9000000.00028103,-64.1320877075195
9000000.00028103,-64.2317962646484
9000000.00028104,-64.3529968261719
9000000.00028104,-64.4966278076172
9000000.00028105,-64.6636047363281
9000000.00028105,-64.8548583984375
9000000.00028106,-65.0713195800781
9000000.00028106,-65.3120269775391
9000000.00028107,-65.555290222168
9000000.00028107,-65.7999801635742
9000000.00028108,-66.0529022216797
9000000.00028108,-66.3208923339844
9000000.00028109,-66.6107482910156
9000000.00028109,-66.9292984008789
9000000.0002811,-67.2833480834961
9000000.0002811,-67.6797103881836
9000000.00028111,-68.1252136230469
9000000.00028111,-68.6266632080078
9000000.00028112,-69.1908721923828
9000000.00028112,-69.8246688842773
9000000.00028113,-70.5348510742188
9000000.00028113,-71.3925628662109
9000000.00028114,-72.4382553100586
9000000.00028114,-73.6327056884766
9000000.00028115,-74.9367141723633
9000000.00028115,-76.3110733032227
9000000.00028116,-77.7165603637695
9000000.00028116,-79.1139831542969
9000000.00028117,-80.4641189575195
9000000.00028117,-81.7277603149414
9000000.00028118,-82.8656997680664
9000000.00028118,-83.8387222290039
9000000.00028119,-84.6076354980469
9000000.00028119,-85.1332092285156
9000000.0002812,-85.3903503417969
9000000.0002812,-85.4169616699219
9000000.00028121,-85.2436218261719
9000000.00028121,-84.8986206054688
9000000.00028122,-84.410270690918
9000000.00028122,-83.8068618774414
9000000.00028123,-83.1166915893555
9000000.00028123,-82.3680648803711
9000000.00028124,-81.5892715454102
9000000.00028124,-80.8086242675781
9000000.00028125,-80.0544128417969
9000000.00028125,-79.3549423217773
9000000.00028126,-78.7385025024414
9000000.00028126,-78.2255554199219
9000000.00028127,-77.7348403930664
9000000.00028127,-77.2397079467773
9000000.00028128,-76.7430038452148
9000000.00028128,-76.2475662231445
9000000.00028129,-75.7562408447266
9000000.00028129,-75.2718734741211
9000000.0002813,-74.7973022460938
9000000.0002813,-74.3353652954102
9000000.00028131,-73.8889236450195
9000000.00028131,-73.460807800293
9000000.00028132,-73.0538635253906
9000000.00028132,-72.6709365844727
9000000.00028133,-72.3148727416992
9000000.00028133,-71.983512878418
9000000.00028134,-71.672233581543
9000000.00028134,-71.3801574707031
9000000.00028135,-71.1064147949219
9000000.00028135,-70.8501205444336
9000000.00028136,-70.6104125976563
9000000.00028136,-70.3864059448242
9000000.00028137,-70.1772308349609
9000000.00028137,-69.9820022583008
9000000.00028138,-69.7998504638672
9000000.00028138,-69.6299057006836
9000000.00028139,-69.4712905883789
9000000.00028139,-69.323127746582
9000000.0002814,-69.1856002807617
9000000.0002814,-69.061637878418
9000000.00028141,-68.9513244628906
9000000.00028141,-68.8544845581055
9000000.00028142,-68.7709503173828
9000000.00028142,-68.700553894043
9000000.00028143,-68.6431274414063
9000000.00028143,-68.5984954833984
9000000.00028144,-68.5664978027344
9000000.00028144,-68.5469589233398
9000000.00028145,-68.5397109985352
9000000.00028145,-68.5445861816406
9000000.00028146,-68.561408996582
9000000.00028146,-68.5908432006836
9000000.00028147,-68.6424560546875
9000000.00028147,-68.7165298461914
9000000.00028148,-68.8098373413086
9000000.00028148,-68.9191513061523
9000000.00028149,-69.0412521362305
9000000.00028149,-69.1729049682617
9000000.0002815,-69.3108825683594
9000000.0002815,-69.4519653320313
9000000.00028151,-69.5929183959961
9000000.00028151,-69.7305221557617
9000000.00028152,-69.8615493774414
9000000.00028152,-69.9827651977539
9000000.00028153,-70.090950012207
9000000.00028153,-70.1953887939453
9000000.00028154,-70.3059616088867
9000000.00028154,-70.4203186035156
9000000.00028155,-70.5361404418945
9000000.00028155,-70.6510772705078
9000000.00028156,-70.7628021240234
9000000.00028156,-70.8689651489258
9000000.00028157,-70.9672470092773
9000000.00028157,-71.055305480957
9000000.00028158,-71.1307983398438
9000000.00028158,-71.1913909912109
9000000.00028159,-71.2347412109375
9000000.00028159,-71.2585296630859
9000000.0002816,-71.2611236572266
9000000.0002816,-71.2444610595703
9000000.00028161,-71.2104568481445
9000000.00028161,-71.1609191894531
9000000.00028162,-71.0976638793945
9000000.00028162,-71.0225143432617
9000000.00028163,-70.9372787475586
9000000.00028163,-70.8437728881836
9000000.00028164,-70.7438049316406
9000000.00028164,-70.6392059326172
9000000.00028165,-70.5317764282227
9000000.00028165,-70.42333984375
9000000.00028166,-70.3157043457031
9000000.00028166,-70.2101058959961
9000000.00028167,-70.1003952026367
9000000.00028167,-69.9848480224609
9000000.00028168,-69.8639907836914
9000000.00028168,-69.7383193969727
9000000.00028169,-69.6083602905273
9000000.00028169,-69.474609375
9000000.0002817,-69.3376007080078
9000000.0002817,-69.1978302001953
9000000.00028171,-69.0558090209961
9000000.00028171,-68.9120635986328
9000000.00028172,-68.7670974731445
9000000.00028172,-68.6214294433594
9000000.00028173,-68.4755630493164
9000000.00028173,-68.3250961303711
9000000.00028174,-68.1664886474609
9000000.00028174,-68.0015411376953
9000000.00028175,-67.83203125
9000000.00028175,-67.6597671508789
9000000.00028176,-67.4865417480469
9000000.00028176,-67.3141479492188
9000000.00028177,-67.1443862915039
9000000.00028177,-66.9790420532227
9000000.00028178,-66.8199234008789
9000000.00028178,-66.668815612793
9000000.00028179,-66.5275115966797
9000000.00028179,-66.397819519043
9000000.0002818,-66.276985168457
9000000.0002818,-66.1525650024414
9000000.00028181,-66.0262451171875
9000000.00028181,-65.9008865356445
9000000.00028182,-65.7793273925781
9000000.00028182,-65.664421081543
9000000.00028183,-65.5590133666992
9000000.00028183,-65.4659576416016
9000000.00028184,-65.3880996704102
9000000.00028184,-65.3282928466797
9000000.00028185,-65.2893829345703
9000000.00028185,-65.2742156982422
9000000.00028186,-65.2856521606445
9000000.00028186,-65.3256530761719
9000000.00028187,-65.3850860595703
9000000.00028187,-65.4612426757813
9000000.00028188,-65.5547561645508
9000000.00028188,-65.6662521362305
9000000.00028189,-65.7963638305664
9000000.00028189,-65.9457168579102
9000000.0002819,-66.1149291992188
9000000.0002819,-66.3046417236328
9000000.00028191,-66.5154800415039
9000000.00028191,-66.7480697631836
9000000.00028192,-67.0030364990234
9000000.00028192,-67.281005859375
9000000.00028193,-67.5826110839844
9000000.00028193,-67.9395980834961
9000000.00028194,-68.3727111816406
9000000.00028194,-68.8660888671875
9000000.00028195,-69.4038543701172
9000000.00028195,-69.9701385498047
9000000.00028196,-70.5490875244141
9000000.00028196,-71.1248168945313
9000000.00028197,-71.6814804077148
9000000.00028197,-72.2031860351563
9000000.00028198,-72.6740875244141
9000000.00028198,-73.0783004760742
9000000.00028199,-73.3999710083008
9000000.00028199,-73.6232299804688
9000000.000282,-73.7398986816406
9000000.000282,-73.7708053588867
9000000.00028201,-73.7267379760742
9000000.00028201,-73.6170272827148
9000000.00028202,-73.4510116577148
9000000.00028202,-73.2380218505859
9000000.00028203,-72.9873809814453
9000000.00028203,-72.7084350585938
9000000.00028204,-72.4105072021484
9000000.00028204,-72.1029281616211
9000000.00028205,-71.795036315918
9000000.00028205,-71.4961700439453
9000000.00028206,-71.2156448364258
9000000.00028206,-70.9594879150391
9000000.00028207,-70.6923294067383
9000000.00028207,-70.4052810668945
9000000.00028208,-70.102294921875
9000000.00028208,-69.7873306274414
9000000.00028209,-69.4643478393555
9000000.00028209,-69.137321472168
9000000.0002821,-68.8102035522461
9000000.0002821,-68.4869537353516
9000000.00028211,-68.1715316772461
9000000.00028211,-67.8679122924805
9000000.00028212,-67.5800476074219
9000000.00028212,-67.311897277832
9000000.00028213,-67.0674209594727
9000000.00028213,-66.8388748168945
9000000.00028214,-66.616584777832
9000000.00028214,-66.4016494750977
9000000.00028215,-66.1951675415039
9000000.00028215,-65.9982299804688
9000000.00028216,-65.8119354248047
9000000.00028216,-65.6373825073242
9000000.00028217,-65.4756546020508
9000000.00028217,-65.3278579711914
9000000.00028218,-65.1950912475586
9000000.00028218,-65.0784454345703
9000000.00028219,-64.9790115356445
9000000.00028219,-64.8978881835938
9000000.0002822,-64.8339462280273
9000000.0002822,-64.7810745239258
9000000.00028221,-64.739875793457
9000000.00028221,-64.7115173339844
9000000.00028222,-64.697151184082
9000000.00028222,-64.6979522705078
9000000.00028223,-64.7150726318359
9000000.00028223,-64.7496871948242
9000000.00028224,-64.8029403686523
9000000.00028224,-64.8760147094727
9000000.00028225,-64.9700622558594
9000000.00028225,-65.0862426757813
9000000.00028226,-65.2257308959961
9000000.00028226,-65.3905029296875
9000000.00028227,-65.5907440185547
9000000.00028227,-65.8255310058594
9000000.00028228,-66.090217590332
9000000.00028228,-66.3801422119141
9000000.00028229,-66.6906509399414
9000000.00028229,-67.0170974731445
9000000.0002823,-67.3548278808594
9000000.0002823,-67.6991806030273
9000000.00028231,-68.0455093383789
9000000.00028231,-68.38916015625
9000000.00028232,-68.725471496582
9000000.00028232,-69.0497970581055
9000000.00028233,-69.3574829101563
9000000.00028233,-69.6714630126953
9000000.00028234,-70.0124206542969
9000000.00028234,-70.3723526000977
9000000.00028235,-70.7432403564453
9000000.00028235,-71.1170806884766
9000000.00028236,-71.4858627319336
9000000.00028236,-71.8415679931641
9000000.00028237,-72.1761856079102
9000000.00028237,-72.4817047119141
9000000.00028238,-72.750114440918
9000000.00028238,-72.9734115600586
9000000.00028239,-73.1435699462891
9000000.00028239,-73.2525939941406
9000000.0002824,-73.2950592041016
9000000.0002824,-73.2779312133789
9000000.00028241,-73.2076797485352
9000000.00028241,-73.0903854370117
9000000.00028242,-72.9321517944336
9000000.00028242,-72.7390441894531
9000000.00028243,-72.5171585083008
9000000.00028243,-72.2725830078125
9000000.00028244,-72.0113906860352
9000000.00028244,-71.7396697998047
9000000.00028245,-71.4635162353516
9000000.00028245,-71.1890029907227
9000000.00028246,-70.9222183227539
9000000.00028246,-70.666618347168
9000000.00028247,-70.3936080932617
9000000.00028247,-70.0973052978516
9000000.00028248,-69.7822570800781
9000000.00028248,-69.4530029296875
9000000.00028249,-69.1140594482422
9000000.00028249,-68.7699813842773
9000000.0002825,-68.4253005981445
9000000.0002825,-68.0845489501953
9000000.00028251,-67.7522659301758
9000000.00028251,-67.4329833984375
9000000.00028252,-67.1312408447266
9000000.00028252,-66.8515853881836
9000000.00028253,-66.5985336303711
9000000.00028253,-66.3625640869141
9000000.00028254,-66.1321487426758
9000000.00028254,-65.9088821411133
9000000.00028255,-65.6943283081055
9000000.00028255,-65.4900588989258
9000000.00028256,-65.2976531982422
9000000.00028256,-65.1186904907227
9000000.00028257,-64.9547348022461
9000000.00028257,-64.8073654174805
9000000.00028258,-64.6781616210938
9000000.00028258,-64.5686950683594
9000000.00028259,-64.4805374145508
9000000.00028259,-64.4152679443359
9000000.0002826,-64.3733825683594
9000000.0002826,-64.3519515991211
9000000.00028261,-64.3501586914063
9000000.00028261,-64.3674163818359
9000000.00028262,-64.4031143188477
9000000.00028262,-64.4566650390625
9000000.00028263,-64.5274810791016
9000000.00028263,-64.6149673461914
9000000.00028264,-64.7185287475586
9000000.00028264,-64.8375701904297
9000000.00028265,-64.9714965820313
9000000.00028265,-65.1197204589844
9000000.00028266,-65.2816467285156
9000000.00028266,-65.4578170776367
9000000.00028267,-65.6614532470703
9000000.00028267,-65.8932647705078
9000000.00028268,-66.1491241455078
9000000.00028268,-66.4249114990234
9000000.00028269,-66.7165145874023
9000000.00028269,-67.0197906494141
9000000.0002827,-67.3306427001953
9000000.0002827,-67.6449279785156
9000000.00028271,-67.9585418701172
9000000.00028271,-68.2673568725586
9000000.00028272,-68.5672454833984
9000000.00028272,-68.8540954589844
9000000.00028273,-69.1237716674805
9000000.00028273,-69.3885192871094
9000000.00028274,-69.6612014770508
9000000.00028274,-69.9386444091797
9000000.00028275,-70.2176971435547
9000000.00028275,-70.4951782226563
9000000.00028276,-70.767936706543
9000000.00028276,-71.0328063964844
9000000.00028277,-71.28662109375
9000000.00028277,-71.5262145996094
9000000.00028278,-71.7484283447266
9000000.00028278,-71.9500885009766
9000000.00028279,-72.128044128418
9000000.00028279,-72.2791137695313
9000000.0002828,-72.4025421142578
9000000.0002828,-72.5048522949219
9000000.00028281,-72.587516784668
9000000.00028281,-72.6514663696289
9000000.00028282,-72.6976470947266
9000000.00028282,-72.7270050048828
9000000.00028283,-72.7404861450195
9000000.00028283,-72.7390365600586
9000000.00028284,-72.7235870361328
9000000.00028284,-72.6950912475586
9000000.00028285,-72.6544876098633
9000000.00028285,-72.6027221679688
9000000.00028286,-72.5407333374023
9000000.00028286,-72.4687271118164
9000000.00028287,-72.3783874511719
9000000.00028287,-72.2687454223633
9000000.00028288,-72.1418838500977
9000000.00028288,-71.999870300293
9000000.00028289,-71.8447952270508
9000000.00028289,-71.6787185668945
9000000.0002829,-71.5037231445313
9000000.0002829,-71.3218841552734
9000000.00028291,-71.1352767944336
9000000.00028291,-70.9459838867188
9000000.00028292,-70.7560806274414
9000000.00028292,-70.567626953125
9000000.00028293,-70.3827209472656
9000000.00028293,-70.1920700073242
9000000.00028294,-69.9870986938477
9000000.00028294,-69.7709045410156
9000000.00028295,-69.5466079711914
9000000.00028295,-69.3173141479492
9000000.00028296,-69.0861358642578
9000000.00028296,-68.8561859130859
9000000.00028297,-68.6305694580078
9000000.00028297,-68.4123992919922
9000000.00028298,-68.2047805786133
9000000.00028298,-68.0108337402344
9000000.00028299,-67.8336639404297
9000000.00028299,-67.676383972168
9000000.000283,-67.5360412597656
9000000.000283,-67.3960342407227
9000000.00028301,-67.2578506469727
9000000.00028301,-67.1245193481445
9000000.00028302,-66.9990539550781
9000000.00028302,-66.8844680786133
9000000.00028303,-66.7837829589844
9000000.00028303,-66.7000122070313
9000000.00028304,-66.6361694335938
9000000.00028304,-66.5952758789063
9000000.00028305,-66.5803451538086
9000000.00028305,-66.5943908691406
9000000.00028306,-66.6404342651367
9000000.00028306,-66.7194442749023
9000000.00028307,-66.808464050293
9000000.00028307,-66.9044647216797
9000000.00028308,-67.0127868652344
9000000.00028308,-67.1387939453125
9000000.00028309,-67.2878189086914
9000000.00028309,-67.465217590332
9000000.0002831,-67.6763381958008
9000000.0002831,-67.9265213012695
9000000.00028311,-68.2211151123047
9000000.00028311,-68.5654678344727
9000000.00028312,-68.9649353027344
9000000.00028312,-69.4248580932617
9000000.00028313,-69.9505767822266
9000000.00028313,-70.5992126464844
9000000.00028314,-71.4033737182617
9000000.00028314,-72.331657409668
9000000.00028315,-73.3526763916016
9000000.00028315,-74.4350357055664
9000000.00028316,-75.5473403930664
9000000.00028316,-76.6581878662109
9000000.00028317,-77.7361831665039
9000000.00028317,-78.7499389648438
9000000.00028318,-79.6680526733398
9000000.00028318,-80.4591293334961
9000000.00028319,-81.0917816162109
9000000.00028319,-81.5345993041992
9000000.0002832,-81.7683258056641
9000000.0002832,-81.8255844116211
9000000.00028321,-81.7301940917969
9000000.00028321,-81.5039367675781
9000000.00028322,-81.1685943603516
9000000.00028322,-80.7459335327148
9000000.00028323,-80.2577438354492
9000000.00028323,-79.7257919311523
9000000.00028324,-79.1718673706055
9000000.00028324,-78.6177368164063
9000000.00028325,-78.0851821899414
9000000.00028325,-77.5959854125977
9000000.00028326,-77.1719207763672
9000000.00028326,-76.8290557861328
9000000.00028327,-76.5087356567383
9000000.00028327,-76.1904907226563
9000000.00028328,-75.8751525878906
9000000.00028328,-75.5635375976563
9000000.00028329,-75.2564697265625
9000000.00028329,-74.9547729492188
9000000.0002833,-74.6592712402344
9000000.0002833,-74.3707733154297
9000000.00028331,-74.0901184082031
9000000.00028331,-73.8181228637695
9000000.00028332,-73.5556030273438
9000000.00028332,-73.3033905029297
9000000.00028333,-73.0623016357422
9000000.00028333,-72.8318405151367
9000000.00028334,-72.6107559204102
9000000.00028334,-72.3987274169922
9000000.00028335,-72.1954574584961
9000000.00028335,-72.0006103515625
9000000.00028336,-71.8138885498047
9000000.00028336,-71.6349639892578
9000000.00028337,-71.4635314941406
9000000.00028337,-71.2992706298828
9000000.00028338,-71.1418762207031
9000000.00028338,-70.9910278320313
9000000.00028339,-70.8464050292969
9000000.00028339,-70.7077026367188
9000000.0002834,-70.5718231201172
9000000.0002834,-70.4310684204102
9000000.00028341,-70.2879943847656
9000000.00028341,-70.1459121704102
9000000.00028342,-70.0081558227539
9000000.00028342,-69.8780288696289
9000000.00028343,-69.7588500976563
9000000.00028343,-69.653938293457
9000000.00028344,-69.5666122436523
9000000.00028344,-69.5001831054688
9000000.00028345,-69.4579772949219
9000000.00028345,-69.4432983398438
9000000.00028346,-69.4594802856445
9000000.00028346,-69.5086898803711
9000000.00028347,-69.5789108276367
9000000.00028347,-69.6669845581055
9000000.00028348,-69.7741241455078
9000000.00028348,-69.9015502929688
9000000.00028349,-70.0504837036133
9000000.00028349,-70.2221298217773
9000000.0002835,-70.4177169799805
9000000.0002835,-70.6384506225586
9000000.00028351,-70.8855590820313
9000000.00028351,-71.1602478027344
9000000.00028352,-71.4637451171875
9000000.00028352,-71.7972564697266
9000000.00028353,-72.1620025634766
9000000.00028353,-72.5874786376953
9000000.00028354,-73.0922546386719
9000000.00028354,-73.6611633300781
9000000.00028355,-74.2790298461914
9000000.00028355,-74.9306793212891
9000000.00028356,-75.600944519043
9000000.00028356,-76.274658203125
9000000.00028357,-76.936653137207
9000000.00028357,-77.5717391967773
9000000.00028358,-78.1647720336914
9000000.00028358,-78.700553894043
9000000.00028359,-79.1639404296875
9000000.00028359,-79.5397415161133
9000000.0002836,-79.8277893066406
9000000.0002836,-80.0690307617188
9000000.00028361,-80.2677154541016
9000000.00028361,-80.4246292114258
9000000.00028362,-80.5405426025391
9000000.00028362,-80.6162490844727
9000000.00028363,-80.6525421142578
9000000.00028363,-80.6501922607422
9000000.00028364,-80.609992980957
9000000.00028364,-80.5327301025391
9000000.00028365,-80.4191818237305
9000000.00028365,-80.270133972168
9000000.00028366,-80.0863800048828
9000000.00028366,-79.8662796020508
9000000.00028367,-79.5816497802734
9000000.00028367,-79.2314071655273
9000000.00028368,-78.8247909545898
9000000.00028368,-78.3710327148438
9000000.00028369,-77.8793487548828
9000000.00028369,-77.3589782714844
9000000.0002837,-76.8191528320313
9000000.0002837,-76.2691040039063
9000000.00028371,-75.7180480957031
9000000.00028371,-75.1752319335938
9000000.00028372,-74.6498718261719
9000000.00028372,-74.1512069702148
9000000.00028373,-73.6884689331055
9000000.00028373,-73.2423706054688
9000000.00028374,-72.7895965576172
9000000.00028374,-72.3332748413086
9000000.00028375,-71.8765487670898
9000000.00028375,-71.4225540161133
9000000.00028376,-70.9744415283203
9000000.00028376,-70.5353393554688
9000000.00028377,-70.1083831787109
9000000.00028377,-69.6967239379883
9000000.00028378,-69.3034973144531
9000000.00028378,-68.9318389892578
9000000.00028379,-68.5848846435547
9000000.00028379,-68.2657852172852
9000000.0002838,-67.9730911254883
9000000.0002838,-67.6942367553711
9000000.00028381,-67.4295349121094
9000000.00028381,-67.1803970336914
9000000.00028382,-66.9482345581055
9000000.00028382,-66.7344665527344
9000000.00028383,-66.5405197143555
9000000.00028383,-66.3677978515625
9000000.00028384,-66.2177276611328
9000000.00028384,-66.0917205810547
9000000.00028385,-65.9911880493164
9000000.00028385,-65.9175567626953
9000000.00028386,-65.8722381591797
9000000.00028386,-65.8557281494141
9000000.00028387,-65.8578338623047
9000000.00028387,-65.8771362304688
9000000.00028388,-65.9159317016602
9000000.00028388,-65.9765472412109
9000000.00028389,-66.061279296875
9000000.00028389,-66.1724395751953
9000000.0002839,-66.3123474121094
9000000.0002839,-66.4832992553711
9000000.00028391,-66.687614440918
9000000.00028391,-66.927604675293
9000000.00028392,-67.20556640625
9000000.00028392,-67.5238189697266
9000000.00028393,-67.8846740722656
9000000.00028393,-68.3200149536133
9000000.00028394,-68.8488082885742
9000000.00028394,-69.453987121582
9000000.00028395,-70.1184692382813
9000000.00028395,-70.8251876831055
9000000.00028396,-71.5570602416992
9000000.00028396,-72.2970199584961
9000000.00028397,-73.0279846191406
9000000.00028397,-73.7328796386719
9000000.00028398,-74.3946304321289
9000000.00028398,-74.9961700439453
9000000.00028399,-75.5204086303711
9000000.00028399,-75.9502868652344
9000000.000284,-76.2836990356445
9000000.000284,-76.5614929199219
9000000.00028401,-76.7899475097656
9000000.00028401,-76.9719772338867
9000000.00028402,-77.1104965209961
9000000.00028402,-77.2084274291992
9000000.00028403,-77.2686614990234
9000000.00028403,-77.2941284179688
9000000.00028404,-77.2877349853516
9000000.00028404,-77.2523880004883
9000000.00028405,-77.1910095214844
9000000.00028405,-77.1065063476563
9000000.00028406,-77.0017852783203
9000000.00028406,-76.8768692016602
9000000.00028407,-76.6986846923828
9000000.00028407,-76.4641723632813
9000000.00028408,-76.1823425292969
9000000.00028408,-75.8621978759766
9000000.00028409,-75.5127563476563
9000000.00028409,-75.1430130004883
9000000.0002841,-74.7619934082031
9000000.0002841,-74.3786926269531
9000000.00028411,-74.0021209716797
9000000.00028411,-73.6412963867188
9000000.00028412,-73.3052139282227
9000000.00028412,-73.0028915405273
9000000.00028413,-72.7433395385742
9000000.00028413,-72.5119857788086
9000000.00028414,-72.2889404296875
9000000.00028414,-72.0751953125
9000000.00028415,-71.8717498779297
9000000.00028415,-71.6796035766602
9000000.00028416,-71.4997406005859
9000000.00028416,-71.3331604003906
9000000.00028417,-71.1808700561523
9000000.00028417,-71.0438537597656
9000000.00028418,-70.9231109619141
9000000.00028418,-70.8196411132813
9000000.00028419,-70.7344360351563
9000000.00028419,-70.6685028076172
9000000.0002842,-70.6214294433594
9000000.0002842,-70.5894393920898
9000000.00028421,-70.5725555419922
9000000.00028421,-70.571174621582
9000000.00028422,-70.5856552124023
9000000.00028422,-70.6163864135742
9000000.00028423,-70.6637420654297
9000000.00028423,-70.7281036376953
9000000.00028424,-70.8098449707031
9000000.00028424,-70.9093399047852
9000000.00028425,-71.0269775390625
9000000.00028425,-71.1631240844727
9000000.00028426,-71.3181686401367
9000000.00028426,-71.4911270141602
9000000.00028427,-71.6662902832031
9000000.00028427,-71.8431015014648
9000000.00028428,-72.0267715454102
9000000.00028428,-72.2224960327148
9000000.00028429,-72.4354858398438
9000000.00028429,-72.6709442138672
9000000.0002843,-72.93408203125
9000000.0002843,-73.2300872802734
9000000.00028431,-73.5641784667969
9000000.00028431,-73.9415512084961
9000000.00028432,-74.3674163818359
9000000.00028432,-74.8469772338867
9000000.00028433,-75.3854370117188
9000000.00028433,-76.0506439208984
9000000.00028434,-76.8826522827148
9000000.00028434,-77.8449325561523
9000000.00028435,-78.9009399414063
9000000.00028435,-80.0141525268555
9000000.00028436,-81.1480484008789
9000000.00028436,-82.2660980224609
9000000.00028437,-83.3317642211914
9000000.00028437,-84.3085174560547
9000000.00028438,-85.1598358154297
9000000.00028438,-85.8491897583008
9000000.00028439,-86.3400421142578
9000000.00028439,-86.5958786010742
9000000.0002844,-86.5876998901367
9000000.0002844,-86.3353805541992
9000000.00028441,-85.8718643188477
9000000.00028441,-85.2294921875
9000000.00028442,-84.4405899047852
9000000.00028442,-83.5374908447266
9000000.00028443,-82.5525360107422
9000000.00028443,-81.5180511474609
9000000.00028444,-80.4663772583008
9000000.00028444,-79.4298477172852
9000000.00028445,-78.4407958984375
9000000.00028445,-77.5315475463867
9000000.00028446,-76.7344512939453
9000000.00028446,-76.0738677978516
9000000.00028447,-75.4687423706055
9000000.00028447,-74.8887786865234
9000000.00028448,-74.3330612182617
9000000.00028448,-73.8006820678711
9000000.00028449,-73.2907333374023
9000000.00028449,-72.8023071289063
9000000.0002845,-72.3344879150391
9000000.0002845,-71.8863677978516
9000000.00028451,-71.4570388793945
9000000.00028451,-71.0455856323242
9000000.00028452,-70.6511077880859
9000000.00028452,-70.2726898193359
9000000.00028453,-69.909423828125
9000000.00028453,-69.5650177001953
9000000.00028454,-69.2429885864258
9000000.00028454,-68.9421463012695
9000000.00028455,-68.6613082885742
9000000.00028455,-68.399284362793
9000000.00028456,-68.1548843383789
9000000.00028456,-67.9269256591797
9000000.00028457,-67.7142105102539
9000000.00028457,-67.5155487060547
9000000.00028458,-67.3297576904297
9000000.00028458,-67.1556549072266
9000000.00028459,-66.9920349121094
9000000.00028459,-66.8377227783203
9000000.0002846,-66.6906814575195
9000000.0002846,-66.5485382080078
9000000.00028461,-66.4132461547852
9000000.00028461,-66.2870178222656
9000000.00028462,-66.1720657348633
9000000.00028462,-66.0706100463867
9000000.00028463,-65.98486328125
9000000.00028463,-65.9170379638672
9000000.00028464,-65.8693542480469
9000000.00028464,-65.8440322875977
9000000.00028465,-65.8432769775391
9000000.00028465,-65.8693084716797
9000000.00028466,-65.9243469238281
9000000.00028466,-66.009880065918
9000000.00028467,-66.1182098388672
9000000.00028467,-66.2472381591797
9000000.00028468,-66.3976593017578
9000000.00028468,-66.5701599121094
9000000.00028469,-66.7654342651367
9000000.00028469,-66.9841690063477
9000000.0002847,-67.2270584106445
9000000.0002847,-67.4947967529297
9000000.00028471,-67.7880706787109
9000000.00028471,-68.1075668334961
9000000.00028472,-68.453987121582
9000000.00028472,-68.828010559082
9000000.00028473,-69.230339050293
9000000.00028473,-69.7097091674805
9000000.00028474,-70.2982864379883
9000000.00028474,-70.9718856811523
9000000.00028475,-71.7063369750977
9000000.00028475,-72.4774475097656
9000000.00028476,-73.2610549926758
9000000.00028476,-74.032958984375
9000000.00028477,-74.7689971923828
9000000.00028477,-75.4449844360352
9000000.00028478,-76.0367431640625
9000000.00028478,-76.5200881958008
9000000.00028479,-76.870849609375
9000000.00028479,-77.0648422241211
9000000.0002848,-77.0834655761719
9000000.0002848,-76.941520690918
9000000.00028481,-76.6603317260742
9000000.00028481,-76.2606735229492
9000000.00028482,-75.763313293457
9000000.00028482,-75.1890258789063
9000000.00028483,-74.5585861206055
9000000.00028483,-73.8927536010742
9000000.00028484,-73.2123184204102
9000000.00028484,-72.5380325317383
9000000.00028485,-71.8906784057617
9000000.00028485,-71.2910232543945
9000000.00028486,-70.7598342895508
9000000.00028486,-70.3123321533203
9000000.00028487,-69.8911972045898
9000000.00028487,-69.4768905639648
9000000.00028488,-69.070686340332
9000000.00028488,-68.6738510131836
9000000.00028489,-68.2876434326172
9000000.00028489,-67.913330078125
9000000.0002849,-67.5521926879883
9000000.0002849,-67.2054824829102
9000000.00028491,-66.8744735717773
9000000.00028491,-66.560432434082
9000000.00028492,-66.2646255493164
9000000.00028492,-65.9883193969727
9000000.00028493,-65.732780456543
9000000.00028493,-65.495964050293
9000000.00028494,-65.2750930786133
9000000.00028494,-65.0702896118164
9000000.00028495,-64.8816909790039
9000000.00028495,-64.7094421386719
9000000.00028496,-64.5536651611328
9000000.00028496,-64.4145126342773
9000000.00028497,-64.2920989990234
9000000.00028497,-64.1865844726563
9000000.00028498,-64.0980834960938
9000000.00028498,-64.026741027832
9000000.00028499,-63.9726982116699
9000000.00028499,-63.9360809326172
9000000.000285,-63.9169273376465
9000000.000285,-63.9149513244629
9000000.00028501,-63.9300918579102
9000000.00028501,-63.9623069763184
9000000.00028502,-64.0115585327148
9000000.00028502,-64.0778121948242
9000000.00028503,-64.1610260009766
9000000.00028503,-64.2611541748047
9000000.00028504,-64.378173828125
9000000.00028504,-64.5120239257813
9000000.00028505,-64.6626892089844
9000000.00028505,-64.8301086425781
9000000.00028506,-65.0142593383789
9000000.00028506,-65.2160110473633
9000000.00028507,-65.446174621582
9000000.00028507,-65.7049102783203
9000000.00028508,-65.9884490966797
9000000.00028508,-66.2930221557617
9000000.00028509,-66.6148452758789
9000000.00028509,-66.9501419067383
9000000.0002851,-67.2951431274414
9000000.0002851,-67.6460800170898
9000000.00028511,-67.9991607666016
9000000.00028511,-68.3506164550781
9000000.00028512,-68.6966705322266
9000000.00028512,-69.0335540771484
9000000.00028513,-69.3574829101563
9000000.00028513,-69.6870880126953
9000000.00028514,-70.0391693115234
9000000.00028514,-70.4072113037109
9000000.00028515,-70.7847137451172
9000000.00028515,-71.165153503418
9000000.00028516,-71.5420379638672
9000000.00028516,-71.9088516235352
9000000.00028517,-72.2590866088867
9000000.00028517,-72.5862274169922
9000000.00028518,-72.8837661743164
9000000.00028518,-73.1452026367188
9000000.00028519,-73.364013671875
9000000.00028519,-73.5337066650391
9000000.0002852,-73.6507186889648
9000000.0002852,-73.7230758666992
9000000.00028521,-73.7553405761719
9000000.00028521,-73.7515563964844
9000000.00028522,-73.7157592773438
9000000.00028522,-73.651985168457
9000000.00028523,-73.5642623901367
9000000.00028523,-73.4566345214844
9000000.00028524,-73.333122253418
9000000.00028524,-73.1977844238281
9000000.00028525,-73.0546340942383
9000000.00028525,-72.90771484375
9000000.00028526,-72.7610626220703
9000000.00028526,-72.6169662475586
9000000.00028527,-72.4564361572266
9000000.00028527,-72.2755737304688
9000000.00028528,-72.0774078369141
9000000.00028528,-71.8649520874023
9000000.00028529,-71.6412124633789
9000000.00028529,-71.4092102050781
9000000.0002853,-71.1719589233398
9000000.0002853,-70.932487487793
9000000.00028531,-70.6938018798828
9000000.00028531,-70.4589157104492
9000000.00028532,-70.2308578491211
9000000.00028532,-70.0126342773438
9000000.00028533,-69.8072662353516
9000000.00028533,-69.6070022583008
9000000.00028534,-69.4032516479492
9000000.00028534,-69.1977233886719
9000000.00028535,-68.9921722412109
9000000.00028535,-68.7883071899414
9000000.00028536,-68.5878677368164
9000000.00028536,-68.3925857543945
9000000.00028537,-68.2041931152344
9000000.00028537,-68.0244140625
9000000.00028538,-67.8549728393555
9000000.00028538,-67.6976165771484
9000000.00028539,-67.5540618896484
9000000.00028539,-67.4260406494141
9000000.0002854,-67.3110427856445
9000000.0002854,-67.1974182128906
9000000.00028541,-67.0866928100586
9000000.00028541,-66.9814834594727
9000000.00028542,-66.8843994140625
9000000.00028542,-66.7980422973633
9000000.00028543,-66.7250366210938
9000000.00028543,-66.6679763793945
9000000.00028544,-66.6294860839844
9000000.00028544,-66.6121597290039
9000000.00028545,-66.6186218261719
9000000.00028545,-66.651481628418
9000000.00028546,-66.7133407592773
9000000.00028546,-66.8040008544922
9000000.00028547,-66.891471862793
9000000.00028547,-66.9729766845703
9000000.00028548,-67.0574111938477
9000000.00028548,-67.1537017822266
9000000.00028549,-67.2707595825195
9000000.00028549,-67.4174880981445
9000000.0002855,-67.6028060913086
9000000.0002855,-67.8356170654297
9000000.00028551,-68.1248397827148
9000000.00028551,-68.4793853759766
9000000.00028552,-68.9081649780273
9000000.00028552,-69.4200897216797
9000000.00028553,-70.0240707397461
9000000.00028553,-70.7971725463867
9000000.00028554,-71.7815170288086
9000000.00028554,-72.9335708618164
9000000.00028555,-74.209846496582
9000000.00028555,-75.5668182373047
9000000.00028556,-76.9609756469727
9000000.00028556,-78.3488159179688
9000000.00028557,-79.6868209838867
9000000.00028557,-80.9314727783203
9000000.00028558,-82.0392684936523
9000000.00028558,-82.9666900634766
9000000.00028559,-83.6702346801758
9000000.00028559,-84.1063842773438
9000000.0002856,-84.2460632324219
9000000.0002856,-84.1279525756836
9000000.00028561,-83.7869644165039
9000000.00028561,-83.2557983398438
9000000.00028562,-82.5671691894531
9000000.00028562,-81.7537841796875
9000000.00028563,-80.8483581542969
9000000.00028563,-79.8835830688477
9000000.00028564,-78.8921890258789
9000000.00028564,-77.9068756103516
9000000.00028565,-76.9603424072266
9000000.00028565,-76.0853118896484
9000000.00028566,-75.3144912719727
9000000.00028566,-74.671875
9000000.00028567,-74.0677795410156
9000000.00028567,-73.4714584350586
9000000.00028568,-72.8846969604492
9000000.00028568,-72.3092956542969
9000000.00028569,-71.7470397949219
9000000.00028569,-71.1997299194336
9000000.0002857,-70.6691513061523
9000000.0002857,-70.1571044921875
9000000.00028571,-69.6653823852539
9000000.00028571,-69.1957778930664
9000000.00028572,-68.7500839233398
9000000.00028572,-68.3300857543945
9000000.00028573,-67.9375839233398
9000000.00028573,-67.5702209472656
9000000.00028574,-67.2243881225586
9000000.00028574,-66.900032043457
9000000.00028575,-66.5970840454102
9000000.00028575,-66.3154754638672
9000000.00028576,-66.0551605224609
9000000.00028576,-65.8160629272461
9000000.00028577,-65.5981292724609
9000000.00028577,-65.4012832641602
9000000.00028578,-65.2254791259766
9000000.00028578,-65.0706481933594
9000000.00028579,-64.9367294311523
9000000.00028579,-64.8236541748047
9000000.0002858,-64.7318725585938
9000000.0002858,-64.6627578735352
9000000.00028581,-64.6159820556641
9000000.00028581,-64.5910720825195
9000000.00028582,-64.5875701904297
9000000.00028582,-64.6050033569336
9000000.00028583,-64.6429138183594
9000000.00028583,-64.7008285522461
9000000.00028584,-64.7782821655273
9000000.00028584,-64.8748092651367
9000000.00028585,-64.9899520874023
9000000.00028585,-65.1232299804688
9000000.00028586,-65.2741928100586
9000000.00028586,-65.4435424804688
9000000.00028587,-65.64501953125
9000000.00028587,-65.8792266845703
9000000.00028588,-66.1417388916016
9000000.00028588,-66.4281311035156
9000000.00028589,-66.7339935302734
9000000.00028589,-67.0548934936523
9000000.0002859,-67.3864059448242
9000000.0002859,-67.72412109375
9000000.00028591,-68.063606262207
9000000.00028591,-68.4004516601563
9000000.00028592,-68.730224609375
9000000.00028592,-69.0485000610352
9000000.00028593,-69.3508682250977
9000000.00028593,-69.6603088378906
9000000.00028594,-69.9972991943359
9000000.00028594,-70.353645324707
9000000.00028595,-70.7211380004883
9000000.00028595,-71.0915985107422
9000000.00028596,-71.4568176269531
9000000.00028596,-71.8086090087891
9000000.00028597,-72.1387710571289
9000000.00028597,-72.4391174316406
9000000.00028598,-72.7014389038086
9000000.00028598,-72.9175491333008
9000000.00028599,-73.0792541503906
9000000.00028599,-73.178352355957
9000000.000286,-73.2093276977539
9000000.000286,-73.1793365478516
9000000.00028601,-73.0950012207031
9000000.00028601,-72.962516784668
9000000.00028602,-72.7881011962891
9000000.00028602,-72.5779571533203
9000000.00028603,-72.3382949829102
9000000.00028603,-72.0753173828125
9000000.00028604,-71.7952423095703
9000000.00028604,-71.504264831543
9000000.00028605,-71.2086029052734
9000000.00028605,-70.9144592285156
9000000.00028606,-70.628044128418
9000000.00028606,-70.3528366088867
9000000.00028607,-70.0591735839844
9000000.00028607,-69.7410507202148
9000000.00028608,-69.4032745361328
9000000.00028608,-69.0506439208984
9000000.00028609,-68.6879730224609
9000000.00028609,-68.3200454711914
9000000.0002861,-67.9516754150391
9000000.0002861,-67.5876617431641
9000000.00028611,-67.2328033447266
9000000.00028611,-66.8919143676758
9000000.00028612,-66.5697860717773
9000000.00028612,-66.2712249755859
9000000.00028613,-66.0010299682617
9000000.00028613,-65.7494964599609
9000000.00028614,-65.5046920776367
9000000.00028614,-65.2680892944336
9000000.00028615,-65.0411834716797
9000000.00028615,-64.8254470825195
9000000.00028616,-64.6223678588867
9000000.00028616,-64.4334106445313
9000000.00028617,-64.2600555419922
9000000.00028617,-64.1037979125977
9000000.00028618,-63.9661102294922
9000000.00028618,-63.8484687805176
9000000.00028619,-63.7523574829102
9000000.00028619,-63.679256439209
9000000.0002862,-63.6289024353027
9000000.0002862,-63.5965538024902
9000000.00028621,-63.5820083618164
9000000.00028621,-63.5854835510254
9000000.00028622,-63.6071929931641
9000000.00028622,-63.6473579406738
9000000.00028623,-63.7061920166016
9000000.00028623,-63.7839088439941
9000000.00028624,-63.8807258605957
9000000.00028624,-63.9968566894531
9000000.00028625,-64.1325225830078
9000000.00028625,-64.2879333496094
9000000.00028626,-64.4633102416992
9000000.00028626,-64.6596984863281
9000000.00028627,-64.8869934082031
9000000.00028627,-65.1451416015625
9000000.00028628,-65.4304428100586
9000000.00028628,-65.7392120361328
9000000.00028629,-66.0677490234375
9000000.00028629,-66.4123764038086
9000000.0002863,-66.7693862915039
9000000.0002863,-67.1351089477539
9000000.00028631,-67.5058364868164
9000000.00028631,-67.8778762817383
9000000.00028632,-68.24755859375
9000000.00028632,-68.6111679077148
9000000.00028633,-68.9650268554688
9000000.00028633,-69.3330383300781
9000000.00028634,-69.735466003418
9000000.00028634,-70.1631851196289
9000000.00028635,-70.607063293457
9000000.00028635,-71.0579528808594
9000000.00028636,-71.5067291259766
9000000.00028636,-71.9442596435547
9000000.00028637,-72.3614044189453
9000000.00028637,-72.7490310668945
9000000.00028638,-73.098014831543
9000000.00028638,-73.3992080688477
9000000.00028639,-73.6434783935547
9000000.00028639,-73.8217010498047
9000000.0002864,-73.9295120239258
9000000.0002864,-73.979850769043
9000000.00028641,-73.9786605834961
9000000.00028641,-73.9309387207031
9000000.00028642,-73.841682434082
9000000.00028642,-73.7159118652344
9000000.00028643,-73.5586090087891
9000000.00028643,-73.3747940063477
9000000.00028644,-73.1694717407227
9000000.00028644,-72.9476318359375
9000000.00028645,-72.7142791748047
9000000.00028645,-72.4744262695313
9000000.00028646,-72.2330780029297
9000000.00028646,-71.9924850463867
9000000.00028647,-71.7224197387695
9000000.00028647,-71.4179458618164
9000000.00028648,-71.0851745605469
9000000.00028648,-70.730224609375
9000000.00028649,-70.3591918945313
9000000.00028649,-69.9781875610352
9000000.0002865,-69.5933303833008
9000000.0002865,-69.2107086181641
9000000.00028651,-68.8364486694336
9000000.00028651,-68.4766540527344
9000000.00028652,-68.1374282836914
9000000.00028652,-67.8248901367188
9000000.00028653,-67.5451278686523
9000000.00028653,-67.2855453491211
9000000.00028654,-67.0307769775391
9000000.00028654,-66.782844543457
9000000.00028655,-66.5437469482422
9000000.00028655,-66.3155059814453
9000000.00028656,-66.1001358032227
9000000.00028656,-65.8996429443359
9000000.00028657,-65.7160415649414
9000000.00028657,-65.5513381958008
9000000.00028658,-65.4075546264648
9000000.00028658,-65.2866897583008
9000000.00028659,-65.1907653808594
9000000.00028659,-65.1217956542969
9000000.0002866,-65.0774612426758
9000000.0002866,-65.0459136962891
9000000.00028661,-65.028434753418
9000000.00028661,-65.0274124145508
9000000.00028662,-65.0452270507813
9000000.00028662,-65.0842590332031
9000000.00028663,-65.1468963623047
9000000.00028663,-65.2355194091797
9000000.00028664,-65.3525085449219
9000000.00028664,-65.500244140625
9000000.00028665,-65.6811065673828
9000000.00028665,-65.8974914550781
9000000.00028666,-66.1517639160156
9000000.00028666,-66.447998046875
9000000.00028667,-66.8068923950195
9000000.00028667,-67.2265701293945
9000000.00028668,-67.6975479125977
9000000.00028668,-68.210334777832
9000000.00028669,-68.7554550170898
9000000.00028669,-69.3234252929688
9000000.0002867,-69.9047622680664
9000000.0002867,-70.4899749755859
9000000.00028671,-71.0695953369141
9000000.00028671,-71.6341323852539
9000000.00028672,-72.1740951538086
9000000.00028672,-72.6800155639648
9000000.00028673,-73.1424102783203
9000000.00028673,-73.5995407104492
9000000.00028674,-74.0878753662109
9000000.00028674,-74.5951995849609
9000000.00028675,-75.1092987060547
9000000.00028675,-75.6179580688477
9000000.00028676,-76.1089553833008
9000000.00028676,-76.5700912475586
9000000.00028677,-76.9891510009766
9000000.00028677,-77.3539047241211
9000000.00028678,-77.6521530151367
9000000.00028678,-77.8716812133789
9000000.00028679,-78.0002746582031
9000000.00028679,-78.0257110595703
9000000.0002868,-77.9331130981445
9000000.0002868,-77.7147827148438
9000000.00028681,-77.3858871459961
9000000.00028681,-76.962760925293
9000000.00028682,-76.4617767333984
9000000.00028682,-75.8992691040039
9000000.00028683,-75.2915954589844
9000000.00028683,-74.6550979614258
9000000.00028684,-74.0061416625977
9000000.00028684,-73.3610763549805
9000000.00028685,-72.7362442016602
9000000.00028685,-72.1479949951172
9000000.00028686,-71.6126937866211
9000000.00028686,-71.1420135498047
9000000.00028687,-70.6875305175781
9000000.00028687,-70.2338104248047
9000000.00028688,-69.7830276489258
9000000.00028688,-69.3373489379883
9000000.00028689,-68.8989486694336
9000000.00028689,-68.4700012207031
9000000.0002869,-68.0526733398438
9000000.0002869,-67.6491317749023
9000000.00028691,-67.2615585327148
9000000.00028691,-66.8921203613281
9000000.00028692,-66.5429840087891
9000000.00028692,-66.2163238525391
9000000.00028693,-65.914306640625
9000000.00028693,-65.6321029663086
9000000.00028694,-65.3640213012695
9000000.00028694,-65.1109390258789
9000000.00028695,-64.8737487792969
9000000.00028695,-64.6533279418945
9000000.00028696,-64.450569152832
9000000.00028696,-64.2663650512695
9000000.00028697,-64.1015853881836
9000000.00028697,-63.9571228027344
9000000.00028698,-63.8338623046875
9000000.00028698,-63.7326927185059
9000000.00028699,-63.6544952392578
9000000.00028699,-63.600154876709
9000000.000287,-63.5701179504395
9000000.000287,-63.5631713867188
9000000.00028701,-63.5787315368652
9000000.00028701,-63.6162910461426
9000000.00028702,-63.675350189209
9000000.00028702,-63.7553977966309
9000000.00028703,-63.8559341430664
9000000.00028703,-63.9764556884766
9000000.00028704,-64.116455078125
9000000.00028704,-64.2754287719727
9000000.00028705,-64.452880859375
9000000.00028705,-64.6482925415039
9000000.00028706,-64.8611679077148
9000000.00028706,-65.0929565429688
9000000.00028707,-65.3664703369141
9000000.00028707,-65.6824493408203
9000000.00028708,-66.0333099365234
9000000.00028708,-66.4114685058594
9000000.00028709,-66.8093338012695
9000000.00028709,-67.2193145751953
9000000.0002871,-67.6338272094727
9000000.0002871,-68.045280456543
9000000.00028711,-68.4460906982422
9000000.00028711,-68.8286590576172
9000000.00028712,-69.185417175293
9000000.00028712,-69.5087585449219
9000000.00028713,-69.7910995483398
9000000.00028713,-70.0444030761719
9000000.00028714,-70.2852401733398
9000000.00028714,-70.5129165649414
9000000.00028715,-70.7267227172852
9000000.00028715,-70.9259872436523
9000000.00028716,-71.109992980957
9000000.00028716,-71.2780685424805
9000000.00028717,-71.4294967651367
9000000.00028717,-71.563606262207
9000000.00028718,-71.6796875
9000000.00028718,-71.7770538330078
9000000.00028719,-71.8550109863281
9000000.00028719,-71.9128646850586
9000000.0002872,-71.9477996826172
9000000.0002872,-71.953971862793
9000000.00028721,-71.9338150024414
9000000.00028721,-71.8903350830078
9000000.00028722,-71.8265609741211
9000000.00028722,-71.7455139160156
9000000.00028723,-71.6502075195313
9000000.00028723,-71.5436782836914
9000000.00028724,-71.4289321899414
9000000.00028724,-71.3089981079102
9000000.00028725,-71.186897277832
9000000.00028725,-71.0656433105469
9000000.00028726,-70.9482650756836
9000000.00028726,-70.8364944458008
9000000.00028727,-70.7163162231445
9000000.00028727,-70.5848083496094
9000000.00028728,-70.4441757202148
9000000.00028728,-70.2965927124023
9000000.00028729,-70.1442413330078
9000000.00028729,-69.9893188476563
9000000.0002873,-69.8340148925781
9000000.0002873,-69.6805038452148
9000000.00028731,-69.5309753417969
9000000.00028731,-69.3876266479492
9000000.00028732,-69.2526321411133
9000000.00028732,-69.1281890869141
9000000.00028733,-69.016471862793
9000000.00028733,-68.9132232666016
9000000.00028734,-68.813102722168
9000000.00028734,-68.7167053222656
9000000.00028735,-68.6246490478516
9000000.00028735,-68.5375289916992
9000000.00028736,-68.455940246582
9000000.00028736,-68.380485534668
9000000.00028737,-68.311767578125
9000000.00028737,-68.2503814697266
9000000.00028738,-68.1969375610352
9000000.00028738,-68.1520385742188
9000000.00028739,-68.1162719726563
9000000.00028739,-68.0902481079102
9000000.0002874,-68.0742797851563
9000000.0002874,-68.0675811767578
9000000.00028741,-68.0697555541992
9000000.00028741,-68.080436706543
9000000.00028742,-68.0992736816406
9000000.00028742,-68.1258926391602
9000000.00028743,-68.1599502563477
9000000.00028743,-68.2010803222656
9000000.00028744,-68.2489318847656
9000000.00028744,-68.3031387329102
9000000.00028745,-68.3633499145508
9000000.00028745,-68.4292068481445
9000000.00028746,-68.5003433227539
9000000.00028746,-68.5762786865234
9000000.00028747,-68.6553497314453
9000000.00028747,-68.7378692626953
9000000.00028748,-68.8247451782227
9000000.00028748,-68.9168930053711
9000000.00028749,-69.0152130126953
9000000.00028749,-69.1206207275391
9000000.0002875,-69.2340316772461
9000000.0002875,-69.3563537597656
9000000.00028751,-69.4885025024414
9000000.00028751,-69.6313934326172
9000000.00028752,-69.7859268188477
9000000.00028752,-69.9530181884766
9000000.00028753,-70.1335754394531
9000000.00028753,-70.330810546875
9000000.00028754,-70.5458526611328
9000000.00028754,-70.7765350341797
9000000.00028755,-71.0206909179688
9000000.00028755,-71.2761383056641
9000000.00028756,-71.5407104492188
9000000.00028756,-71.8122329711914
9000000.00028757,-72.0885391235352
9000000.00028757,-72.3674545288086
9000000.00028758,-72.6468048095703
9000000.00028758,-72.9244155883789
9000000.00028759,-73.198127746582
9000000.00028759,-73.4657516479492
9000000.0002876,-73.7398071289063
9000000.0002876,-74.0606689453125
9000000.00028761,-74.4189834594727
9000000.00028761,-74.801513671875
9000000.00028762,-75.1950149536133
9000000.00028762,-75.5862579345703
9000000.00028763,-75.9619903564453
9000000.00028763,-76.3089904785156
9000000.00028764,-76.6140060424805
9000000.00028764,-76.8638153076172
9000000.00028765,-77.0451583862305
9000000.00028765,-77.1448211669922
9000000.00028766,-77.1495513916016
9000000.00028766,-77.0453262329102
9000000.00028767,-76.8177642822266
9000000.00028767,-76.4786376953125
9000000.00028768,-76.0451202392578
9000000.00028768,-75.5343704223633
9000000.00028769,-74.9635543823242
9000000.00028769,-74.3498458862305
9000000.0002877,-73.7103958129883
9000000.0002877,-73.0623779296875
9000000.00028771,-72.4229583740234
9000000.00028771,-71.8092956542969
9000000.00028772,-71.2385635375977
9000000.00028772,-70.7279205322266
9000000.00028773,-70.2945251464844
9000000.00028773,-69.9115447998047
9000000.00028774,-69.5416488647461
9000000.00028774,-69.1863021850586
9000000.00028775,-68.8469696044922
9000000.00028775,-68.5251159667969
9000000.00028776,-68.2222061157227
9000000.00028776,-67.9397125244141
9000000.00028777,-67.6790924072266
9000000.00028777,-67.4418182373047
9000000.00028778,-67.2293472290039
9000000.00028778,-67.0431442260742
9000000.00028779,-66.8846740722656
9000000.00028779,-66.7554092407227
9000000.0002878,-66.6567535400391
9000000.0002878,-66.5885772705078
9000000.00028781,-66.5493774414063
9000000.00028781,-66.5375900268555
9000000.00028782,-66.5516586303711
9000000.00028782,-66.5900268554688
9000000.00028783,-66.6511306762695
9000000.00028783,-66.7334136962891
9000000.00028784,-66.835319519043
9000000.00028784,-66.9552841186523
9000000.00028785,-67.0917663574219
9000000.00028785,-67.2431869506836
9000000.00028786,-67.4080047607422
9000000.00028786,-67.58642578125
9000000.00028787,-67.7986297607422
9000000.00028787,-68.0463104248047
9000000.00028788,-68.3237457275391
9000000.00028788,-68.6252365112305
9000000.00028789,-68.9450836181641
9000000.00028789,-69.2775802612305
9000000.0002879,-69.6170196533203
9000000.0002879,-69.9576950073242
9000000.00028791,-70.2938995361328
9000000.00028791,-70.6199417114258
9000000.00028792,-70.9300994873047
9000000.00028792,-71.2186813354492
9000000.00028793,-71.47998046875
9000000.00028793,-71.7290954589844
9000000.00028794,-71.9825897216797
9000000.00028794,-72.2369918823242
9000000.00028795,-72.4887924194336
9000000.00028795,-72.7345123291016
9000000.00028796,-72.9706649780273
9000000.00028796,-73.1937408447266
9000000.00028797,-73.400260925293
9000000.00028797,-73.5867385864258
9000000.00028798,-73.7496795654297
9000000.00028798,-73.8855895996094
9000000.00028799,-73.9909744262695
9000000.00028799,-74.0623474121094
9000000.000288,-74.0963134765625
9000000.000288,-74.0929946899414
9000000.00028801,-74.0560607910156
9000000.00028801,-73.9892730712891
9000000.00028802,-73.8964004516602
9000000.00028802,-73.7812194824219
9000000.00028803,-73.6474914550781
9000000.00028803,-73.4989929199219
9000000.00028804,-73.339485168457
9000000.00028804,-73.172737121582
9000000.00028805,-73.0025253295898
9000000.00028805,-72.8326187133789
9000000.00028806,-72.6667785644531
9000000.00028806,-72.5074615478516
9000000.00028807,-72.3407363891602
9000000.00028807,-72.1630096435547
9000000.00028808,-71.9757614135742
9000000.00028808,-71.7804641723633
9000000.00028809,-71.5786056518555
9000000.00028809,-71.3716583251953
9000000.0002881,-71.1611099243164
9000000.0002881,-70.9484405517578
9000000.00028811,-70.7351226806641
9000000.00028811,-70.5226440429688
9000000.00028812,-70.3124771118164
9000000.00028812,-70.1061096191406
9000000.00028813,-69.9050140380859
9000000.00028813,-69.7030029296875
9000000.00028814,-69.494255065918
9000000.00028814,-69.28076171875
9000000.00028815,-69.0645523071289
9000000.00028815,-68.8476181030273
9000000.00028816,-68.6319808959961
9000000.00028816,-68.4196548461914
9000000.00028817,-68.2126388549805
9000000.00028817,-68.0129470825195
9000000.00028818,-67.8225860595703
9000000.00028818,-67.6435775756836
9000000.00028819,-67.4779205322266
9000000.00028819,-67.3276214599609
9000000.0002882,-67.1904754638672
9000000.0002882,-67.0548400878906
9000000.00028821,-66.9219436645508
9000000.00028821,-66.7940902709961
9000000.00028822,-66.6735687255859
9000000.00028822,-66.5626602172852
9000000.00028823,-66.4636688232422
9000000.00028823,-66.3788833618164
9000000.00028824,-66.3105926513672
9000000.00028824,-66.2610931396484
9000000.00028825,-66.2326736450195
9000000.00028825,-66.2276229858398
9000000.00028826,-66.2482299804688
9000000.00028826,-66.2969512939453
9000000.00028827,-66.3763580322266
9000000.00028827,-66.4844284057617
9000000.00028828,-66.6181488037109
9000000.00028828,-66.7745132446289
9000000.00028829,-66.9505081176758
9000000.00028829,-67.1431274414063
9000000.0002883,-67.3493576049805
9000000.0002883,-67.5661926269531
9000000.00028831,-67.7906265258789
9000000.00028831,-68.019645690918
9000000.00028832,-68.2502365112305
9000000.00028832,-68.4794006347656
9000000.00028833,-68.7041244506836
9000000.00028833,-68.9447555541992
9000000.00028834,-69.2184066772461
9000000.00028834,-69.5171966552734
9000000.00028835,-69.8332824707031
9000000.00028835,-70.1587829589844
9000000.00028836,-70.48583984375
9000000.00028836,-70.8065872192383
9000000.00028837,-71.113151550293
9000000.00028837,-71.3976821899414
9000000.00028838,-71.6522979736328
9000000.00028838,-71.8691482543945
9000000.00028839,-72.0403594970703
9000000.00028839,-72.1580657958984
9000000.0002884,-72.2169647216797
9000000.0002884,-72.2239074707031
9000000.00028841,-72.1852493286133
9000000.00028841,-72.1069564819336
9000000.00028842,-71.994987487793
9000000.00028842,-71.8553085327148
9000000.00028843,-71.6938934326172
9000000.00028843,-71.5167007446289
9000000.00028844,-71.3296890258789
9000000.00028844,-71.1388320922852
9000000.00028845,-70.9500961303711
9000000.00028845,-70.7694396972656
9000000.00028846,-70.6028366088867
9000000.00028846,-70.4542846679688
9000000.00028847,-70.303108215332
9000000.00028847,-70.1436309814453
9000000.00028848,-69.9777221679688
9000000.00028848,-69.8072204589844
9000000.00028849,-69.6339950561523
9000000.00028849,-69.4598999023438
9000000.0002885,-69.2867889404297
9000000.0002885,-69.1165084838867
9000000.00028851,-68.950927734375
9000000.00028851,-68.7919006347656
9000000.00028852,-68.6412734985352
9000000.00028852,-68.5009155273438
9000000.00028853,-68.372673034668
9000000.00028853,-68.255012512207
9000000.00028854,-68.1448364257813
9000000.00028854,-68.041633605957
9000000.00028855,-67.9448928833008
9000000.00028855,-67.8541030883789
9000000.00028856,-67.7687530517578
9000000.00028856,-67.6883392333984
9000000.00028857,-67.6123428344727
9000000.00028857,-67.5402679443359
9000000.00028858,-67.4715881347656
9000000.00028858,-67.4058074951172
9000000.00028859,-67.342414855957
9000000.00028859,-67.280891418457
9000000.0002886,-67.2198028564453
9000000.0002886,-67.1565933227539
9000000.00028861,-67.0925369262695
9000000.00028861,-67.0291748046875
9000000.00028862,-66.9680786132813
9000000.00028862,-66.9107818603516
9000000.00028863,-66.8588409423828
9000000.00028863,-66.8138046264648
9000000.00028864,-66.7772216796875
9000000.00028864,-66.7506484985352
9000000.00028865,-66.7356338500977
9000000.00028865,-66.7337341308594
9000000.00028866,-66.7464828491211
9000000.00028866,-66.774055480957
9000000.00028867,-66.8006820678711
9000000.00028867,-66.8247528076172
9000000.00028868,-66.8504257202148
9000000.00028868,-66.8818435668945
9000000.00028869,-66.9231491088867
9000000.00028869,-66.9784851074219
9000000.0002887,-67.0520172119141
9000000.0002887,-67.1478805541992
9000000.00028871,-67.2702255249023
9000000.00028871,-67.4231948852539
9000000.00028872,-67.6109466552734
9000000.00028872,-67.8376159667969
9000000.00028873,-68.1073608398438
9000000.00028873,-68.444221496582
9000000.00028874,-68.8598327636719
9000000.00028874,-69.3396835327148
9000000.00028875,-69.869270324707
9000000.00028875,-70.43408203125
9000000.00028876,-71.0196304321289
9000000.00028876,-71.6113967895508
9000000.00028877,-72.1948776245117
9000000.00028877,-72.7555847167969
9000000.00028878,-73.2789993286133
9000000.00028878,-73.750617980957
9000000.00028879,-74.1559448242188
9000000.00028879,-74.48046875
9000000.0002888,-74.7246856689453
9000000.0002888,-74.929557800293
9000000.00028881,-75.0986175537109
9000000.00028881,-75.2319030761719
9000000.00028882,-75.329475402832
9000000.00028882,-75.3913879394531
9000000.00028883,-75.4176788330078
9000000.00028883,-75.4084091186523
9000000.00028884,-75.3636245727539
9000000.00028884,-75.2833709716797
9000000.00028885,-75.1677017211914
9000000.00028885,-75.0166778564453
9000000.00028886,-74.8303298950195
9000000.00028886,-74.6059265136719
9000000.00028887,-74.3105697631836
9000000.00028887,-73.9437789916992
9000000.00028888,-73.5171127319336
9000000.00028888,-73.0421524047852
9000000.00028889,-72.5304489135742
9000000.00028889,-71.9935760498047
9000000.0002889,-71.4430923461914
9000000.0002889,-70.8905639648438
9000000.00028891,-70.3475570678711
9000000.00028891,-69.8256378173828
9000000.00028892,-69.3363571166992
9000000.00028892,-68.8913040161133
9000000.00028893,-68.5020217895508
9000000.00028893,-68.1497955322266
9000000.00028894,-67.8090591430664
9000000.00028894,-67.4811019897461
9000000.00028895,-67.1672286987305
9000000.00028895,-66.8687210083008
9000000.00028896,-66.5868759155273
9000000.00028896,-66.3229827880859
9000000.00028897,-66.0783538818359
9000000.00028897,-65.8542633056641
9000000.00028898,-65.6520080566406
9000000.00028898,-65.4728927612305
9000000.00028899,-65.3181991577148
9000000.00028899,-65.1892318725586
9000000.000289,-65.0850982666016
9000000.000289,-64.9998397827148
9000000.00028901,-64.9338150024414
9000000.00028901,-64.8879013061523
9000000.00028902,-64.8629913330078
9000000.00028902,-64.859977722168
9000000.00028903,-64.8797454833984
9000000.00028903,-64.9231796264648
9000000.00028904,-64.9911727905273
9000000.00028904,-65.0846176147461
9000000.00028905,-65.2043914794922
9000000.00028905,-65.3513870239258
9000000.00028906,-65.5264892578125
9000000.00028906,-65.7318267822266
9000000.00028907,-65.9822692871094
9000000.00028907,-66.2772064208984
9000000.00028908,-66.6105804443359
9000000.00028908,-66.9763259887695
9000000.00028909,-67.3683853149414
9000000.00028909,-67.7807083129883
9000000.0002891,-68.2072296142578
9000000.0002891,-68.6418838500977
9000000.00028911,-69.0786209106445
9000000.00028911,-69.5113830566406
9000000.00028912,-69.9341049194336
9000000.00028912,-70.3407287597656
9000000.00028913,-70.7252044677734
9000000.00028913,-71.1141204833984
9000000.00028914,-71.5322418212891
9000000.00028914,-71.970703125
9000000.00028915,-72.4206619262695
9000000.00028915,-72.8732681274414
9000000.00028916,-73.3196716308594
9000000.00028916,-73.7510223388672
9000000.00028917,-74.1584777832031
9000000.00028917,-74.5331802368164
9000000.00028918,-74.8662796020508
9000000.00028918,-75.1489334106445
9000000.00028919,-75.3722839355469
9000000.00028919,-75.5274887084961
9000000.0002892,-75.6058883666992
9000000.0002892,-75.6077880859375
9000000.00028921,-75.5424728393555
9000000.00028921,-75.4195175170898
9000000.00028922,-75.2484970092773
9000000.00028922,-75.0389862060547
9000000.00028923,-74.8005599975586
9000000.00028923,-74.5428009033203
9000000.00028924,-74.2752838134766
9000000.00028924,-74.0075759887695
9000000.00028925,-73.7492599487305
9000000.00028925,-73.5099105834961
9000000.00028926,-73.2991027832031
9000000.00028926,-73.1238327026367
9000000.00028927,-72.9573669433594
9000000.00028927,-72.7907104492188
9000000.00028928,-72.6245498657227
9000000.00028928,-72.4595642089844
9000000.00028929,-72.2964401245117
9000000.00028929,-72.1358795166016
9000000.0002893,-71.9785537719727
9000000.0002893,-71.8251571655273
9000000.00028931,-71.676383972168
9000000.00028931,-71.5329055786133
9000000.00028932,-71.3954238891602
9000000.00028932,-71.2646179199219
9000000.00028933,-71.1411743164063
9000000.00028933,-71.0220184326172
9000000.00028934,-70.9043045043945
9000000.00028934,-70.7890625
9000000.00028935,-70.6773300170898
9000000.00028935,-70.5701293945313
9000000.00028936,-70.4684982299805
9000000.00028936,-70.3734817504883
9000000.00028937,-70.2860946655273
9000000.00028937,-70.207389831543
9000000.00028938,-70.1383819580078
9000000.00028938,-70.0801162719727
9000000.00028939,-70.0336227416992
9000000.00028939,-69.9999389648438
9000000.0002894,-69.976806640625
9000000.0002894,-69.9552154541016
9000000.00028941,-69.9366683959961
9000000.00028941,-69.9235229492188
9000000.00028942,-69.9181365966797
9000000.00028942,-69.9228591918945
9000000.00028943,-69.9400634765625
9000000.00028943,-69.9720840454102
9000000.00028944,-70.0212936401367
9000000.00028944,-70.0900344848633
9000000.00028945,-70.1806793212891
9000000.00028945,-70.2955703735352
9000000.00028946,-70.4370727539063
9000000.00028946,-70.6087265014648
9000000.00028947,-70.8255310058594
9000000.00028947,-71.0855407714844
9000000.00028948,-71.3813247680664
9000000.00028948,-71.705436706543
9000000.00028949,-72.0504302978516
9000000.00028949,-72.4088821411133
9000000.0002895,-72.7733383178711
9000000.0002895,-73.1363677978516
9000000.00028951,-73.4905166625977
9000000.00028951,-73.8283615112305
9000000.00028952,-74.142448425293
9000000.00028952,-74.4253463745117
9000000.00028953,-74.6696090698242
9000000.00028953,-74.8906631469727
9000000.00028954,-75.1072463989258
9000000.00028954,-75.3168869018555
9000000.00028955,-75.5170974731445
9000000.00028955,-75.7053985595703
9000000.00028956,-75.8793258666992
9000000.00028956,-76.0363922119141
9000000.00028957,-76.1741180419922
9000000.00028957,-76.2900238037109
9000000.00028958,-76.3816375732422
9000000.00028958,-76.4464874267578
9000000.00028959,-76.4820785522461
9000000.00028959,-76.4859466552734
9000000.0002896,-76.453742980957
9000000.0002896,-76.3802871704102
9000000.00028961,-76.2696990966797
9000000.00028961,-76.1266937255859
9000000.00028962,-75.9560012817383
9000000.00028962,-75.762336730957
9000000.00028963,-75.5504302978516
9000000.00028963,-75.3249893188477
9000000.00028964,-75.0907440185547
9000000.00028964,-74.852424621582
9000000.00028965,-74.6147308349609
9000000.00028965,-74.3824005126953
9000000.00028966,-74.16015625
9000000.00028966,-73.9509582519531
9000000.00028967,-73.7360153198242
9000000.00028967,-73.5108261108398
9000000.00028968,-73.277702331543
9000000.00028968,-73.0389633178711
9000000.00028969,-72.7969284057617
9000000.00028969,-72.5539245605469
9000000.0002897,-72.3122711181641
9000000.0002897,-72.0742874145508
9000000.00028971,-71.8422927856445
9000000.00028971,-71.6186141967773
9000000.00028972,-71.4055633544922
9000000.00028972,-71.2054672241211
9000000.00028973,-71.0206451416016
9000000.00028973,-70.8451385498047
9000000.00028974,-70.6723327636719
9000000.00028974,-70.5035552978516
9000000.00028975,-70.3401336669922
9000000.00028975,-70.1834030151367
9000000.00028976,-70.0346832275391
9000000.00028976,-69.8953247070313
9000000.00028977,-69.7666397094727
9000000.00028977,-69.6499633789063
9000000.00028978,-69.546630859375
9000000.00028978,-69.4579620361328
9000000.00028979,-69.3852920532227
9000000.00028979,-69.3299560546875
9000000.0002898,-69.2907409667969
9000000.0002898,-69.2606811523438
9000000.00028981,-69.2403793334961
9000000.00028981,-69.2310638427734
9000000.00028982,-69.2339859008789
9000000.00028982,-69.250373840332
9000000.00028983,-69.2814636230469
9000000.00028983,-69.3284912109375
9000000.00028984,-69.392692565918
9000000.00028984,-69.4753112792969
9000000.00028985,-69.5775680541992
9000000.00028985,-69.7007141113281
9000000.00028986,-69.8459777832031
9000000.00028986,-70.0116271972656
9000000.00028987,-70.1631927490234
9000000.00028987,-70.2990951538086
9000000.00028988,-70.4303741455078
9000000.00028988,-70.5680770874023
9000000.00028989,-70.7232437133789
9000000.00028989,-70.9069061279297
9000000.0002899,-71.1301040649414
9000000.0002899,-71.4038772583008
9000000.00028991,-71.7392654418945
9000000.00028991,-72.1473159790039
9000000.00028992,-72.6390533447266
9000000.00028992,-73.2255249023438
9000000.00028993,-73.9177627563477
9000000.00028993,-74.8081741333008
9000000.00028994,-75.9468307495117
9000000.00028994,-77.2813491821289
9000000.00028995,-78.7593078613281
9000000.00028995,-80.3283081054688
9000000.00028996,-81.9359436035156
9000000.00028996,-83.5298004150391
9000000.00028997,-85.057487487793
9000000.00028997,-86.4665832519531
9000000.00028998,-87.7046966552734
9000000.00028998,-88.7194137573242
9000000.00028999,-89.4583282470703
9000000.00028999,-89.8690414428711
9000000.00029,-89.9127578735352
9000000.00029,-89.6257095336914
9000000.00029001,-89.0529403686523
9000000.00029001,-88.2378311157227
9000000.00029002,-87.2238082885742
9000000.00029002,-86.0542602539063
9000000.00029003,-84.772590637207
9000000.00029003,-83.4222106933594
9000000.00029004,-82.046516418457
9000000.00029004,-80.6889114379883
9000000.00029005,-79.3927993774414
9000000.00029005,-78.2015838623047
9000000.00029006,-77.1586685180664
9000000.00029006,-76.2965927124023
9000000.00029007,-75.5045318603516
9000000.00029007,-74.7417984008789
9000000.00029008,-74.0078735351563
9000000.00029008,-73.30224609375
9000000.00029009,-72.6244049072266
9000000.00029009,-71.9738540649414
9000000.0002901,-71.3500747680664
9000000.0002901,-70.7525634765625
9000000.00029011,-70.1808013916016
9000000.00029011,-69.6342926025391
9000000.00029012,-69.1125259399414
9000000.00029012,-68.6149826049805
9000000.00029013,-68.1411666870117
9000000.00029013,-67.6932525634766
9000000.00029014,-67.2733001708984
9000000.00029014,-66.8805847167969
9000000.00029015,-66.5143814086914
9000000.00029015,-66.1739807128906
9000000.00029016,-65.858642578125
9000000.00029016,-65.5676651000977
9000000.00029017,-65.3003082275391
9000000.00029017,-65.0558700561523
9000000.00029018,-64.833625793457
9000000.00029018,-64.6328430175781
9000000.00029019,-64.4528121948242
9000000.00029019,-64.2928085327148
9000000.0002902,-64.1517486572266
9000000.0002902,-64.0286407470703
9000000.00029021,-63.9245414733887
9000000.00029021,-63.8406143188477
9000000.00029022,-63.7780418395996
9000000.00029022,-63.7380027770996
9000000.00029023,-63.7216682434082
9000000.00029023,-63.730224609375
9000000.00029024,-63.764835357666
9000000.00029024,-63.8266906738281
9000000.00029025,-63.9169540405273
9000000.00029025,-64.0368118286133
9000000.00029026,-64.1874389648438
9000000.00029026,-64.3700103759766
9000000.00029027,-64.5849456787109
9000000.00029027,-64.8311996459961
9000000.00029028,-65.1075439453125
9000000.00029028,-65.4127426147461
9000000.00029029,-65.7455825805664
9000000.00029029,-66.1048278808594
9000000.0002903,-66.4892654418945
9000000.0002903,-66.8976516723633
9000000.00029031,-67.3287734985352
9000000.00029031,-67.7814025878906
9000000.00029032,-68.2543106079102
9000000.00029032,-68.7462768554688
9000000.00029033,-69.2560653686523
9000000.00029033,-69.834098815918
9000000.00029034,-70.5158081054688
9000000.00029034,-71.2775039672852
9000000.00029035,-72.0954818725586
9000000.00029035,-72.9460372924805
9000000.00029036,-73.8054885864258
9000000.00029036,-74.6501159667969
9000000.00029037,-75.4562377929688
9000000.00029037,-76.2001419067383
9000000.00029038,-76.8581466674805
9000000.00029038,-77.4065322875977
9000000.00029039,-77.8216247558594
9000000.00029039,-78.079704284668
9000000.0002904,-78.1610565185547
9000000.0002904,-78.0760345458984
9000000.00029041,-77.8467407226563
9000000.00029041,-77.4951400756836
9000000.00029042,-77.0431747436523
9000000.00029042,-76.5128173828125
9000000.00029043,-75.926025390625
9000000.00029043,-75.3047485351563
9000000.00029044,-74.6709594726563
9000000.00029044,-74.0466003417969
9000000.00029045,-73.4536361694336
9000000.00029045,-72.9140243530273
9000000.00029046,-72.4497222900391
9000000.00029046,-72.077392578125
9000000.00029047,-71.7433319091797
9000000.00029047,-71.4269714355469
9000000.00029048,-71.1272201538086
9000000.00029048,-70.8430023193359
9000000.00029049,-70.5732192993164
9000000.00029049,-70.316780090332
9000000.0002905,-70.0726013183594
9000000.0002905,-69.839599609375
9000000.00029051,-69.6166839599609
9000000.00029051,-69.4027557373047
9000000.00029052,-69.1967391967773
9000000.00029052,-68.9975433349609
9000000.00029053,-68.8040771484375
9000000.00029053,-68.6184158325195
9000000.00029054,-68.4431915283203
9000000.00029054,-68.2781066894531
9000000.00029055,-68.1229095458984
9000000.00029055,-67.9773101806641
9000000.00029056,-67.8410339355469
9000000.00029056,-67.7138137817383
9000000.00029057,-67.5953674316406
9000000.00029057,-67.4854202270508
9000000.00029058,-67.3836975097656
9000000.00029058,-67.289924621582
9000000.00029059,-67.2038269042969
9000000.00029059,-67.125129699707
9000000.0002906,-67.0502853393555
9000000.0002906,-66.9702682495117
9000000.00029061,-66.8879699707031
9000000.00029061,-66.8071899414063
9000000.00029062,-66.7317123413086
9000000.00029062,-66.6653366088867
9000000.00029063,-66.6118545532227
9000000.00029063,-66.5750503540039
9000000.00029064,-66.5587158203125
9000000.00029064,-66.5666427612305
9000000.00029065,-66.6026306152344
9000000.00029065,-66.6704635620117
9000000.00029066,-66.7739334106445
9000000.00029066,-66.9161529541016
9000000.00029067,-67.0906448364258
9000000.00029067,-67.2938995361328
9000000.00029068,-67.5247421264648
9000000.00029068,-67.7819976806641
9000000.00029069,-68.0644836425781
9000000.00029069,-68.3710327148438
9000000.0002907,-68.7004699707031
9000000.0002907,-69.0516204833984
9000000.00029071,-69.4233093261719
9000000.00029071,-69.8143615722656
9000000.00029072,-70.2235946655273
9000000.00029072,-70.6498489379883
9000000.00029073,-71.0919342041016
9000000.00029073,-71.5983505249023
9000000.00029074,-72.2031631469727
9000000.00029074,-72.8835754394531
9000000.00029075,-73.6167984008789
9000000.00029075,-74.3800430297852
9000000.00029076,-75.150505065918
9000000.00029076,-75.9053955078125
9000000.00029077,-76.6219177246094
9000000.00029077,-77.2772750854492
9000000.00029078,-77.8486785888672
9000000.00029078,-78.3133316040039
9000000.00029079,-78.6484375
9000000.00029079,-78.8312072753906
9000000.0002908,-78.8430786132813
9000000.0002908,-78.695182800293
9000000.00029081,-78.4084320068359
9000000.00029081,-78.0035095214844
9000000.00029082,-77.5010833740234
9000000.00029082,-76.9218292236328
9000000.00029083,-76.2864227294922
9000000.00029083,-75.6155242919922
9000000.00029084,-74.929817199707
9000000.00029084,-74.2499694824219
9000000.00029085,-73.5966567993164
9000000.00029085,-72.9905471801758
9000000.00029086,-72.4523239135742
9000000.00029086,-71.9971008300781
9000000.00029087,-71.5677032470703
9000000.00029087,-71.1446838378906
9000000.00029088,-70.7293548583984
9000000.00029088,-70.3230285644531
9000000.00029089,-69.9270172119141
9000000.00029089,-69.5426177978516
9000000.0002909,-69.171142578125
9000000.0002909,-68.8139114379883
9000000.00029091,-68.4722290039063
9000000.00029091,-68.1473999023438
9000000.00029092,-67.8407440185547
9000000.00029092,-67.5535659790039
9000000.00029093,-67.2871704101563
9000000.00029093,-67.0386276245117
9000000.00029094,-66.8044967651367
9000000.00029094,-66.585319519043
9000000.00029095,-66.3816375732422
9000000.00029095,-66.1939926147461
9000000.00029096,-66.0229187011719
9000000.00029096,-65.8689651489258
9000000.00029097,-65.7326736450195
9000000.00029097,-65.6145782470703
9000000.00029098,-65.5152282714844
9000000.00029098,-65.4351577758789
9000000.00029099,-65.3749084472656
9000000.00029099,-65.3350296020508
9000000.000291,-65.3177871704102
9000000.000291,-65.3279724121094
9000000.00029101,-65.3636169433594
9000000.00029101,-65.4222869873047
9000000.00029102,-65.5015411376953
9000000.00029102,-65.5989303588867
9000000.00029103,-65.7120132446289
9000000.00029103,-65.8383560180664
9000000.00029104,-65.9755096435547
9000000.00029104,-66.1210250854492
9000000.00029105,-66.2724761962891
9000000.00029105,-66.4274063110352
9000000.00029106,-66.5833740234375
9000000.00029106,-66.7398300170898
9000000.00029107,-66.9180145263672
9000000.00029107,-67.1204223632813
9000000.00029108,-67.3417816162109
9000000.00029108,-67.5768127441406
9000000.00029109,-67.8202590942383
9000000.00029109,-68.0668487548828
9000000.0002911,-68.3113174438477
9000000.0002911,-68.5483779907227
9000000.00029111,-68.7727813720703
9000000.00029111,-68.9792404174805
9000000.00029112,-69.1624984741211
9000000.00029112,-69.3172836303711
9000000.00029113,-69.4383239746094
9000000.00029113,-69.5299835205078
9000000.00029114,-69.6010818481445
9000000.00029114,-69.6530609130859
9000000.00029115,-69.687370300293
9000000.00029115,-69.7054443359375
9000000.00029116,-69.7087326049805
9000000.00029116,-69.6986618041992
9000000.00029117,-69.6766738891602
9000000.00029117,-69.6442260742188
9000000.00029118,-69.6027374267578
9000000.00029118,-69.5536727905273
9000000.00029119,-69.4984512329102
9000000.00029119,-69.4385223388672
9000000.0002912,-69.3731384277344
9000000.0002912,-69.2962875366211
9000000.00029121,-69.2081832885742
9000000.00029121,-69.1095733642578
9000000.00029122,-69.0011901855469
9000000.00029122,-68.8837890625
9000000.00029123,-68.7580947875977
9000000.00029123,-68.624870300293
9000000.00029124,-68.4848480224609
9000000.00029124,-68.3387756347656
9000000.00029125,-68.1873931884766
9000000.00029125,-68.0314483642578
9000000.00029126,-67.8716812133789
9000000.00029126,-67.7079544067383
9000000.00029127,-67.5302429199219
9000000.00029127,-67.337760925293
9000000.00029128,-67.1333465576172
9000000.00029128,-66.9198760986328
9000000.00029129,-66.7001953125
9000000.00029129,-66.4771728515625
9000000.0002913,-66.253662109375
9000000.0002913,-66.0325241088867
9000000.00029131,-65.8166198730469
9000000.00029131,-65.6088104248047
9000000.00029132,-65.4119491577148
9000000.00029132,-65.2288970947266
9000000.00029133,-65.0625152587891
9000000.00029133,-64.9051971435547
9000000.00029134,-64.7486114501953
9000000.00029134,-64.5945281982422
9000000.00029135,-64.4447021484375
9000000.00029135,-64.3009185791016
9000000.00029136,-64.1649398803711
9000000.00029136,-64.0385284423828
9000000.00029137,-63.9234580993652
9000000.00029137,-63.8214950561523
9000000.00029138,-63.7344093322754
9000000.00029138,-63.6639709472656
9000000.00029139,-63.6119422912598
9000000.00029139,-63.5800933837891
9000000.0002914,-63.5679626464844
9000000.0002914,-63.5694313049316
9000000.00029141,-63.5843925476074
9000000.00029141,-63.6132774353027
9000000.00029142,-63.6565093994141
9000000.00029142,-63.7145156860352
9000000.00029143,-63.7877235412598
9000000.00029143,-63.8765602111816
9000000.00029144,-63.9814491271973
9000000.00029144,-64.1028289794922
9000000.00029145,-64.2411117553711
9000000.00029145,-64.396728515625
9000000.00029146,-64.5701141357422
9000000.00029146,-64.7623825073242
9000000.00029147,-64.98193359375
9000000.00029147,-65.2284698486328
9000000.00029148,-65.4986572265625
9000000.00029148,-65.7891387939453
9000000.00029149,-66.0965728759766
9000000.00029149,-66.4176025390625
9000000.0002915,-66.748893737793
9000000.0002915,-67.0870819091797
9000000.00029151,-67.428825378418
9000000.00029151,-67.7707824707031
9000000.00029152,-68.1095886230469
9000000.00029152,-68.4419097900391
9000000.00029153,-68.7643890380859
9000000.00029153,-69.099479675293
9000000.00029154,-69.4660720825195
9000000.00029154,-69.8555221557617
9000000.00029155,-70.2591705322266
9000000.00029155,-70.6683578491211
9000000.00029156,-71.0744400024414
9000000.00029156,-71.4687423706055
9000000.00029157,-71.8426208496094
9000000.00029157,-72.1874237060547
9000000.00029158,-72.4944839477539
9000000.00029158,-72.7551498413086
9000000.00029159,-72.9607620239258
9000000.00029159,-73.1026763916016
9000000.0002916,-73.1755142211914
9000000.0002916,-73.1881484985352
9000000.00029161,-73.1471862792969
9000000.00029161,-73.0586853027344
9000000.00029162,-72.9286880493164
9000000.00029162,-72.7632675170898
9000000.00029163,-72.5684661865234
9000000.00029163,-72.3503494262695
9000000.00029164,-72.1149749755859
9000000.00029164,-71.8683929443359
9000000.00029165,-71.6166610717773
9000000.00029165,-71.365837097168
9000000.00029166,-71.1219787597656
9000000.00029166,-70.8885269165039
9000000.00029167,-70.6372222900391
9000000.00029167,-70.3622131347656
9000000.00029168,-70.0679473876953
9000000.00029168,-69.7588729858398
9000000.00029169,-69.4394454956055
9000000.00029169,-69.1141128540039
9000000.0002917,-68.7873306274414
9000000.0002917,-68.4635467529297
9000000.00029171,-68.1472091674805
9000000.00029171,-67.8427734375
9000000.00029172,-67.5546875
9000000.00029172,-67.2874069213867
9000000.00029173,-67.0453720092773
9000000.00029173,-66.8188705444336
9000000.00029174,-66.5963668823242
9000000.00029174,-66.3795700073242
9000000.00029175,-66.1702041625977
9000000.00029175,-65.9700012207031
9000000.00029176,-65.7806777954102
9000000.00029176,-65.6039505004883
9000000.00029177,-65.4415435791016
9000000.00029177,-65.2951812744141
9000000.00029178,-65.1665802001953
9000000.00029178,-65.0574722290039
9000000.00029179,-64.9695739746094
9000000.00029179,-64.9046020507813
9000000.0002918,-64.8629150390625
9000000.0002918,-64.8407974243164
9000000.00029181,-64.8374862670898
9000000.00029181,-64.8525543212891
9000000.00029182,-64.8855438232422
9000000.00029182,-64.9360046386719
9000000.00029183,-65.0034942626953
9000000.00029183,-65.0875549316406
9000000.00029184,-65.1877593994141
9000000.00029184,-65.3036422729492
9000000.00029185,-65.4347610473633
9000000.00029185,-65.5806732177734
9000000.00029186,-65.7409286499023
9000000.00029186,-65.9164428710938
9000000.00029187,-66.1230850219727
9000000.00029187,-66.3614654541016
9000000.00029188,-66.6263961791992
9000000.00029188,-66.9126815795898
9000000.00029189,-67.2151336669922
9000000.00029189,-67.5285491943359
9000000.0002919,-67.8477478027344
9000000.0002919,-68.1675262451172
9000000.00029191,-68.4826889038086
9000000.00029191,-68.7880554199219
9000000.00029192,-69.0784225463867
9000000.00029192,-69.3486022949219
9000000.00029193,-69.5933990478516
9000000.00029193,-69.824951171875
9000000.00029194,-70.057258605957
9000000.00029194,-70.2879180908203
9000000.00029195,-70.5145492553711
9000000.00029195,-70.734748840332
9000000.00029196,-70.9461288452148
9000000.00029196,-71.1462783813477
9000000.00029197,-71.3328170776367
9000000.00029197,-71.5033416748047
9000000.00029198,-71.6554641723633
9000000.00029198,-71.7867813110352
9000000.00029199,-71.894905090332
9000000.00029199,-71.9774398803711
9000000.000292,-72.0323791503906
9000000.000292,-72.0607757568359
9000000.00029201,-72.0648574829102
9000000.00029201,-72.0468444824219
9000000.00029202,-72.0089721679688
9000000.00029202,-71.9534454345703
9000000.00029203,-71.8824996948242
9000000.00029203,-71.7983474731445
9000000.00029204,-71.7032165527344
9000000.00029204,-71.5993270874023
9000000.00029205,-71.4889068603516
9000000.00029205,-71.3741683959961
9000000.00029206,-71.2573394775391
9000000.00029206,-71.1394195556641
9000000.00029207,-71.0068283081055
9000000.00029207,-70.8573760986328
9000000.00029208,-70.6938323974609
9000000.00029208,-70.5189590454102
9000000.00029209,-70.3355178833008
9000000.00029209,-70.1462631225586
9000000.0002921,-69.9539566040039
9000000.0002921,-69.7613677978516
9000000.00029211,-69.5712585449219
9000000.00029211,-69.3863830566406
9000000.00029212,-69.2095108032227
9000000.00029212,-69.0433959960938
9000000.00029213,-68.8908004760742
9000000.00029213,-68.7449493408203
9000000.00029214,-68.5981750488281
9000000.00029214,-68.4519119262695
9000000.00029215,-68.3075866699219
9000000.00029215,-68.166633605957
9000000.00029216,-68.0304870605469
9000000.00029216,-67.9005813598633
9000000.00029217,-67.7783432006836
9000000.00029217,-67.6652069091797
9000000.00029218,-67.5626068115234
9000000.00029218,-67.4719772338867
9000000.00029219,-67.3947448730469
9000000.00029219,-67.3323516845703
9000000.0002922,-67.2827377319336
9000000.0002922,-67.2363510131836
9000000.00029221,-67.1944274902344
9000000.00029221,-67.1590957641602
9000000.00029222,-67.1324920654297
9000000.00029222,-67.1167373657227
9000000.00029223,-67.1139526367188
9000000.00029223,-67.1262741088867
9000000.00029224,-67.1558303833008
9000000.00029224,-67.2047424316406
9000000.00029225,-67.2751388549805
9000000.00029225,-67.3691482543945
9000000.00029226,-67.488899230957
9000000.00029226,-67.6362380981445
9000000.00029227,-67.8087539672852
9000000.00029227,-68.0044937133789
9000000.00029228,-68.2223587036133
9000000.00029228,-68.4612655639648
9000000.00029229,-68.7201232910156
9000000.00029229,-68.9978485107422
9000000.0002923,-69.293342590332
9000000.0002923,-69.6055221557617
9000000.00029231,-69.9332962036133
9000000.00029231,-70.2755737304688
9000000.00029232,-70.6312713623047
9000000.00029232,-70.9992980957031
9000000.00029233,-71.3785629272461
9000000.00029233,-71.8124694824219
9000000.00029234,-72.3315658569336
9000000.00029234,-72.9154739379883
9000000.00029235,-73.5438079833984
9000000.00029235,-74.1961898803711
9000000.00029236,-74.8522415161133
9000000.00029236,-75.4915771484375
9000000.00029237,-76.0938186645508
9000000.00029237,-76.6385879516602
9000000.00029238,-77.1054992675781
9000000.00029238,-77.4741821289063
9000000.00029239,-77.7242431640625
9000000.00029239,-77.8353042602539
9000000.0002924,-77.7902679443359
9000000.0002924,-77.5976257324219
9000000.00029241,-77.2765197753906
9000000.00029241,-76.8459777832031
9000000.00029242,-76.3250350952148
9000000.00029242,-75.7327270507813
9000000.00029243,-75.0881042480469
9000000.00029243,-74.4101943969727
9000000.00029244,-73.7180404663086
9000000.00029244,-73.0306701660156
9000000.00029245,-72.3671340942383
9000000.00029245,-71.7464599609375
9000000.00029246,-71.1876831054688
9000000.00029246,-70.7044906616211
9000000.00029247,-70.2412185668945
9000000.00029247,-69.7799301147461
9000000.00029248,-69.3228759765625
9000000.00029248,-68.8723373413086
9000000.00029249,-68.4305648803711
9000000.00029249,-67.9998245239258
9000000.0002925,-67.5823822021484
9000000.0002925,-67.1804885864258
9000000.00029251,-66.7964248657227
9000000.00029251,-66.4324417114258
9000000.00029252,-66.0908126831055
9000000.00029252,-65.7737884521484
9000000.00029253,-65.4836349487305
9000000.00029253,-65.2160949707031
9000000.00029254,-64.9657516479492
9000000.00029254,-64.7331619262695
9000000.00029255,-64.5188598632813
9000000.00029255,-64.3233947753906
9000000.00029256,-64.1473083496094
9000000.00029256,-63.9911499023438
9000000.00029257,-63.8554611206055
9000000.00029257,-63.7407913208008
9000000.00029258,-63.6476821899414
9000000.00029258,-63.5766792297363
9000000.00029259,-63.5283317565918
9000000.00029259,-63.5031776428223
9000000.0002926,-63.5007820129395
9000000.0002926,-63.5184516906738
9000000.00029261,-63.5563888549805
9000000.00029261,-63.6150360107422
9000000.00029262,-63.6948394775391
9000000.00029262,-63.7962417602539
9000000.00029263,-63.9196891784668
9000000.00029263,-64.0656280517578
9000000.00029264,-64.2344970703125
9000000.00029264,-64.4267425537109
9000000.00029265,-64.6428146362305
9000000.00029265,-64.8831558227539
9000000.00029266,-65.1482009887695
9000000.00029266,-65.438720703125
9000000.00029267,-65.7585678100586
9000000.00029267,-66.1073837280273
9000000.00029268,-66.4834060668945
9000000.00029268,-66.8848724365234
9000000.00029269,-67.3100051879883
9000000.00029269,-67.7570495605469
9000000.0002927,-68.2242279052734
9000000.0002927,-68.7097854614258
9000000.00029271,-69.2119522094727
9000000.00029271,-69.7289581298828
9000000.00029272,-70.2590408325195
9000000.00029272,-70.8004302978516
9000000.00029273,-71.3513641357422
9000000.00029273,-71.9547576904297
9000000.00029274,-72.6415863037109
9000000.00029274,-73.3921508789063
9000000.00029275,-74.1867752075195
9000000.00029275,-75.0057830810547
9000000.00029276,-75.829475402832
9000000.00029276,-76.6381759643555
9000000.00029277,-77.4121932983398
9000000.00029277,-78.1318511962891
9000000.00029278,-78.777458190918
9000000.00029278,-79.3293304443359
9000000.00029279,-79.7677917480469
9000000.00029279,-80.0731430053711
9000000.0002928,-80.2324066162109
9000000.0002928,-80.2635879516602
9000000.00029281,-80.1823272705078
9000000.00029281,-80.0032272338867
9000000.00029282,-79.7409057617188
9000000.00029282,-79.4099655151367
9000000.00029283,-79.0250244140625
9000000.00029283,-78.6006851196289
9000000.00029284,-78.1515579223633
9000000.00029284,-77.6922454833984
9000000.00029285,-77.2373657226563
9000000.00029285,-76.8015289306641
9000000.00029286,-76.3993377685547
9000000.00029286,-76.0403442382813
9000000.00029287,-75.6706924438477
9000000.00029287,-75.2764663696289
9000000.00029288,-74.8633499145508
9000000.00029288,-74.4369964599609
9000000.00029289,-74.0030746459961
9000000.00029289,-73.567268371582
9000000.0002929,-73.1352310180664
9000000.0002929,-72.712646484375
9000000.00029291,-72.3051681518555
9000000.00029291,-71.9184799194336
9000000.00029292,-71.5582427978516
9000000.00029292,-71.2301254272461
9000000.00029293,-70.9398040771484
9000000.00029293,-70.6806259155273
9000000.00029294,-70.4417724609375
9000000.00029294,-70.2226486206055
9000000.00029295,-70.0226516723633
9000000.00029295,-69.841178894043
9000000.00029296,-69.6776428222656
9000000.00029296,-69.5314407348633
9000000.00029297,-69.4019775390625
9000000.00029297,-69.2886428833008
9000000.00029298,-69.1908569335938
9000000.00029298,-69.1080093383789
9000000.00029299,-69.0394973754883
9000000.00029299,-68.9847412109375
9000000.000293,-68.9448852539063
9000000.000293,-68.9247741699219
9000000.00029301,-68.9236450195313
9000000.00029301,-68.9402847290039
9000000.00029302,-68.9734725952148
9000000.00029302,-69.0219955444336
9000000.00029303,-69.0846405029297
9000000.00029303,-69.1601867675781
9000000.00029304,-69.247428894043
9000000.00029304,-69.3451538085938
9000000.00029305,-69.4521331787109
9000000.00029305,-69.5671615600586
9000000.00029306,-69.6890258789063
9000000.00029306,-69.8173217773438
9000000.00029307,-69.9611892700195
9000000.00029307,-70.1218490600586
9000000.00029308,-70.2971954345703
9000000.00029308,-70.4850921630859
9000000.00029309,-70.6834335327148
9000000.00029309,-70.8900985717773
9000000.0002931,-71.1029739379883
9000000.0002931,-71.319938659668
9000000.00029311,-71.5388793945313
9000000.00029311,-71.7576751708984
9000000.00029312,-71.9742126464844
9000000.00029312,-72.1863708496094
9000000.00029313,-72.3920364379883
9000000.00029313,-72.6043319702148
9000000.00029314,-72.8344802856445
9000000.00029314,-73.0775375366211
9000000.00029315,-73.3285446166992
9000000.00029315,-73.5825576782227
9000000.00029316,-73.8346099853516
9000000.00029316,-74.0797576904297
9000000.00029317,-74.3130416870117
9000000.00029317,-74.5295181274414
9000000.00029318,-74.7242279052734
9000000.00029318,-74.8922119140625
9000000.00029319,-75.0285339355469
9000000.00029319,-75.1282272338867
9000000.0002932,-75.1888427734375
9000000.0002932,-75.2171630859375
9000000.00029321,-75.2164764404297
9000000.00029321,-75.189582824707
9000000.00029322,-75.1392974853516
9000000.00029322,-75.0684127807617
9000000.00029323,-74.9797515869141
9000000.00029323,-74.8760986328125
9000000.00029324,-74.7602767944336
9000000.00029324,-74.6350784301758
9000000.00029325,-74.5033187866211
9000000.00029325,-74.367790222168
9000000.00029326,-74.231315612793
9000000.00029326,-74.0953674316406
9000000.00029327,-73.9454879760742
9000000.00029327,-73.7789459228516
9000000.00029328,-73.5982894897461
9000000.00029328,-73.4060592651367
9000000.00029329,-73.2047958374023
9000000.00029329,-72.9970474243164
9000000.0002933,-72.7853546142578
9000000.0002933,-72.572265625
9000000.00029331,-72.3603134155273
9000000.00029331,-72.1520462036133
9000000.00029332,-71.9500045776367
9000000.00029332,-71.7567443847656
9000000.00029333,-71.5747909545898
9000000.00029333,-71.3991241455078
9000000.00029334,-71.2235107421875
9000000.00029334,-71.0486831665039
9000000.00029335,-70.875358581543
9000000.00029335,-70.7042617797852
9000000.00029336,-70.5361251831055
9000000.00029336,-70.3716735839844
9000000.00029337,-70.2116317749023
9000000.00029337,-70.0567321777344
9000000.00029338,-69.9076919555664
9000000.00029338,-69.7652435302734
9000000.00029339,-69.6301193237305
9000000.00029339,-69.5030288696289
9000000.0002934,-69.382453918457
9000000.0002934,-69.2621841430664
9000000.00029341,-69.1432342529297
9000000.00029341,-69.0272216796875
9000000.00029342,-68.9157409667969
9000000.00029342,-68.8104019165039
9000000.00029343,-68.7128067016602
9000000.00029343,-68.6245651245117
9000000.00029344,-68.5472717285156
9000000.00029344,-68.482536315918
9000000.00029345,-68.4319610595703
9000000.00029345,-68.3971633911133
9000000.00029346,-68.3797302246094
9000000.00029346,-68.3807754516602
9000000.00029347,-68.3951263427734
9000000.00029347,-68.421257019043
9000000.00029348,-68.4595336914063
9000000.00029348,-68.5103149414063
9000000.00029349,-68.573974609375
9000000.00029349,-68.6508712768555
9000000.0002935,-68.7413711547852
9000000.0002935,-68.8458404541016
9000000.00029351,-68.9646377563477
9000000.00029351,-69.0981369018555
9000000.00029352,-69.246696472168
9000000.00029352,-69.4106826782227
9000000.00029353,-69.590461730957
9000000.00029353,-69.7953262329102
9000000.00029354,-70.0311508178711
9000000.00029354,-70.2931671142578
9000000.00029355,-70.5766143798828
9000000.00029355,-70.876708984375
9000000.00029356,-71.1886901855469
9000000.00029356,-71.5077896118164
9000000.00029357,-71.8292388916016
9000000.00029357,-72.1482696533203
9000000.00029358,-72.4601058959961
9000000.00029358,-72.7599868774414
9000000.00029359,-73.0431365966797
9000000.00029359,-73.3047866821289
9000000.0002936,-73.5519790649414
9000000.0002936,-73.8171310424805
9000000.00029361,-74.0959167480469
9000000.00029361,-74.3810424804688
9000000.00029362,-74.6651916503906
9000000.00029362,-74.9410629272461
9000000.00029363,-75.2013320922852
9000000.00029363,-75.4387054443359
9000000.00029364,-75.6458587646484
9000000.00029364,-75.8154983520508
9000000.00029365,-75.9403076171875
9000000.00029365,-76.0129699707031
9000000.00029366,-76.0261917114258
9000000.00029366,-75.9721908569336
9000000.00029367,-75.8425750732422
9000000.00029367,-75.6438522338867
9000000.00029368,-75.3856506347656
9000000.00029368,-75.0776062011719
9000000.00029369,-74.7293472290039
9000000.00029369,-74.3505020141602
9000000.0002937,-73.9507064819336
9000000.0002937,-73.5395812988281
9000000.00029371,-73.1267700195313
9000000.00029371,-72.7219009399414
9000000.00029372,-72.3345947265625
9000000.00029372,-71.974494934082
9000000.00029373,-71.6512222290039
9000000.00029373,-71.3460006713867
9000000.00029374,-71.0353698730469
9000000.00029374,-70.7219772338867
9000000.00029375,-70.4084396362305
9000000.00029375,-70.0973892211914
9000000.00029376,-69.7914657592773
9000000.00029376,-69.4932861328125
9000000.00029377,-69.2054901123047
9000000.00029377,-68.9307022094727
9000000.00029378,-68.6715621948242
9000000.00029378,-68.4306869506836
9000000.00029379,-68.2107162475586
9000000.00029379,-68.0142822265625
9000000.0002938,-67.8401336669922
9000000.0002938,-67.6776275634766
9000000.00029381,-67.5270614624023
9000000.00029381,-67.3896484375
9000000.00029382,-67.2666397094727
9000000.00029382,-67.1592483520508
9000000.00029383,-67.0687103271484
9000000.00029383,-66.9962539672852
9000000.00029384,-66.9431076049805
9000000.00029384,-66.9105072021484
9000000.00029385,-66.8996734619141
9000000.00029385,-66.9118423461914
9000000.00029386,-66.9482421875
9000000.00029386,-67.0086212158203
9000000.00029387,-67.0759658813477
9000000.00029387,-67.1489562988281
9000000.00029388,-67.2324600219727
9000000.00029388,-67.3313598632813
9000000.00029389,-67.4505386352539
9000000.00029389,-67.5948638916016
9000000.0002939,-67.7692108154297
9000000.0002939,-67.9784698486328
9000000.00029391,-68.2275161743164
9000000.00029391,-68.5212173461914
9000000.00029392,-68.8644561767578
9000000.00029392,-69.2621154785156
9000000.00029393,-69.7190704345703
9000000.00029393,-70.2846069335938
9000000.00029394,-70.986572265625
9000000.00029394,-71.7976913452148
9000000.00029395,-72.6907043457031
9000000.00029395,-73.6383285522461
9000000.00029396,-74.6132965087891
9000000.00029396,-75.5883331298828
9000000.00029397,-76.5361709594727
9000000.00029397,-77.4295272827148
9000000.00029398,-78.2411422729492
9000000.00029398,-78.9437408447266
9000000.00029399,-79.5100479125977
9000000.00029399,-79.9127960205078
9000000.000294,-80.1385726928711
9000000.000294,-80.2249374389648
9000000.00029401,-80.1899108886719
9000000.00029401,-80.0488739013672
9000000.00029402,-79.8171691894531
9000000.00029402,-79.5101623535156
9000000.00029403,-79.1432113647461
9000000.00029403,-78.7316741943359
9000000.00029404,-78.2909164428711
9000000.00029404,-77.836296081543
9000000.00029405,-77.383171081543
9000000.00029405,-76.946907043457
9000000.00029406,-76.5428466796875
9000000.00029406,-76.1809692382813
9000000.00029407,-75.8037490844727
9000000.00029407,-75.3965530395508
9000000.00029408,-74.9656524658203
9000000.00029408,-74.5173263549805
9000000.00029409,-74.0578536987305
9000000.00029409,-73.593505859375
9000000.0002941,-73.1305618286133
9000000.0002941,-72.6753082275391
9000000.00029411,-72.234016418457
9000000.00029411,-71.8129653930664
9000000.00029412,-71.4184265136719
9000000.00029412,-71.0566864013672
9000000.00029413,-70.7340240478516
9000000.00029413,-70.4426803588867
9000000.00029414,-70.1704254150391
9000000.00029414,-69.9167785644531
9000000.00029415,-69.681266784668
9000000.00029415,-69.4634170532227
9000000.00029416,-69.2627563476563
9000000.00029416,-69.0787963867188
9000000.00029417,-68.9110870361328
9000000.00029417,-68.7591323852539
9000000.00029418,-68.6224670410156
9000000.00029418,-68.500617980957
9000000.00029419,-68.3931121826172
9000000.00029419,-68.2994613647461
9000000.0002942,-68.2198867797852
9000000.0002942,-68.15625
9000000.00029421,-68.1085052490234
9000000.00029421,-68.0764541625977
9000000.00029422,-68.0599060058594
9000000.00029422,-68.0586547851563
9000000.00029423,-68.0724945068359
9000000.00029423,-68.1012344360352
9000000.00029424,-68.1446685791016
9000000.00029424,-68.2026062011719
9000000.00029425,-68.2748336791992
9000000.00029425,-68.3611602783203
9000000.00029426,-68.4613876342773
9000000.00029426,-68.5737915039063
9000000.00029427,-68.6804046630859
9000000.00029427,-68.7811889648438
9000000.00029428,-68.8826446533203
9000000.00029428,-68.9913177490234
9000000.00029429,-69.1137084960938
9000000.00029429,-69.2563552856445
9000000.0002943,-69.4257736206055
9000000.0002943,-69.6284866333008
9000000.00029431,-69.8710098266602
9000000.00029431,-70.1598815917969
9000000.00029432,-70.5016098022461
9000000.00029432,-70.9027252197266
9000000.00029433,-71.369743347168
9000000.00029433,-71.9570083618164
9000000.00029434,-72.6939544677734
9000000.00029434,-73.5497360229492
9000000.00029435,-74.4935150146484
9000000.00029435,-75.4944381713867
9000000.00029436,-76.5216674804688
9000000.00029436,-77.5443572998047
9000000.00029437,-78.5316696166992
9000000.00029437,-79.452751159668
9000000.00029438,-80.2767562866211
9000000.00029438,-80.9728546142578
9000000.00029439,-81.5101928710938
9000000.00029439,-81.8579254150391
9000000.0002944,-81.9984512329102
9000000.0002944,-81.9674911499023
9000000.00029441,-81.7873916625977
9000000.00029441,-81.4781265258789
9000000.00029442,-81.059684753418
9000000.00029442,-80.5520324707031
9000000.00029443,-79.9751586914063
9000000.00029443,-79.3490371704102
9000000.00029444,-78.6936492919922
9000000.00029444,-78.0289688110352
9000000.00029445,-77.3749847412109
9000000.00029445,-76.7516632080078
9000000.00029446,-76.1789932250977
9000000.00029446,-75.6706390380859
9000000.00029447,-75.1601715087891
9000000.00029447,-74.6286544799805
9000000.00029448,-74.081298828125
9000000.00029448,-73.523307800293
9000000.00029449,-72.9598922729492
9000000.00029449,-72.3962478637695
9000000.0002945,-71.8376007080078
9000000.0002945,-71.2891387939453
9000000.00029451,-70.7560806274414
9000000.00029451,-70.2436218261719
9000000.00029452,-69.7569885253906
9000000.00029452,-69.3013687133789
9000000.00029453,-68.8819808959961
9000000.00029453,-68.4916839599609
9000000.00029454,-68.1198577880859
9000000.00029454,-67.7664337158203
9000000.00029455,-67.4313735961914
9000000.00029455,-67.114631652832
9000000.00029456,-66.8161468505859
9000000.00029456,-66.535888671875
9000000.00029457,-66.273796081543
9000000.00029457,-66.0298233032227
9000000.00029458,-65.8039321899414
9000000.00029458,-65.5960540771484
9000000.00029459,-65.4061584472656
9000000.00029459,-65.2341918945313
9000000.0002946,-65.080078125
9000000.0002946,-64.9437866210938
9000000.00029461,-64.8253707885742
9000000.00029461,-64.7249069213867
9000000.00029462,-64.642463684082
9000000.00029462,-64.5781173706055
9000000.00029463,-64.5319366455078
9000000.00029463,-64.5039901733398
9000000.00029464,-64.4943542480469
9000000.00029464,-64.5031051635742
9000000.00029465,-64.5302963256836
9000000.00029465,-64.5760192871094
9000000.00029466,-64.6403350830078
9000000.00029466,-64.7217636108398
9000000.00029467,-64.8020858764648
9000000.00029467,-64.880989074707
9000000.00029468,-64.9648513793945
9000000.00029468,-65.0600280761719
9000000.00029469,-65.1728973388672
9000000.00029469,-65.3098220825195
9000000.0002947,-65.4771728515625
9000000.0002947,-65.6813125610352
9000000.00029471,-65.9286193847656
9000000.00029471,-66.2254486083984
9000000.00029472,-66.5781707763672
9000000.00029472,-66.9931640625
9000000.00029473,-67.4767837524414
9000000.00029473,-68.0840148925781
9000000.00029474,-68.8448944091797
9000000.00029474,-69.7283706665039
9000000.00029475,-70.7033920288086
9000000.00029475,-71.7389068603516
9000000.00029476,-72.8038787841797
9000000.00029476,-73.8672409057617
9000000.00029477,-74.8979568481445
9000000.00029477,-75.8649749755859
9000000.00029478,-76.7372436523438
9000000.00029478,-77.4837036132813
9000000.00029479,-78.0733261108398
9000000.00029479,-78.4750442504883
9000000.0002948,-78.6721038818359
9000000.0002948,-78.7030944824219
9000000.00029481,-78.5897445678711
9000000.00029481,-78.3511581420898
9000000.00029482,-78.0064239501953
9000000.00029482,-77.5746307373047
9000000.00029483,-77.0748672485352
9000000.00029483,-76.526237487793
9000000.00029484,-75.9478302001953
9000000.00029484,-75.3587265014648
9000000.00029485,-74.7780380249023
9000000.00029485,-74.2248382568359
9000000.00029486,-73.7182312011719
9000000.00029486,-73.2711181640625
9000000.00029487,-72.8181762695313
9000000.00029487,-72.3412780761719
9000000.00029488,-71.846061706543
9000000.00029488,-71.3381423950195
9000000.00029489,-70.8231506347656
9000000.00029489,-70.3067245483398
9000000.0002949,-69.7944793701172
9000000.0002949,-69.2920455932617
9000000.00029491,-68.805046081543
9000000.00029491,-68.3391189575195
9000000.00029492,-67.8998870849609
9000000.00029492,-67.4929733276367
9000000.00029493,-67.1240158081055
9000000.00029493,-66.7844848632813
9000000.00029494,-66.4623489379883
9000000.00029494,-66.1579437255859
9000000.00029495,-65.8716201782227
9000000.00029495,-65.6037063598633
9000000.00029496,-65.3545455932617
9000000.00029496,-65.1244888305664
9000000.00029497,-64.9138565063477
9000000.00029497,-64.7230072021484
9000000.00029498,-64.5522766113281
9000000.00029498,-64.4020004272461
9000000.00029499,-64.2725219726563
9000000.00029499,-64.164176940918
9000000.000295,-64.0769348144531
9000000.000295,-64.0097351074219
9000000.00029501,-63.9625205993652
9000000.00029501,-63.9353332519531
9000000.00029502,-63.9281959533691
9000000.00029502,-63.9411430358887
9000000.00029503,-63.9742126464844
9000000.00029503,-64.0274353027344
9000000.00029504,-64.1008377075195
9000000.00029504,-64.1944580078125
9000000.00029505,-64.3083267211914
9000000.00029505,-64.4424743652344
9000000.00029506,-64.5969390869141
9000000.00029506,-64.7710571289063
9000000.00029507,-64.9567260742188
9000000.00029507,-65.1538009643555
9000000.00029508,-65.3651123046875
9000000.00029508,-65.593505859375
9000000.00029509,-65.8418045043945
9000000.00029509,-66.1128463745117
9000000.0002951,-66.4094696044922
9000000.0002951,-66.7344970703125
9000000.00029511,-67.0907669067383
9000000.00029511,-67.4811096191406
9000000.00029512,-67.9083557128906
9000000.00029512,-68.3753509521484
9000000.00029513,-68.8849182128906
9000000.00029513,-69.4776611328125
9000000.00029514,-70.1778411865234
9000000.00029514,-70.9637908935547
9000000.00029515,-71.8138427734375
9000000.00029515,-72.7063522338867
9000000.00029516,-73.61962890625
9000000.00029516,-74.5320281982422
9000000.00029517,-75.4218826293945
9000000.00029517,-76.2675170898438
9000000.00029518,-77.0472793579102
9000000.00029518,-77.739501953125
9000000.00029519,-78.3225173950195
9000000.00029519,-78.7746658325195
9000000.0002952,-79.0873870849609
9000000.0002952,-79.296272277832
9000000.00029521,-79.4139938354492
9000000.00029521,-79.4505081176758
9000000.00029522,-79.4158096313477
9000000.00029522,-79.3198471069336
9000000.00029523,-79.172607421875
9000000.00029523,-78.9840621948242
9000000.00029524,-78.7641754150391
9000000.00029524,-78.5229187011719
9000000.00029525,-78.2702789306641
9000000.00029525,-78.0162124633789
9000000.00029526,-77.7706985473633
9000000.00029526,-77.5398406982422
9000000.00029527,-77.2820205688477
9000000.00029527,-76.987663269043
9000000.00029528,-76.6623611450195
9000000.00029528,-76.3116989135742
9000000.00029529,-75.9412689208984
9000000.00029529,-75.5566558837891
9000000.0002953,-75.1634521484375
9000000.0002953,-74.7672424316406
9000000.00029531,-74.3736038208008
9000000.00029531,-73.9881439208984
9000000.00029532,-73.6164321899414
9000000.00029532,-73.2640609741211
9000000.00029533,-72.9366226196289
9000000.00029533,-72.6253509521484
9000000.00029534,-72.3180618286133
9000000.00029534,-72.0152587890625
9000000.00029535,-71.7174377441406
9000000.00029535,-71.4250717163086
9000000.00029536,-71.138671875
9000000.00029536,-70.8587112426758
9000000.00029537,-70.5857009887695
9000000.00029537,-70.3201141357422
9000000.00029538,-70.0624465942383
9000000.00029538,-69.8132019042969
9000000.00029539,-69.5728530883789
9000000.00029539,-69.3418960571289
9000000.0002954,-69.118293762207
9000000.0002954,-68.8950500488281
9000000.00029541,-68.6736679077148
9000000.00029541,-68.4563140869141
9000000.00029542,-68.2451324462891
9000000.00029542,-68.0423126220703
9000000.00029543,-67.8499908447266
9000000.00029543,-67.6703491210938
9000000.00029544,-67.5055389404297
9000000.00029544,-67.3577270507813
9000000.00029545,-67.2290802001953
9000000.00029545,-67.1217498779297
9000000.00029546,-67.0379104614258
9000000.00029546,-66.9793090820313
9000000.00029547,-66.9419555664063
9000000.00029547,-66.9238510131836
9000000.00029548,-66.9244232177734
9000000.00029548,-66.9430999755859
9000000.00029549,-66.9793167114258
9000000.00029549,-67.0325164794922
9000000.0002955,-67.1021118164063
9000000.0002955,-67.1875534057617
9000000.00029551,-67.2882690429688
9000000.00029551,-67.4036865234375
9000000.00029552,-67.5332412719727
9000000.00029552,-67.6763610839844
9000000.00029553,-67.8324890136719
9000000.00029553,-68.0187454223633
9000000.00029554,-68.2473373413086
9000000.00029554,-68.5103149414063
9000000.00029555,-68.7997283935547
9000000.00029555,-69.1076278686523
9000000.00029556,-69.4260711669922
9000000.00029556,-69.7471084594727
9000000.00029557,-70.0627899169922
9000000.00029557,-70.3651657104492
9000000.00029558,-70.6462936401367
9000000.00029558,-70.8982238769531
9000000.00029559,-71.1129989624023
9000000.00029559,-71.2826843261719
9000000.0002956,-71.4060745239258
9000000.0002956,-71.5015640258789
9000000.00029561,-71.572265625
9000000.00029561,-71.6197662353516
9000000.00029562,-71.6456604003906
9000000.00029562,-71.6515426635742
9000000.00029563,-71.6389999389648
9000000.00029563,-71.6096343994141
9000000.00029564,-71.5650253295898
9000000.00029564,-71.5067749023438
9000000.00029565,-71.4364700317383
9000000.00029565,-71.3557052612305
9000000.00029566,-71.2660675048828
9000000.00029566,-71.1678009033203
9000000.00029567,-71.0455169677734
9000000.00029567,-70.897575378418
9000000.00029568,-70.7279434204102
9000000.00029568,-70.5406112670898
9000000.00029569,-70.3395385742188
9000000.00029569,-70.1287155151367
9000000.0002957,-69.912109375
9000000.0002957,-69.6936950683594
9000000.00029571,-69.4774551391602
9000000.00029571,-69.2673568725586
9000000.00029572,-69.0673751831055
9000000.00029572,-68.8814926147461
9000000.00029573,-68.7136840820313
9000000.00029573,-68.556022644043
9000000.00029574,-68.3987350463867
9000000.00029574,-68.2429809570313
9000000.00029575,-68.0899124145508
9000000.00029575,-67.9407119750977
9000000.00029576,-67.7965393066406
9000000.00029576,-67.6585464477539
9000000.00029577,-67.5279159545898
9000000.00029577,-67.4057998657227
9000000.00029578,-67.2933731079102
9000000.00029578,-67.1917877197266
9000000.00029579,-67.1022109985352
9000000.00029579,-67.0258178710938
9000000.0002958,-66.9608993530273
9000000.0002958,-66.8995971679688
9000000.00029581,-66.8429412841797
9000000.00029581,-66.7926940917969
9000000.00029582,-66.7506332397461
9000000.00029582,-66.7185211181641
9000000.00029583,-66.6981201171875
9000000.00029583,-66.6911926269531
9000000.00029584,-66.6995086669922
9000000.00029584,-66.7248306274414
9000000.00029585,-66.768928527832
9000000.00029585,-66.8335647583008
9000000.00029586,-66.9205017089844
9000000.00029586,-67.0289840698242
9000000.00029587,-67.130012512207
9000000.00029587,-67.2215957641602
9000000.00029588,-67.3123779296875
9000000.00029588,-67.4109649658203
9000000.00029589,-67.5260009765625
9000000.00029589,-67.6660995483398
9000000.0002959,-67.8398971557617
9000000.0002959,-68.0560150146484
9000000.00029591,-68.3230743408203
9000000.00029591,-68.6497116088867
9000000.00029592,-69.0445404052734
9000000.00029592,-69.5162048339844
9000000.00029593,-70.0733108520508
9000000.00029593,-70.7886810302734
9000000.00029594,-71.7018508911133
9000000.00029594,-72.7715835571289
9000000.00029595,-73.9566345214844
9000000.00029595,-75.2157592773438
9000000.00029596,-76.5077056884766
9000000.00029596,-77.7912292480469
9000000.00029597,-79.0250854492188
9000000.00029597,-80.1680297851563
9000000.00029598,-81.1788177490234
9000000.00029598,-82.0161972045898
9000000.00029599,-82.6389312744141
9000000.00029599,-83.0057678222656
9000000.000296,-83.0870513916016
9000000.000296,-82.913703918457
9000000.00029601,-82.5204696655273
9000000.00029601,-81.9405746459961
9000000.00029602,-81.2072677612305
9000000.00029602,-80.353759765625
9000000.00029603,-79.4132995605469
9000000.00029603,-78.4191055297852
9000000.00029604,-77.4044189453125
9000000.00029604,-76.402473449707
9000000.00029605,-75.4464874267578
9000000.00029605,-74.5697021484375
9000000.00029606,-73.8053436279297
9000000.00029606,-73.1780700683594
9000000.00029607,-72.5998458862305
9000000.00029607,-72.0394897460938
9000000.00029608,-71.4977035522461
9000000.00029608,-70.9752349853516
9000000.00029609,-70.4728088378906
9000000.00029609,-69.9911422729492
9000000.0002961,-69.5309753417969
9000000.0002961,-69.0930328369141
9000000.00029611,-68.6780471801758
9000000.00029611,-68.286735534668
9000000.00029612,-67.9198379516602
9000000.00029612,-67.5780792236328
9000000.00029613,-67.2621841430664
9000000.00029613,-66.9724731445313
9000000.00029614,-66.7083511352539
9000000.00029614,-66.4691772460938
9000000.00029615,-66.2542953491211
9000000.00029615,-66.0630569458008
9000000.00029616,-65.8948135375977
9000000.00029616,-65.7489242553711
9000000.00029617,-65.6247329711914
9000000.00029617,-65.5215911865234
9000000.00029618,-65.4388580322266
9000000.00029618,-65.3758773803711
9000000.00029619,-65.3320007324219
9000000.00029619,-65.3065872192383
9000000.0002962,-65.2998504638672
9000000.0002962,-65.3141860961914
9000000.00029621,-65.3495864868164
9000000.00029621,-65.4058380126953
9000000.00029622,-65.4827346801758
9000000.00029622,-65.5800552368164
9000000.00029623,-65.6975936889648
9000000.00029623,-65.8351364135742
9000000.00029624,-65.9924697875977
9000000.00029624,-66.1693878173828
9000000.00029625,-66.3656692504883
9000000.00029625,-66.5811080932617
9000000.00029626,-66.8154907226563
9000000.00029626,-67.0679702758789
9000000.00029627,-67.3309478759766
9000000.00029627,-67.6045150756836
9000000.00029628,-67.8915481567383
9000000.00029628,-68.1949234008789
9000000.00029629,-68.5175094604492
9000000.00029629,-68.8621826171875
9000000.0002963,-69.2318267822266
9000000.0002963,-69.6292953491211
9000000.00029631,-70.0574798583984
9000000.00029631,-70.5192489624023
9000000.00029632,-71.0174789428711
9000000.00029632,-71.5550384521484
9000000.00029633,-72.1348114013672
9000000.00029633,-72.8166656494141
9000000.00029634,-73.6378631591797
9000000.00029634,-74.5673217773438
9000000.00029635,-75.5739822387695
9000000.00029635,-76.6267471313477
9000000.00029636,-77.6945648193359
9000000.00029636,-78.7463531494141
9000000.00029637,-79.7510299682617
9000000.00029637,-80.6775360107422
9000000.00029638,-81.4947967529297
9000000.00029638,-82.1717224121094
9000000.00029639,-82.6772613525391
9000000.00029639,-82.9803237915039
9000000.0002964,-83.0569229125977
9000000.0002964,-82.92578125
9000000.00029641,-82.6144027709961
9000000.00029641,-82.1495895385742
9000000.00029642,-81.5581283569336
9000000.00029642,-80.866828918457
9000000.00029643,-80.1024856567383
9000000.00029643,-79.2919006347656
9000000.00029644,-78.4618606567383
9000000.00029644,-77.6391754150391
9000000.00029645,-76.8506469726563
9000000.00029645,-76.1230621337891
9000000.00029646,-75.4832229614258
9000000.00029646,-74.9509811401367
9000000.00029647,-74.4550094604492
9000000.00029647,-73.9701232910156
9000000.00029648,-73.4970397949219
9000000.00029648,-73.0364837646484
9000000.00029649,-72.5891494750977
9000000.00029649,-72.1557540893555
9000000.0002965,-71.7370147705078
9000000.0002965,-71.3336334228516
9000000.00029651,-70.9463272094727
9000000.00029651,-70.5758056640625
9000000.00029652,-70.222785949707
9000000.00029652,-69.8879776000977
9000000.00029653,-69.5720825195313
9000000.00029653,-69.2753448486328
9000000.00029654,-68.9971084594727
9000000.00029654,-68.7367935180664
9000000.00029655,-68.4937973022461
9000000.00029655,-68.2675399780273
9000000.00029656,-68.0574188232422
9000000.00029656,-67.8628463745117
9000000.00029657,-67.683235168457
9000000.00029657,-67.5179901123047
9000000.00029658,-67.3665161132813
9000000.00029658,-67.2282333374023
9000000.00029659,-67.1025390625
9000000.00029659,-66.9888381958008
9000000.0002966,-66.8864974975586
9000000.0002966,-66.7953491210938
9000000.00029661,-66.7160491943359
9000000.00029661,-66.6493301391602
9000000.00029662,-66.5959014892578
9000000.00029662,-66.5564651489258
9000000.00029663,-66.5317459106445
9000000.00029663,-66.5224456787109
9000000.00029664,-66.5292892456055
9000000.00029664,-66.5529708862305
9000000.00029665,-66.5942230224609
9000000.00029665,-66.6537475585938
9000000.00029666,-66.7322540283203
9000000.00029666,-66.8305282592773
9000000.00029667,-66.9496307373047
9000000.00029667,-67.0889129638672
9000000.00029668,-67.2473678588867
9000000.00029668,-67.4239654541016
9000000.00029669,-67.6176834106445
9000000.00029669,-67.8274993896484
9000000.0002967,-68.0523910522461
9000000.0002967,-68.2913360595703
9000000.00029671,-68.5433044433594
9000000.00029671,-68.8072814941406
9000000.00029672,-69.0822448730469
9000000.00029672,-69.3671569824219
9000000.00029673,-69.6610107421875
9000000.00029673,-69.9923553466797
9000000.00029674,-70.3816146850586
9000000.00029674,-70.8156051635742
9000000.00029675,-71.281120300293
9000000.00029675,-71.7649536132813
9000000.00029676,-72.2539215087891
9000000.00029676,-72.7348175048828
9000000.00029677,-73.1944427490234
9000000.00029677,-73.6195983886719
9000000.00029678,-73.9970779418945
9000000.00029678,-74.3136978149414
9000000.00029679,-74.5562515258789
9000000.00029679,-74.711540222168
9000000.0002968,-74.7715301513672
9000000.0002968,-74.7501068115234
9000000.00029681,-74.6572418212891
9000000.00029681,-74.5020217895508
9000000.00029682,-74.2935333251953
9000000.00029682,-74.0408630371094
9000000.00029683,-73.7530975341797
9000000.00029683,-73.4393157958984
9000000.00029684,-73.1086196899414
9000000.00029684,-72.7700805664063
9000000.00029685,-72.4328002929688
9000000.00029685,-72.1058502197266
9000000.00029686,-71.7983322143555
9000000.00029686,-71.5160675048828
9000000.00029687,-71.2243194580078
9000000.00029687,-70.914421081543
9000000.00029688,-70.59033203125
9000000.00029688,-70.2560272216797
9000000.00029689,-69.9154586791992
9000000.00029689,-69.5726013183594
9000000.0002969,-69.2314147949219
9000000.0002969,-68.8958740234375
9000000.00029691,-68.5699310302734
9000000.00029691,-68.2575607299805
9000000.00029692,-67.9627151489258
9000000.00029692,-67.6893768310547
9000000.00029693,-67.4415054321289
9000000.00029693,-67.2118377685547
9000000.00029694,-66.9910507202148
9000000.00029694,-66.7799835205078
9000000.00029695,-66.5794982910156
9000000.00029695,-66.3904342651367
9000000.00029696,-66.2136611938477
9000000.00029696,-66.0500106811523
9000000.00029697,-65.9003448486328
9000000.00029697,-65.765510559082
9000000.00029698,-65.6463623046875
9000000.00029698,-65.5437469482422
9000000.00029699,-65.4585189819336
9000000.00029699,-65.3915252685547
9000000.000297,-65.3420715332031
9000000.000297,-65.3059005737305
9000000.00029701,-65.2833480834961
9000000.00029701,-65.2751159667969
9000000.00029702,-65.2819290161133
9000000.00029702,-65.3044815063477
9000000.00029703,-65.3434906005859
9000000.00029703,-65.3996734619141
9000000.00029704,-65.4737396240234
9000000.00029704,-65.5663986206055
9000000.00029705,-65.6783599853516
9000000.00029705,-65.8103408813477
9000000.00029706,-65.9630508422852
9000000.00029706,-66.1368637084961
9000000.00029707,-66.3280715942383
9000000.00029707,-66.5359878540039
9000000.00029708,-66.7612686157227
9000000.00029708,-67.0045700073242
9000000.00029709,-67.2665481567383
9000000.00029709,-67.5478668212891
9000000.0002971,-67.8491744995117
9000000.0002971,-68.1711349487305
9000000.00029711,-68.514404296875
9000000.00029711,-68.8796463012695
9000000.00029712,-69.2675094604492
9000000.00029712,-69.6786499023438
9000000.00029713,-70.1137313842773
9000000.00029713,-70.6128692626953
9000000.00029714,-71.2024154663086
9000000.00029714,-71.8624114990234
9000000.00029715,-72.5729217529297
9000000.00029715,-73.31396484375
9000000.00029716,-74.0655975341797
9000000.00029716,-74.8078689575195
9000000.00029717,-75.5208129882813
9000000.00029717,-76.1844711303711
9000000.00029718,-76.7788925170898
9000000.00029718,-77.2841186523438
9000000.00029719,-77.6801910400391
9000000.00029719,-77.9471664428711
9000000.0002972,-78.0716705322266
9000000.0002972,-78.071418762207
9000000.00029721,-77.9624328613281
9000000.00029721,-77.7597274780273
9000000.00029722,-77.4783172607422
9000000.00029722,-77.1332244873047
9000000.00029723,-76.7394638061523
9000000.00029723,-76.3120574951172
9000000.00029724,-75.8660202026367
9000000.00029724,-75.4163818359375
9000000.00029725,-74.978141784668
9000000.00029725,-74.5663375854492
9000000.00029726,-74.1959686279297
9000000.00029726,-73.8778076171875
9000000.00029727,-73.5675659179688
9000000.00029727,-73.2510986328125
9000000.00029728,-72.9303131103516
9000000.00029728,-72.6071166992188
9000000.00029729,-72.2834396362305
9000000.00029729,-71.9611968994141
9000000.0002973,-71.6422958374023
9000000.0002973,-71.3286590576172
9000000.00029731,-71.0222015380859
9000000.00029731,-70.7248382568359
9000000.00029732,-70.4384918212891
9000000.00029732,-70.1650619506836
9000000.00029733,-69.9064788818359
9000000.00029733,-69.6583633422852
9000000.00029734,-69.4155960083008
9000000.00029734,-69.1790237426758
9000000.00029735,-68.9494857788086
9000000.00029735,-68.7278137207031
9000000.00029736,-68.5148544311523
9000000.00029736,-68.3114471435547
9000000.00029737,-68.1184158325195
9000000.00029737,-67.9366149902344
9000000.00029738,-67.7668685913086
9000000.00029738,-67.6100234985352
9000000.00029739,-67.4669189453125
9000000.00029739,-67.3383865356445
9000000.0002974,-67.2229614257813
9000000.0002974,-67.1142883300781
9000000.00029741,-67.0133209228516
9000000.00029741,-66.9215850830078
9000000.00029742,-66.8406295776367
9000000.00029742,-66.7719802856445
9000000.00029743,-66.7171783447266
9000000.00029743,-66.6777572631836
9000000.00029744,-66.6552505493164
9000000.00029744,-66.6511993408203
9000000.00029745,-66.6671295166016
9000000.00029745,-66.7045822143555
9000000.00029746,-66.7650985717773
9000000.00029746,-66.8511657714844
9000000.00029747,-66.9746322631836
9000000.00029747,-67.1342697143555
9000000.00029748,-67.3244857788086
9000000.00029748,-67.5397033691406
9000000.00029749,-67.7743377685547
9000000.00029749,-68.0227966308594
9000000.0002975,-68.2795028686523
9000000.0002975,-68.5388641357422
9000000.00029751,-68.7953033447266
9000000.00029751,-69.0432357788086
9000000.00029752,-69.2770690917969
9000000.00029752,-69.4912261962891
9000000.00029753,-69.6801223754883
9000000.00029753,-69.861328125
9000000.00029754,-70.0529479980469
9000000.00029754,-70.2502212524414
9000000.00029755,-70.448356628418
9000000.00029755,-70.6425933837891
9000000.00029756,-70.8281478881836
9000000.00029756,-71.0002517700195
9000000.00029757,-71.1541137695313
9000000.00029757,-71.2849807739258
9000000.00029758,-71.388053894043
9000000.00029758,-71.4585800170898
9000000.00029759,-71.4917678833008
9000000.00029759,-71.4828491210938
9000000.0002976,-71.4269714355469
9000000.0002976,-71.3238296508789
9000000.00029761,-71.1785583496094
9000000.00029761,-70.9965209960938
9000000.00029762,-70.7830657958984
9000000.00029762,-70.5435485839844
9000000.00029763,-70.283317565918
9000000.00029763,-70.0077438354492
9000000.00029764,-69.72216796875
9000000.00029764,-69.4319381713867
9000000.00029765,-69.1424255371094
9000000.00029765,-68.8589706420898
9000000.00029766,-68.5869369506836
9000000.00029766,-68.3294906616211
9000000.00029767,-68.0631637573242
9000000.00029767,-67.7827911376953
9000000.00029768,-67.4917831420898
9000000.00029768,-67.1935424804688
9000000.00029769,-66.8914642333984
9000000.00029769,-66.5889587402344
9000000.0002977,-66.289421081543
9000000.0002977,-65.9962539672852
9000000.00029771,-65.7128524780273
9000000.00029771,-65.4426345825195
9000000.00029772,-65.1889877319336
9000000.00029772,-64.9553146362305
9000000.00029773,-64.7450256347656
9000000.00029773,-64.5498962402344
9000000.00029774,-64.3605880737305
9000000.00029774,-64.1787872314453
9000000.00029775,-64.0061950683594
9000000.00029775,-63.8445167541504
9000000.00029776,-63.6954383850098
9000000.00029776,-63.5606651306152
9000000.00029777,-63.4418907165527
9000000.00029777,-63.3408164978027
9000000.00029778,-63.2591361999512
9000000.00029778,-63.1985473632813
9000000.00029779,-63.1607513427734
9000000.00029779,-63.1474418640137
9000000.0002978,-63.1577606201172
9000000.0002978,-63.1847038269043
9000000.00029781,-63.2284889221191
9000000.00029781,-63.2899742126465
9000000.00029782,-63.3700065612793
9000000.00029782,-63.4694328308105
9000000.00029783,-63.5891075134277
9000000.00029783,-63.7298698425293
9000000.00029784,-63.892578125
9000000.00029784,-64.0780792236328
9000000.00029785,-64.287223815918
9000000.00029785,-64.5208587646484
9000000.00029786,-64.7798309326172
9000000.00029786,-65.0666732788086
9000000.00029787,-65.4015121459961
9000000.00029787,-65.7838363647461
9000000.00029788,-66.2057723999023
9000000.00029788,-66.6594467163086
9000000.00029789,-67.1369705200195
9000000.00029789,-67.6304779052734
9000000.0002979,-68.1320877075195
9000000.0002979,-68.633918762207
9000000.00029791,-69.1280975341797
9000000.00029791,-69.6067428588867
9000000.00029792,-70.0619812011719
9000000.00029792,-70.4859313964844
9000000.00029793,-70.870719909668
9000000.00029793,-71.2385864257813
9000000.00029794,-71.6133575439453
9000000.00029794,-71.9895324707031
9000000.00029795,-72.3616256713867
9000000.00029795,-72.72412109375
9000000.00029796,-73.0715408325195
9000000.00029796,-73.3983764648438
9000000.00029797,-73.6991348266602
9000000.00029797,-73.9683227539063
9000000.00029798,-74.2004318237305
9000000.00029798,-74.3899688720703
9000000.00029799,-74.5314407348633
9000000.00029799,-74.6193466186523
9000000.000298,-74.6488571166992
9000000.000298,-74.6216583251953
9000000.00029801,-74.5430755615234
9000000.00029801,-74.4184799194336
9000000.00029802,-74.2532577514648
9000000.00029802,-74.0527572631836
9000000.00029803,-73.8223648071289
9000000.00029803,-73.5674362182617
9000000.00029804,-73.2933502197266
9000000.00029804,-73.0054779052734
9000000.00029805,-72.7091827392578
9000000.00029805,-72.4098358154297
9000000.00029806,-72.1128158569336
9000000.00029806,-71.820686340332
9000000.00029807,-71.5026321411133
9000000.00029807,-71.1534118652344
9000000.00029808,-70.7789916992188
9000000.00029808,-70.3853302001953
9000000.00029809,-69.9784164428711
9000000.00029809,-69.5642166137695
9000000.0002981,-69.1486892700195
9000000.0002981,-68.7378234863281
9000000.00029811,-68.3375854492188
9000000.00029811,-67.9539489746094
9000000.00029812,-67.5928726196289
9000000.00029812,-67.2603454589844
9000000.00029813,-66.9623260498047
9000000.00029813,-66.6882553100586
9000000.00029814,-66.42431640625
9000000.00029814,-66.1716232299805
9000000.00029815,-65.9312744140625
9000000.00029815,-65.7043762207031
9000000.00029816,-65.4920349121094
9000000.00029816,-65.2953567504883
9000000.00029817,-65.1154556274414
9000000.00029817,-64.9534301757813
9000000.00029818,-64.8103790283203
9000000.00029818,-64.6874237060547
9000000.00029819,-64.5856628417969
9000000.00029819,-64.5061950683594
9000000.0002982,-64.4490356445313
9000000.0002982,-64.4111709594727
9000000.00029821,-64.3922958374023
9000000.00029821,-64.3923645019531
9000000.00029822,-64.4113311767578
9000000.00029822,-64.4491424560547
9000000.00029823,-64.5057525634766
9000000.00029823,-64.5811233520508
9000000.00029824,-64.6752014160156
9000000.00029824,-64.7879333496094
9000000.00029825,-64.9192810058594
9000000.00029825,-65.0691909790039
9000000.00029826,-65.2376174926758
9000000.00029826,-65.4252471923828
9000000.00029827,-65.6406555175781
9000000.00029827,-65.8840026855469
9000000.00029828,-66.1522979736328
9000000.00029828,-66.4425659179688
9000000.00029829,-66.7518081665039
9000000.00029829,-67.0770492553711
9000000.0002983,-67.4152984619141
9000000.0002983,-67.7635726928711
9000000.00029831,-68.1188812255859
9000000.00029831,-68.4782409667969
9000000.00029832,-68.8386688232422
9000000.00029832,-69.1971740722656
9000000.00029833,-69.5507736206055
9000000.00029833,-69.9189605712891
9000000.00029834,-70.318229675293
9000000.00029834,-70.7411270141602
9000000.00029835,-71.1801910400391
9000000.00029835,-71.6279449462891
9000000.00029836,-72.0769271850586
9000000.00029836,-72.5196838378906
9000000.00029837,-72.9487380981445
9000000.00029837,-73.3566284179688
9000000.00029838,-73.7359008789063
9000000.00029838,-74.0790710449219
9000000.00029839,-74.3786926269531
9000000.00029839,-74.6272964477539
9000000.0002984,-74.8222427368164
9000000.0002984,-74.9766845703125
9000000.00029841,-75.0947189331055
9000000.00029841,-75.1794586181641
9000000.00029842,-75.2339859008789
9000000.00029842,-75.2614059448242
9000000.00029843,-75.2648162841797
9000000.00029843,-75.2473068237305
9000000.00029844,-75.2119827270508
9000000.00029844,-75.1619415283203
9000000.00029845,-75.1002807617188
9000000.00029845,-75.0300903320313
9000000.00029846,-74.954475402832
9000000.00029846,-74.8752365112305
9000000.00029847,-74.7782974243164
9000000.00029847,-74.6606826782227
9000000.00029848,-74.524528503418
9000000.00029848,-74.3719711303711
9000000.00029849,-74.2051467895508
9000000.00029849,-74.0261840820313
9000000.0002985,-73.8372268676758
9000000.0002985,-73.6404190063477
9000000.00029851,-73.4378814697266
9000000.00029851,-73.2317581176758
9000000.00029852,-73.0241928100586
9000000.00029852,-72.8173141479492
9000000.00029853,-72.6132507324219
9000000.00029853,-72.4043121337891
9000000.00029854,-72.1828994750977
9000000.00029854,-71.9513244628906
9000000.00029855,-71.7118759155273
9000000.00029855,-71.4668655395508
9000000.00029856,-71.2186050415039
9000000.00029856,-70.9693984985352
9000000.00029857,-70.7215423583984
9000000.00029857,-70.4773483276367
9000000.00029858,-70.2391204833984
9000000.00029858,-70.009162902832
9000000.00029859,-69.7897796630859
9000000.00029859,-69.5832748413086
9000000.0002986,-69.3879241943359
9000000.0002986,-69.1926574707031
9000000.00029861,-68.9982299804688
9000000.00029861,-68.806396484375
9000000.00029862,-68.6189117431641
9000000.00029862,-68.4375305175781
9000000.00029863,-68.2639923095703
9000000.00029863,-68.1000595092773
9000000.00029864,-67.9474792480469
9000000.00029864,-67.8080139160156
9000000.00029865,-67.6834030151367
9000000.00029865,-67.5754089355469
9000000.00029866,-67.4857788085938
9000000.00029866,-67.4164581298828
9000000.00029867,-67.3703994750977
9000000.00029867,-67.3460464477539
9000000.00029868,-67.3407592773438
9000000.00029868,-67.3519058227539
9000000.00029869,-67.3768463134766
9000000.00029869,-67.4129409790039
9000000.0002987,-67.4575424194336
9000000.0002987,-67.5080108642578
9000000.00029871,-67.5617141723633
9000000.00029871,-67.6160125732422
9000000.00029872,-67.6682662963867
9000000.00029872,-67.7158279418945
9000000.00029873,-67.7560577392578
9000000.00029873,-67.797119140625
9000000.00029874,-67.8474807739258
9000000.00029874,-67.9049377441406
9000000.00029875,-67.9673233032227
9000000.00029875,-68.0324401855469
9000000.00029876,-68.0981140136719
9000000.00029876,-68.1621475219727
9000000.00029877,-68.2223663330078
9000000.00029877,-68.2765808105469
9000000.00029878,-68.3226089477539
9000000.00029878,-68.3582611083984
9000000.00029879,-68.3813552856445
9000000.00029879,-68.3897094726563
9000000.0002988,-68.3816680908203
9000000.0002988,-68.3586654663086
9000000.00029881,-68.3225936889648
9000000.00029881,-68.2753067016602
9000000.00029882,-68.218635559082
9000000.00029882,-68.154426574707
9000000.00029883,-68.0845260620117
9000000.00029883,-68.0107803344727
9000000.00029884,-67.9350204467773
9000000.00029884,-67.8591003417969
9000000.00029885,-67.7848510742188
9000000.00029885,-67.7141265869141
9000000.00029886,-67.6487579345703
9000000.00029886,-67.589729309082
9000000.00029887,-67.5275268554688
9000000.00029887,-67.4603652954102
9000000.00029888,-67.3899154663086
9000000.00029888,-67.3178482055664
9000000.00029889,-67.2458419799805
9000000.00029889,-67.1755676269531
9000000.0002989,-67.1086959838867
9000000.0002989,-67.0468978881836
9000000.00029891,-66.9918518066406
9000000.00029891,-66.9452362060547
9000000.00029892,-66.9087142944336
9000000.00029892,-66.8839645385742
9000000.00029893,-66.8726654052734
9000000.00029893,-66.8751831054688
9000000.00029894,-66.8899230957031
9000000.00029894,-66.9155578613281
9000000.00029895,-66.9507751464844
9000000.00029895,-66.994255065918
9000000.00029896,-67.0446929931641
9000000.00029896,-67.1007614135742
9000000.00029897,-67.1611404418945
9000000.00029897,-67.2245254516602
9000000.00029898,-67.2895965576172
9000000.00029898,-67.3550338745117
9000000.00029899,-67.4195251464844
9000000.00029899,-67.4817581176758
9000000.000299,-67.5420532226563
9000000.000299,-67.6049118041992
9000000.00029901,-67.6704330444336
9000000.00029901,-67.7383193969727
9000000.00029902,-67.8082656860352
9000000.00029902,-67.8799819946289
9000000.00029903,-67.9531555175781
9000000.00029903,-68.0275039672852
9000000.00029904,-68.1027221679688
9000000.00029904,-68.1785125732422
9000000.00029905,-68.2545700073242
9000000.00029905,-68.3306045532227
9000000.00029906,-68.4063110351563
9000000.00029906,-68.4813690185547
9000000.00029907,-68.5553970336914
9000000.00029907,-68.6286544799805
9000000.00029908,-68.7015533447266
9000000.00029908,-68.7745056152344
9000000.00029909,-68.8479080200195
9000000.00029909,-68.9221878051758
9000000.0002991,-68.9977340698242
9000000.0002991,-69.0749740600586
9000000.00029911,-69.1543121337891
9000000.00029911,-69.2361526489258
9000000.00029912,-69.3209075927734
9000000.00029912,-69.4089889526367
9000000.00029913,-69.5008010864258
9000000.00029913,-69.6030883789063
9000000.00029914,-69.7199478149414
9000000.00029914,-69.8478317260742
9000000.00029915,-69.9831695556641
9000000.00029915,-70.1224136352539
9000000.00029916,-70.2620086669922
9000000.00029916,-70.3983917236328
9000000.00029917,-70.5280075073242
9000000.00029917,-70.6473007202148
9000000.00029918,-70.7527160644531
9000000.00029918,-70.840690612793
9000000.00029919,-70.9076766967773
9000000.00029919,-70.9501037597656
9000000.0002992,-70.9679565429688
9000000.0002992,-70.9708709716797
9000000.00029921,-70.959831237793
9000000.00029921,-70.9349975585938
9000000.00029922,-70.8965606689453
9000000.00029922,-70.8446655273438
9000000.00029923,-70.7794952392578
9000000.00029923,-70.7012176513672
9000000.00029924,-70.6100006103516
9000000.00029924,-70.5060043334961
9000000.00029925,-70.3894195556641
9000000.00029925,-70.2603988647461
9000000.00029926,-70.1191101074219
9000000.00029926,-69.9646682739258
9000000.00029927,-69.7845916748047
9000000.00029927,-69.5785751342773
9000000.00029928,-69.3508605957031
9000000.00029928,-69.1056900024414
9000000.00029929,-68.8473129272461
9000000.00029929,-68.5799865722656
9000000.0002993,-68.3079452514648
9000000.0002993,-68.0354385375977
9000000.00029931,-67.766716003418
9000000.00029931,-67.5060195922852
9000000.00029932,-67.2576065063477
9000000.00029932,-67.0257186889648
9000000.00029933,-66.8146057128906
9000000.00029933,-66.6136856079102
9000000.00029934,-66.4110794067383
9000000.00029934,-66.2090530395508
9000000.00029935,-66.0098876953125
9000000.00029935,-65.8158569335938
9000000.00029936,-65.6292266845703
9000000.00029936,-65.452278137207
9000000.00029937,-65.2872924804688
9000000.00029937,-65.1365280151367
9000000.00029938,-65.0022659301758
9000000.00029938,-64.8867874145508
9000000.00029939,-64.7923583984375
9000000.00029939,-64.7212524414063
9000000.0002994,-64.6726455688477
9000000.0002994,-64.6380157470703
9000000.00029941,-64.6174087524414
9000000.00029941,-64.6116333007813
9000000.00029942,-64.6214904785156
9000000.00029942,-64.6477737426758
9000000.00029943,-64.6912841796875
9000000.00029943,-64.7528228759766
9000000.00029944,-64.8331909179688
9000000.00029944,-64.9331817626953
9000000.00029945,-65.0536117553711
9000000.00029945,-65.1952590942383
9000000.00029946,-65.3589401245117
9000000.00029946,-65.5445556640625
9000000.00029947,-65.7419052124023
9000000.00029947,-65.9501266479492
9000000.00029948,-66.1720962524414
9000000.00029948,-66.4106826782227
9000000.00029949,-66.6687545776367
9000000.00029949,-66.9491882324219
9000000.0002995,-67.2548446655273
9000000.0002995,-67.5886077880859
9000000.00029951,-67.9533309936523
9000000.00029951,-68.3518981933594
9000000.00029952,-68.7871780395508
9000000.00029952,-69.2620315551758
9000000.00029953,-69.7793350219727
9000000.00029953,-70.3908920288086
9000000.00029954,-71.1284942626953
9000000.00029954,-71.9649963378906
9000000.00029955,-72.8732681274414
9000000.00029955,-73.8261642456055
9000000.00029956,-74.7965393066406
9000000.00029956,-75.7572708129883
9000000.00029957,-76.6812057495117
9000000.00029957,-77.5412063598633
9000000.00029958,-78.3101425170898
9000000.00029958,-78.9608688354492
9000000.00029959,-79.4662475585938
9000000.00029959,-79.7991333007813
9000000.0002996,-79.9413146972656
9000000.0002996,-79.9166870117188
9000000.00029961,-79.7470855712891
9000000.00029961,-79.4530029296875
9000000.00029962,-79.054931640625
9000000.00029962,-78.573356628418
9000000.00029963,-78.0287704467773
9000000.00029963,-77.4416656494141
9000000.00029964,-76.8325271606445
9000000.00029964,-76.2218551635742
9000000.00029965,-75.630126953125
9000000.00029965,-75.0778427124023
9000000.00029966,-74.5854873657227
9000000.00029966,-74.1676025390625
9000000.00029967,-73.7621765136719
9000000.00029967,-73.3498458862305
9000000.00029968,-72.9338150024414
9000000.00029968,-72.5172653198242
9000000.00029969,-72.1033630371094
9000000.00029969,-71.6953125
9000000.0002997,-71.2962875366211
9000000.0002997,-70.9094772338867
9000000.00029971,-70.5380630493164
9000000.00029971,-70.1852264404297
9000000.00029972,-69.8541488647461
9000000.00029972,-69.5480194091797
9000000.00029973,-69.2700271606445
9000000.00029973,-69.0170669555664
9000000.00029974,-68.7835006713867
9000000.00029974,-68.5686798095703
9000000.00029975,-68.371955871582
9000000.00029975,-68.1926879882813
9000000.00029976,-68.0302200317383
9000000.00029976,-67.8839111328125
9000000.00029977,-67.7531204223633
9000000.00029977,-67.6371917724609
9000000.00029978,-67.5354766845703
9000000.00029978,-67.4473419189453
9000000.00029979,-67.3721313476563
9000000.00029979,-67.3092041015625
9000000.0002998,-67.2581176757813
9000000.0002998,-67.2194671630859
9000000.00029981,-67.1937484741211
9000000.00029981,-67.1814651489258
9000000.00029982,-67.1830902099609
9000000.00029982,-67.1991195678711
9000000.00029983,-67.2300262451172
9000000.00029983,-67.2763061523438
9000000.00029984,-67.3384475708008
9000000.00029984,-67.4169235229492
9000000.00029985,-67.5122299194336
9000000.00029985,-67.6248474121094
9000000.00029986,-67.7552642822266
9000000.00029986,-67.902473449707
9000000.00029987,-68.0491714477539
9000000.00029987,-68.194694519043
9000000.00029988,-68.3446960449219
9000000.00029988,-68.5048522949219
9000000.00029989,-68.6808319091797
9000000.00029989,-68.8782958984375
9000000.0002999,-69.102912902832
9000000.0002999,-69.3603439331055
9000000.00029991,-69.6562652587891
9000000.00029991,-69.996337890625
9000000.00029992,-70.38623046875
9000000.00029992,-70.8316116333008
9000000.00029993,-71.3381423950195
9000000.00029993,-71.9685440063477
9000000.00029994,-72.7588653564453
9000000.00029994,-73.6747741699219
9000000.00029995,-74.6819229125977
9000000.00029995,-75.745964050293
9000000.00029996,-76.8325653076172
9000000.00029996,-77.9073715209961
9000000.00029997,-78.9360504150391
9000000.00029997,-79.8842620849609
9000000.00029998,-80.717658996582
9000000.00029998,-81.4018936157227
9000000.00029999,-81.9026336669922
9000000.00029999,-82.1855316162109
9000000.0003,-82.2250213623047
9000000.0003,-82.0443954467773
9000000.00030001,-81.6733016967773
9000000.00030001,-81.1403427124023
9000000.00030002,-80.4741287231445
9000000.00030002,-79.7032775878906
9000000.00030003,-78.8563995361328
9000000.00030003,-77.9621047973633
9000000.00030004,-77.0489959716797
9000000.00030004,-76.1456909179688
9000000.00030005,-75.2807998657227
9000000.00030005,-74.4829254150391
9000000.00030006,-73.7806930541992
9000000.00030006,-73.1952133178711
9000000.00030007,-72.6496353149414
9000000.00030007,-72.117057800293
9000000.00030008,-71.5985107421875
9000000.00030008,-71.0950012207031
9000000.00030009,-70.607536315918
9000000.00030009,-70.1371307373047
9000000.0003001,-69.6847991943359
9000000.0003001,-69.2515411376953
9000000.00030011,-68.8383865356445
9000000.00030011,-68.4463424682617
9000000.00030012,-68.076416015625
9000000.00030012,-67.7296142578125
9000000.00030013,-67.4069595336914
9000000.00030013,-67.1070327758789
9000000.00030014,-66.8277282714844
9000000.00030014,-66.5690612792969
9000000.00030015,-66.3310394287109
9000000.00030015,-66.1136703491211
9000000.00030016,-65.9169692993164
9000000.00030016,-65.7409362792969
9000000.00030017,-65.585578918457
9000000.00030017,-65.4509124755859
9000000.00030018,-65.3369369506836
9000000.00030018,-65.2436752319336
9000000.00030019,-65.1711196899414
9000000.00030019,-65.1192855834961
9000000.0003002,-65.0874633789063
9000000.0003002,-65.0736846923828
9000000.00030021,-65.0785064697266
9000000.00030021,-65.1026840209961
9000000.00030022,-65.14697265625
9000000.00030022,-65.2121276855469
9000000.00030023,-65.2988891601563
9000000.00030023,-65.4080276489258
9000000.00030024,-65.540283203125
9000000.00030024,-65.696418762207
9000000.00030025,-65.8771820068359
9000000.00030025,-66.0833206176758
9000000.00030026,-66.3156051635742
9000000.00030026,-66.5762939453125
9000000.00030027,-66.8834838867188
9000000.00030027,-67.2367401123047
9000000.00030028,-67.6289749145508
9000000.00030028,-68.0531234741211
9000000.00030029,-68.5020980834961
9000000.00030029,-68.9688262939453
9000000.0003003,-69.4462356567383
9000000.0003003,-69.9272384643555
9000000.00030031,-70.4047546386719
9000000.00030031,-70.8717193603516
9000000.00030032,-71.321044921875
9000000.00030032,-71.7456588745117
9000000.00030033,-72.1384811401367
9000000.00030033,-72.5299072265625
9000000.00030034,-72.948371887207
9000000.00030034,-73.3838653564453
9000000.00030035,-73.8264007568359
9000000.00030035,-74.2659683227539
9000000.00030036,-74.6925659179688
9000000.00030036,-75.09619140625
9000000.00030037,-75.4668502807617
9000000.00030037,-75.7945251464844
9000000.00030038,-76.0692291259766
9000000.00030038,-76.2809524536133
9000000.00030039,-76.4196929931641
9000000.00030039,-76.475456237793
9000000.0003004,-76.4373931884766
9000000.0003004,-76.3029098510742
9000000.00030041,-76.083366394043
9000000.00030041,-75.7907028198242
9000000.00030042,-75.4368667602539
9000000.00030042,-75.0338287353516
9000000.00030043,-74.5935363769531
9000000.00030043,-74.1279449462891
9000000.00030044,-73.6490097045898
9000000.00030044,-73.1686782836914
9000000.00030045,-72.6989135742188
9000000.00030045,-72.2516632080078
9000000.00030046,-71.8388824462891
9000000.00030046,-71.46875
9000000.00030047,-71.1014709472656
9000000.00030047,-70.725715637207
9000000.00030048,-70.344612121582
9000000.00030048,-69.961296081543
9000000.00030049,-69.5788955688477
9000000.00030049,-69.2005462646484
9000000.0003005,-68.8293685913086
9000000.0003005,-68.4685134887695
9000000.00030051,-68.1211013793945
9000000.00030051,-67.7902603149414
9000000.00030052,-67.4791259765625
9000000.00030052,-67.1908416748047
9000000.00030053,-66.9285202026367
9000000.00030053,-66.6856689453125
9000000.00030054,-66.4543838500977
9000000.00030054,-66.2357177734375
9000000.00030055,-66.0307235717773
9000000.00030055,-65.840446472168
9000000.00030056,-65.6659393310547
9000000.00030056,-65.5082397460938
9000000.00030057,-65.3684158325195
9000000.00030057,-65.2474975585938
9000000.00030058,-65.1465530395508
9000000.00030058,-65.0666122436523
9000000.00030059,-65.0087432861328
9000000.00030059,-64.9739761352539
9000000.0003006,-64.9638977050781
9000000.0003006,-64.9799652099609
9000000.00030061,-65.0206451416016
9000000.00030061,-65.0842132568359
9000000.00030062,-65.1689682006836
9000000.00030062,-65.273193359375
9000000.00030063,-65.3951644897461
9000000.00030063,-65.5331726074219
9000000.00030064,-65.6855010986328
9000000.00030064,-65.8504409790039
9000000.00030065,-66.0262680053711
9000000.00030065,-66.2112655639648
9000000.00030066,-66.4037246704102
9000000.00030066,-66.603759765625
9000000.00030067,-66.8322982788086
9000000.00030067,-67.0911483764648
9000000.00030068,-67.3745040893555
9000000.00030068,-67.6765518188477
9000000.00030069,-67.9914627075195
9000000.00030069,-68.3134307861328
9000000.0003007,-68.6366348266602
9000000.0003007,-68.9552612304688
9000000.00030071,-69.2634963989258
9000000.00030071,-69.5555191040039
9000000.00030072,-69.8255081176758
9000000.00030072,-70.0676651000977
9000000.00030073,-70.2761535644531
9000000.00030073,-70.4600372314453
9000000.00030074,-70.6319046020508
9000000.00030074,-70.7913055419922
9000000.00030075,-70.9377593994141
9000000.00030075,-71.0707931518555
9000000.00030076,-71.18994140625
9000000.00030076,-71.2947387695313
9000000.00030077,-71.3846969604492
9000000.00030077,-71.459358215332
9000000.00030078,-71.5182571411133
9000000.00030078,-71.560905456543
9000000.00030079,-71.5868530273438
9000000.00030079,-71.5956115722656
9000000.0003008,-71.5841064453125
9000000.0003008,-71.5451431274414
9000000.00030081,-71.4812850952148
9000000.00030081,-71.3958435058594
9000000.00030082,-71.292121887207
9000000.00030082,-71.1734085083008
9000000.00030083,-71.0430145263672
9000000.00030083,-70.9042434692383
9000000.00030084,-70.760383605957
9000000.00030084,-70.6147537231445
9000000.00030085,-70.4706344604492
9000000.00030085,-70.3313446044922
9000000.00030086,-70.2001800537109
9000000.00030086,-70.0792083740234
9000000.00030087,-69.9552536010742
9000000.00030087,-69.8251647949219
9000000.00030088,-69.6905746459961
9000000.00030088,-69.5531158447266
9000000.00030089,-69.4144287109375
9000000.00030089,-69.2761535644531
9000000.0003009,-69.1399230957031
9000000.0003009,-69.0073699951172
9000000.00030091,-68.8801498413086
9000000.00030091,-68.759880065918
9000000.00030092,-68.6482009887695
9000000.00030092,-68.546760559082
9000000.00030093,-68.4571838378906
9000000.00030093,-68.3774337768555
9000000.00030094,-68.3042984008789
9000000.00030094,-68.2376556396484
9000000.00030095,-68.1774063110352
9000000.00030095,-68.1234359741211
9000000.00030096,-68.0756378173828
9000000.00030096,-68.0338897705078
9000000.00030097,-67.9980926513672
9000000.00030097,-67.968132019043
9000000.00030098,-67.9439010620117
9000000.00030098,-67.9252777099609
9000000.00030099,-67.9121627807617
9000000.00030099,-67.9044418334961
9000000.000301,-67.8993072509766
9000000.000301,-67.8893432617188
9000000.00030101,-67.8768081665039
9000000.00030101,-67.8646926879883
9000000.00030102,-67.8559951782227
9000000.00030102,-67.8536911010742
9000000.00030103,-67.8607864379883
9000000.00030103,-67.8802642822266
9000000.00030104,-67.9151229858398
9000000.00030104,-67.9683456420898
9000000.00030105,-68.0429306030273
9000000.00030105,-68.1418685913086
9000000.00030106,-68.2681427001953
9000000.00030106,-68.4240493774414
9000000.00030107,-68.6024627685547
9000000.00030107,-68.8005828857422
9000000.00030108,-69.0181884765625
9000000.00030108,-69.2550735473633
9000000.00030109,-69.5110168457031
9000000.00030109,-69.7857971191406
9000000.0003011,-70.0792007446289
9000000.0003011,-70.3910140991211
9000000.00030111,-70.7210159301758
9000000.00030111,-71.0689926147461
9000000.00030112,-71.4347229003906
9000000.00030112,-71.8179931640625
9000000.00030113,-72.2185897827148
9000000.00030113,-72.6829299926758
9000000.00030114,-73.2426147460938
9000000.00030114,-73.8752059936523
9000000.00030115,-74.5582809448242
9000000.00030115,-75.2693939208984
9000000.00030116,-75.9861145019531
9000000.00030116,-76.6860046386719
9000000.00030117,-77.3466262817383
9000000.00030117,-77.9455490112305
9000000.00030118,-78.4603424072266
9000000.00030118,-78.8685607910156
9000000.00030119,-79.1477661132813
9000000.00030119,-79.2755355834961
9000000.0003012,-79.2330627441406
9000000.0003012,-79.0297698974609
9000000.00030121,-78.6866989135742
9000000.00030121,-78.2247772216797
9000000.00030122,-77.6649322509766
9000000.00030122,-77.0280990600586
9000000.00030123,-76.335205078125
9000000.00030123,-75.6071701049805
9000000.00030124,-74.8649368286133
9000000.00030124,-74.1294326782227
9000000.00030125,-73.4215774536133
9000000.00030125,-72.7623062133789
9000000.00030126,-72.1725540161133
9000000.00030126,-71.6675720214844
9000000.00030127,-71.1887893676758
9000000.00030127,-70.7165069580078
9000000.00030128,-70.2522964477539
9000000.00030128,-69.7977142333984
9000000.00030129,-69.3543472290039
9000000.00030129,-68.9237442016602
9000000.0003013,-68.5074768066406
9000000.0003013,-68.1071090698242
9000000.00030131,-67.7242126464844
9000000.00030131,-67.3603439331055
9000000.00030132,-67.0170822143555
9000000.00030132,-66.6959915161133
9000000.00030133,-66.3986282348633
9000000.00030133,-66.1215057373047
9000000.00030134,-65.8604965209961
9000000.00030134,-65.6162490844727
9000000.00030135,-65.3894119262695
9000000.00030135,-65.1806182861328
9000000.00030136,-64.9905319213867
9000000.00030136,-64.8197860717773
9000000.00030137,-64.6690216064453
9000000.00030137,-64.5388870239258
9000000.00030138,-64.4300308227539
9000000.00030138,-64.3430862426758
9000000.00030139,-64.2787170410156
9000000.00030139,-64.237548828125
9000000.0003014,-64.2175521850586
9000000.0003014,-64.2113494873047
9000000.00030141,-64.2203903198242
9000000.00030141,-64.2468109130859
9000000.00030142,-64.2927703857422
9000000.00030142,-64.3604125976563
9000000.00030143,-64.4518737792969
9000000.00030143,-64.5693130493164
9000000.00030144,-64.7148742675781
9000000.00030144,-64.8907012939453
9000000.00030145,-65.0989456176758
9000000.00030145,-65.3417510986328
9000000.00030146,-65.6212615966797
9000000.00030146,-65.9412384033203
9000000.00030147,-66.3215103149414
9000000.00030147,-66.7603988647461
9000000.00030148,-67.2489395141602
9000000.00030148,-67.7781753540039
9000000.00030149,-68.3391571044922
9000000.00030149,-68.9229202270508
9000000.0003015,-69.5205001831055
9000000.0003015,-70.1229553222656
9000000.00030151,-70.721321105957
9000000.00030151,-71.306640625
9000000.00030152,-71.8699493408203
9000000.00030152,-72.4023056030273
9000000.00030153,-72.8947372436523
9000000.00030153,-73.3819732666016
9000000.00030154,-73.8974914550781
9000000.00030154,-74.4304428100586
9000000.00030155,-74.9699935913086
9000000.00030155,-75.5052947998047
9000000.00030156,-76.0255126953125
9000000.00030156,-76.5197906494141
9000000.00030157,-76.9773025512695
9000000.00030157,-77.3871917724609
9000000.00030158,-77.7386322021484
9000000.00030158,-78.0207672119141
9000000.00030159,-78.222770690918
9000000.00030159,-78.3337860107422
9000000.0003016,-78.3405075073242
9000000.0003016,-78.2358551025391
9000000.00030161,-78.0333557128906
9000000.00030161,-77.7476272583008
9000000.00030162,-77.3932723999023
9000000.00030162,-76.9849166870117
9000000.00030163,-76.5371704101563
9000000.00030163,-76.0646514892578
9000000.00030164,-75.5819702148438
9000000.00030164,-75.1037445068359
9000000.00030165,-74.6445846557617
9000000.00030165,-74.219108581543
9000000.00030166,-73.841926574707
9000000.00030166,-73.5237579345703
9000000.00030167,-73.2244110107422
9000000.00030167,-72.9301223754883
9000000.00030168,-72.6417617797852
9000000.00030168,-72.3601608276367
9000000.00030169,-72.0861663818359
9000000.00030169,-71.8206176757813
9000000.0003017,-71.5643768310547
9000000.0003017,-71.3182754516602
9000000.00030171,-71.0831680297852
9000000.00030171,-70.8598937988281
9000000.00030172,-70.649299621582
9000000.00030172,-70.4522323608398
9000000.00030173,-70.2695388793945
9000000.00030173,-70.1011505126953
9000000.00030174,-69.9460830688477
9000000.00030174,-69.8037872314453
9000000.00030175,-69.6737365722656
9000000.00030175,-69.5553817749023
9000000.00030176,-69.4481887817383
9000000.00030176,-69.3516082763672
9000000.00030177,-69.2651214599609
9000000.00030177,-69.1881637573242
9000000.00030178,-69.1202163696289
9000000.00030178,-69.0607299804688
9000000.00030179,-69.009162902832
9000000.00030179,-68.9649810791016
9000000.0003018,-68.927490234375
9000000.0003018,-68.8962707519531
9000000.00030181,-68.8720092773438
9000000.00030181,-68.85546875
9000000.00030182,-68.8473968505859
9000000.00030182,-68.8485565185547
9000000.00030183,-68.8597030639648
9000000.00030183,-68.881591796875
9000000.00030184,-68.9149780273438
9000000.00030184,-68.9606170654297
9000000.00030185,-69.0192718505859
9000000.00030185,-69.0916900634766
9000000.00030186,-69.1786346435547
9000000.00030186,-69.2804565429688
9000000.00030187,-69.3927230834961
9000000.00030187,-69.5147018432617
9000000.00030188,-69.6472473144531
9000000.00030188,-69.7912521362305
9000000.00030189,-69.9475860595703
9000000.00030189,-70.1171188354492
9000000.0003019,-70.3007202148438
9000000.0003019,-70.499267578125
9000000.00030191,-70.7136306762695
9000000.00030191,-70.944694519043
9000000.00030192,-71.1933212280273
9000000.00030192,-71.4603881835938
9000000.00030193,-71.7467651367188
9000000.00030193,-72.0829162597656
9000000.00030194,-72.4884414672852
9000000.00030194,-72.9479370117188
9000000.00030195,-73.4459915161133
9000000.00030195,-73.9672012329102
9000000.00030196,-74.4961547851563
9000000.00030196,-75.017448425293
9000000.00030197,-75.5156631469727
9000000.00030197,-75.9754028320313
9000000.00030198,-76.3812561035156
9000000.00030198,-76.7178115844727
9000000.00030199,-76.9696655273438
9000000.00030199,-77.1214065551758
9000000.000302,-77.1630859375
9000000.000302,-77.1093597412109
9000000.00030201,-76.9723052978516
9000000.00030201,-76.7631454467773
9000000.00030202,-76.4930953979492
9000000.00030202,-76.1733551025391
9000000.00030203,-75.8151397705078
9000000.00030203,-75.4296722412109
9000000.00030204,-75.0281600952148
9000000.00030204,-74.6218185424805
9000000.00030205,-74.2218551635742
9000000.00030205,-73.839485168457
9000000.00030206,-73.4859237670898
9000000.00030206,-73.1687622070313
9000000.00030207,-72.8497543334961
9000000.00030207,-72.5182723999023
9000000.00030208,-72.1775741577148
9000000.00030208,-71.8309097290039
9000000.00030209,-71.4815444946289
9000000.00030209,-71.1327362060547
9000000.0003021,-70.7877426147461
9000000.0003021,-70.4498291015625
9000000.00030211,-70.1222457885742
9000000.00030211,-69.8082656860352
9000000.00030212,-69.5111312866211
9000000.00030212,-69.2341079711914
9000000.00030213,-68.9804611206055
9000000.00030213,-68.7458572387695
9000000.00030214,-68.5237274169922
9000000.00030214,-68.3139801025391
9000000.00030215,-68.1165084838867
9000000.00030215,-67.9312362670898
9000000.00030216,-67.7580490112305
9000000.00030216,-67.5968627929688
9000000.00030217,-67.4475708007813
9000000.00030217,-67.3100891113281
9000000.00030218,-67.1843185424805
9000000.00030218,-67.0701599121094
9000000.00030219,-66.9675140380859
9000000.00030219,-66.8762969970703
9000000.0003022,-66.7968063354492
9000000.0003022,-66.7301406860352
9000000.00030221,-66.6760940551758
9000000.00030221,-66.6343383789063
9000000.00030222,-66.6045532226563
9000000.00030222,-66.5864181518555
9000000.00030223,-66.5796051025391
9000000.00030223,-66.5838012695313
9000000.00030224,-66.5986785888672
9000000.00030224,-66.6239166259766
9000000.00030225,-66.6591949462891
9000000.00030225,-66.7041931152344
9000000.00030226,-66.7585830688477
9000000.00030226,-66.8220062255859
9000000.00030227,-66.8938751220703
9000000.00030227,-66.9744644165039
9000000.00030228,-67.0642852783203
9000000.00030228,-67.1638259887695
9000000.00030229,-67.2736129760742
9000000.00030229,-67.3941268920898
9000000.0003023,-67.5258865356445
9000000.0003023,-67.6693878173828
9000000.00030231,-67.8251342773438
9000000.00030231,-67.9936370849609
9000000.00030232,-68.1753845214844
9000000.00030232,-68.3708877563477
9000000.00030233,-68.5806579589844
9000000.00030233,-68.8064804077148
9000000.00030234,-69.0490036010742
9000000.00030234,-69.3070297241211
9000000.00030235,-69.5793304443359
9000000.00030235,-69.8647003173828
9000000.00030236,-70.1619186401367
9000000.00030236,-70.4697723388672
9000000.00030237,-70.7870559692383
9000000.00030237,-71.1125411987305
9000000.00030238,-71.4450302124023
9000000.00030238,-71.7833023071289
9000000.00030239,-72.1261367797852
9000000.00030239,-72.4723358154297
9000000.0003024,-72.8345642089844
9000000.0003024,-73.2511215209961
9000000.00030241,-73.7122268676758
9000000.00030241,-74.2044143676758
9000000.00030242,-74.7142028808594
9000000.00030242,-75.228141784668
9000000.00030243,-75.7327346801758
9000000.00030243,-76.2145309448242
9000000.00030244,-76.6600494384766
9000000.00030244,-77.0558166503906
9000000.00030245,-77.3883666992188
9000000.00030245,-77.6442260742188
9000000.00030246,-77.8099212646484
9000000.00030246,-77.8722076416016
9000000.00030247,-77.8284606933594
9000000.00030247,-77.6908416748047
9000000.00030248,-77.4725646972656
9000000.00030248,-77.1868515014648
9000000.00030249,-76.846923828125
9000000.00030249,-76.4660110473633
9000000.0003025,-76.0573348999023
9000000.0003025,-75.6341094970703
9000000.00030251,-75.2095718383789
9000000.00030251,-74.7969436645508
9000000.00030252,-74.4094314575195
9000000.00030252,-74.0602798461914
9000000.00030253,-73.7626953125
9000000.00030253,-73.4964294433594
9000000.00030254,-73.2330322265625
9000000.00030254,-72.9734191894531
9000000.00030255,-72.7185134887695
9000000.00030255,-72.4692153930664
9000000.00030256,-72.2264633178711
9000000.00030256,-71.9911651611328
9000000.00030257,-71.7642364501953
9000000.00030257,-71.5466003417969
9000000.00030258,-71.3391799926758
9000000.00030258,-71.1428833007813
9000000.00030259,-70.958625793457
9000000.00030259,-70.7873458862305
9000000.0003026,-70.626579284668
9000000.0003026,-70.4671096801758
9000000.00030261,-70.3106231689453
9000000.00030261,-70.1596908569336
9000000.00030262,-70.0168762207031
9000000.00030262,-69.8847351074219
9000000.00030263,-69.7658309936523
9000000.00030263,-69.6627349853516
9000000.00030264,-69.578010559082
9000000.00030264,-69.5142135620117
9000000.00030265,-69.4739074707031
9000000.00030265,-69.4596633911133
9000000.00030266,-69.4740447998047
9000000.00030266,-69.5171432495117
9000000.00030267,-69.5609130859375
9000000.00030267,-69.602668762207
9000000.00030268,-69.6499710083008
9000000.00030268,-69.7103805541992
9000000.00030269,-69.7914505004883
9000000.00030269,-69.9007415771484
9000000.0003027,-70.0458068847656
9000000.0003027,-70.2341995239258
9000000.00030271,-70.4734878540039
9000000.00030271,-70.7712326049805
9000000.00030272,-71.1349716186523
9000000.00030272,-71.5722808837891
9000000.00030273,-72.0907135009766
9000000.00030273,-72.7642364501953
9000000.00030274,-73.6343994140625
9000000.00030274,-74.6600952148438
9000000.00030275,-75.8002395629883
9000000.00030275,-77.0137405395508
9000000.00030276,-78.2594985961914
9000000.00030276,-79.4964218139648
9000000.00030277,-80.6834182739258
9000000.00030277,-81.7794036865234
9000000.00030278,-82.7432708740234
9000000.00030278,-83.5339279174805
9000000.00030279,-84.1102905273438
9000000.00030279,-84.4312591552734
9000000.0003028,-84.4669189453125
9000000.0003028,-84.2470169067383
9000000.00030281,-83.8064880371094
9000000.00030281,-83.178840637207
9000000.00030282,-82.397575378418
9000000.00030282,-81.4962158203125
9000000.00030283,-80.5082626342773
9000000.00030283,-79.4672317504883
9000000.00030284,-78.4066314697266
9000000.00030284,-77.359977722168
9000000.00030285,-76.3607788085938
9000000.00030285,-75.4425354003906
9000000.00030286,-74.6387786865234
9000000.00030286,-73.9744110107422
9000000.00030287,-73.3615875244141
9000000.00030287,-72.7688446044922
9000000.00030288,-72.1965942382813
9000000.00030288,-71.6452713012695
9000000.00030289,-71.1152877807617
9000000.00030289,-70.6070709228516
9000000.0003029,-70.1210327148438
9000000.0003029,-69.6576080322266
9000000.00030291,-69.2172088623047
9000000.00030291,-68.8002624511719
9000000.00030292,-68.4071807861328
9000000.00030292,-68.0383987426758
9000000.00030293,-67.6943206787109
9000000.00030293,-67.3749465942383
9000000.00030294,-67.0797882080078
9000000.00030294,-66.8085708618164
9000000.00030295,-66.5610122680664
9000000.00030295,-66.3368453979492
9000000.00030296,-66.1357803344727
9000000.00030296,-65.9575500488281
9000000.00030297,-65.801872253418
9000000.00030297,-65.6684722900391
9000000.00030298,-65.5570678710938
9000000.00030298,-65.4673919677734
9000000.00030299,-65.3991546630859
9000000.00030299,-65.3520889282227
9000000.000303,-65.3256225585938
9000000.000303,-65.3189315795898
9000000.00030301,-65.3325500488281
9000000.00030301,-65.3670959472656
9000000.00030302,-65.4231948852539
9000000.00030302,-65.5014572143555
9000000.00030303,-65.6025085449219
9000000.00030303,-65.7269668579102
9000000.00030304,-65.8754501342773
9000000.00030304,-66.048583984375
9000000.00030305,-66.2469787597656
9000000.00030305,-66.4712600708008
9000000.00030306,-66.7220458984375
9000000.00030306,-67.001220703125
9000000.00030307,-67.3238754272461
9000000.00030307,-67.6896591186523
9000000.00030308,-68.0926742553711
9000000.00030308,-68.5270156860352
9000000.00030309,-68.9868011474609
9000000.00030309,-69.4661254882813
9000000.0003031,-69.9591064453125
9000000.0003031,-70.459831237793
9000000.00030311,-70.9624176025391
9000000.00030311,-71.4609603881836
9000000.00030312,-71.949577331543
9000000.00030312,-72.42236328125
9000000.00030313,-72.873420715332
9000000.00030313,-73.3397521972656
9000000.00030314,-73.8529434204102
9000000.00030314,-74.3989639282227
9000000.00030315,-74.9638214111328
9000000.00030315,-75.5334854125977
9000000.00030316,-76.0939407348633
9000000.00030316,-76.6311798095703
9000000.00030317,-77.1311874389648
9000000.00030317,-77.579948425293
9000000.00030318,-77.9634475708008
9000000.00030318,-78.2676696777344
9000000.00030319,-78.4785995483398
9000000.00030319,-78.5822219848633
9000000.0003032,-78.5657501220703
9000000.0003032,-78.4322280883789
9000000.00030321,-78.1956176757813
9000000.00030321,-77.8700942993164
9000000.00030322,-77.469841003418
9000000.00030322,-77.009033203125
9000000.00030323,-76.5018463134766
9000000.00030323,-75.9624633789063
9000000.00030324,-75.4050598144531
9000000.00030324,-74.8438186645508
9000000.00030325,-74.2929153442383
9000000.00030325,-73.7665252685547
9000000.00030326,-73.2788238525391
9000000.00030326,-72.8395462036133
9000000.00030327,-72.4018173217773
9000000.00030327,-71.9522094726563
9000000.00030328,-71.4943161010742
9000000.00030328,-71.0317306518555
9000000.00030329,-70.5680541992188
9000000.00030329,-70.1068878173828
9000000.0003033,-69.6518249511719
9000000.0003033,-69.2064666748047
9000000.00030331,-68.7744140625
9000000.00030331,-68.3592529296875
9000000.00030332,-67.9645919799805
9000000.00030332,-67.5940322875977
9000000.00030333,-67.2511596679688
9000000.00030333,-66.9285354614258
9000000.00030334,-66.6171035766602
9000000.00030334,-66.3180694580078
9000000.00030335,-66.0326156616211
9000000.00030335,-65.7619247436523
9000000.00030336,-65.5072021484375
9000000.00030336,-65.2696304321289
9000000.00030337,-65.050407409668
9000000.00030337,-64.8507080078125
9000000.00030338,-64.6717376708984
9000000.00030338,-64.5146789550781
9000000.00030339,-64.380729675293
9000000.00030339,-64.2710723876953
9000000.0003034,-64.1851119995117
9000000.0003034,-64.1179656982422
9000000.00030341,-64.0697784423828
9000000.00030341,-64.041145324707
9000000.00030342,-64.0326385498047
9000000.00030342,-64.0448608398438
9000000.00030343,-64.0783920288086
9000000.00030343,-64.1338119506836
9000000.00030344,-64.2117233276367
9000000.00030344,-64.3126983642578
9000000.00030345,-64.4373321533203
9000000.00030345,-64.5862121582031
9000000.00030346,-64.7599182128906
9000000.00030346,-64.9600448608398
9000000.00030347,-65.1986083984375
9000000.00030347,-65.4752502441406
9000000.00030348,-65.7851791381836
9000000.00030348,-66.1236114501953
9000000.00030349,-66.4857788085938
9000000.00030349,-66.8669052124023
9000000.0003035,-67.2621917724609
9000000.0003035,-67.6668853759766
9000000.00030351,-68.0761871337891
9000000.00030351,-68.4853210449219
9000000.00030352,-68.8895111083984
9000000.00030352,-69.2839813232422
9000000.00030353,-69.6639556884766
9000000.00030353,-70.052360534668
9000000.00030354,-70.4700546264648
9000000.00030354,-70.9090957641602
9000000.00030355,-71.3615570068359
9000000.00030355,-71.8194961547852
9000000.00030356,-72.2749938964844
9000000.00030356,-72.7201156616211
9000000.00030357,-73.1469192504883
9000000.00030357,-73.547477722168
9000000.00030358,-73.9138641357422
9000000.00030358,-74.2381362915039
9000000.00030359,-74.5123672485352
9000000.00030359,-74.728630065918
9000000.0003036,-74.8816909790039
9000000.0003036,-74.9788131713867
9000000.00030361,-75.0263061523438
9000000.00030361,-75.0300521850586
9000000.00030362,-74.9959259033203
9000000.00030362,-74.9298095703125
9000000.00030363,-74.8375854492188
9000000.00030363,-74.7251358032227
9000000.00030364,-74.5983428955078
9000000.00030364,-74.4630889892578
9000000.00030365,-74.3252487182617
9000000.00030365,-74.1907119750977
9000000.00030366,-74.0653533935547
9000000.00030366,-73.9528198242188
9000000.00030367,-73.8290023803711
9000000.00030367,-73.6882705688477
9000000.00030368,-73.5337600708008
9000000.00030368,-73.3686141967773
9000000.00030369,-73.1959609985352
9000000.00030369,-73.0189361572266
9000000.0003037,-72.8406829833984
9000000.0003037,-72.6643371582031
9000000.00030371,-72.4930267333984
9000000.00030371,-72.3298950195313
9000000.00030372,-72.1780853271484
9000000.00030372,-72.0407180786133
9000000.00030373,-71.9209442138672
9000000.00030373,-71.8169937133789
9000000.00030374,-71.7241821289063
9000000.00030374,-71.6412353515625
9000000.00030375,-71.5669021606445
9000000.00030375,-71.4999160766602
9000000.00030376,-71.4390106201172
9000000.00030376,-71.3829193115234
9000000.00030377,-71.3303909301758
9000000.00030377,-71.2801513671875
9000000.00030378,-71.2309417724609
9000000.00030378,-71.1814956665039
9000000.00030379,-71.1305618286133
9000000.00030379,-71.0768585205078
9000000.0003038,-71.0189056396484
9000000.0003038,-70.9560241699219
9000000.00030381,-70.8897552490234
9000000.00030381,-70.8217391967773
9000000.00030382,-70.7536087036133
9000000.00030382,-70.68701171875
9000000.00030383,-70.6235961914063
9000000.00030383,-70.5650024414063
9000000.00030384,-70.5128707885742
9000000.00030384,-70.4688415527344
9000000.00030385,-70.4345626831055
9000000.00030385,-70.4116744995117
9000000.00030386,-70.4018173217773
9000000.00030386,-70.4053421020508
9000000.00030387,-70.4076156616211
9000000.00030387,-70.4069595336914
9000000.00030388,-70.4070358276367
9000000.00030388,-70.4115142822266
9000000.00030389,-70.4240570068359
9000000.00030389,-70.4483337402344
9000000.0003039,-70.4879913330078
9000000.0003039,-70.5467071533203
9000000.00030391,-70.6281433105469
9000000.00030391,-70.7359619140625
9000000.00030392,-70.8738327026367
9000000.00030392,-71.0454025268555
9000000.00030393,-71.2543563842773
9000000.00030393,-71.5216064453125
9000000.00030394,-71.8572006225586
9000000.00030394,-72.2484893798828
9000000.00030395,-72.6828155517578
9000000.00030395,-73.1475143432617
9000000.00030396,-73.6299438476563
9000000.00030396,-74.117431640625
9000000.00030397,-74.5973434448242
9000000.00030397,-75.0570068359375
9000000.00030398,-75.4837646484375
9000000.00030398,-75.8649749755859
9000000.00030399,-76.1879730224609
9000000.00030399,-76.4401016235352
9000000.000304,-76.6203765869141
9000000.000304,-76.760627746582
9000000.00030401,-76.8650588989258
9000000.00030401,-76.9352340698242
9000000.00030402,-76.9727096557617
9000000.00030402,-76.9790344238281
9000000.00030403,-76.9557647705078
9000000.00030403,-76.9044647216797
9000000.00030404,-76.8266830444336
9000000.00030404,-76.7239761352539
9000000.00030405,-76.5979080200195
9000000.00030405,-76.4500274658203
9000000.00030406,-76.2818984985352
9000000.00030406,-76.0927810668945
9000000.00030407,-75.8564224243164
9000000.00030407,-75.5710678100586
9000000.00030408,-75.2445678710938
9000000.00030408,-74.8847732543945
9000000.00030409,-74.4995269775391
9000000.00030409,-74.0966796875
9000000.0003041,-73.68408203125
9000000.0003041,-73.2695770263672
9000000.00030411,-72.8610229492188
9000000.00030411,-72.4662628173828
9000000.00030412,-72.093147277832
9000000.00030412,-71.7495193481445
9000000.00030413,-71.4432373046875
9000000.00030413,-71.1625518798828
9000000.00030414,-70.8907775878906
9000000.00030414,-70.6283111572266
9000000.00030415,-70.3755722045898
9000000.00030415,-70.1329498291016
9000000.00030416,-69.9008636474609
9000000.00030416,-69.6797180175781
9000000.00030417,-69.4699096679688
9000000.00030417,-69.271858215332
9000000.00030418,-69.0859680175781
9000000.00030418,-68.9126358032227
9000000.00030419,-68.7522735595703
9000000.00030419,-68.6052932739258
9000000.0003042,-68.4691467285156
9000000.0003042,-68.335693359375
9000000.00030421,-68.2068557739258
9000000.00030421,-68.085334777832
9000000.00030422,-67.9738311767578
9000000.00030422,-67.8750381469727
9000000.00030423,-67.7916564941406
9000000.00030423,-67.7263870239258
9000000.00030424,-67.6819152832031
9000000.00030424,-67.6609573364258
9000000.00030425,-67.6661987304688
9000000.00030425,-67.7003479003906
9000000.00030426,-67.7660980224609
9000000.00030426,-67.8658142089844
9000000.00030427,-67.9966812133789
9000000.00030427,-68.1562271118164
9000000.00030428,-68.3429794311523
9000000.00030428,-68.5554656982422
9000000.00030429,-68.7922210693359
9000000.00030429,-69.0517807006836
9000000.0003043,-69.3326721191406
9000000.0003043,-69.6334228515625
9000000.00030431,-69.9525604248047
9000000.00030431,-70.2886352539063
9000000.00030432,-70.6401596069336
9000000.00030432,-71.0056686401367
9000000.00030433,-71.3837051391602
9000000.00030433,-71.8146362304688
9000000.00030434,-72.3274002075195
9000000.00030434,-72.9033355712891
9000000.00030435,-73.523796081543
9000000.00030435,-74.1701202392578
9000000.00030436,-74.8236618041992
9000000.00030436,-75.4657669067383
9000000.00030437,-76.0777816772461
9000000.00030437,-76.6410446166992
9000000.00030438,-77.1369171142578
9000000.00030438,-77.5467300415039
9000000.00030439,-77.8518447875977
9000000.00030439,-78.0335922241211
9000000.0003044,-78.0764312744141
9000000.0003044,-77.9884262084961
9000000.00030441,-77.7870025634766
9000000.00030441,-77.4894638061523
9000000.00030442,-77.1131362915039
9000000.00030442,-76.6753311157227
9000000.00030443,-76.193359375
9000000.00030443,-75.6845397949219
9000000.00030444,-75.1661911010742
9000000.00030444,-74.6556167602539
9000000.00030445,-74.1701431274414
9000000.00030445,-73.7270812988281
9000000.00030446,-73.3437423706055
9000000.00030446,-73.0333557128906
9000000.00030447,-72.7545623779297
9000000.00030447,-72.4911575317383
9000000.00030448,-72.241943359375
9000000.00030448,-72.0056991577148
9000000.00030449,-71.7812194824219
9000000.00030449,-71.5672988891602
9000000.0003045,-71.3627166748047
9000000.0003045,-71.1662673950195
9000000.00030451,-70.9767379760742
9000000.00030451,-70.7929229736328
9000000.00030452,-70.6136169433594
9000000.00030452,-70.4375991821289
9000000.00030453,-70.2636642456055
9000000.00030453,-70.0947494506836
9000000.00030454,-69.934211730957
9000000.00030454,-69.7814254760742
9000000.00030455,-69.6357803344727
9000000.00030455,-69.4966506958008
9000000.00030456,-69.3634338378906
9000000.00030456,-69.2355194091797
9000000.00030457,-69.1122741699219
9000000.00030457,-68.9930953979492
9000000.00030458,-68.8773727416992
9000000.00030458,-68.7644805908203
9000000.00030459,-68.65380859375
9000000.00030459,-68.5447387695313
9000000.0003046,-68.4341278076172
9000000.0003046,-68.3149795532227
9000000.00030461,-68.1899719238281
9000000.00030461,-68.0624694824219
9000000.00030462,-67.9358596801758
9000000.00030462,-67.8135223388672
9000000.00030463,-67.6988220214844
9000000.00030463,-67.5951538085938
9000000.00030464,-67.5058898925781
9000000.00030464,-67.4344100952148
9000000.00030465,-67.3840866088867
9000000.00030465,-67.3582992553711
9000000.00030466,-67.3604354858398
9000000.00030466,-67.3910369873047
9000000.00030467,-67.4182052612305
9000000.00030467,-67.4384689331055
9000000.00030468,-67.4599914550781
9000000.00030468,-67.490966796875
9000000.00030469,-67.5395660400391
9000000.00030469,-67.6139602661133
9000000.0003047,-67.7223434448242
9000000.0003047,-67.8728790283203
9000000.00030471,-68.0737533569336
9000000.00030471,-68.333137512207
9000000.00030472,-68.6592178344727
9000000.00030472,-69.0601654052734
9000000.00030473,-69.5441589355469
9000000.00030473,-70.1716003417969
9000000.00030474,-70.9741516113281
9000000.00030474,-71.9169158935547
9000000.00030475,-72.9649887084961
9000000.00030475,-74.0834426879883
9000000.00030476,-75.2373886108398
9000000.00030476,-76.3919143676758
9000000.00030477,-77.5121078491211
9000000.00030477,-78.5630645751953
9000000.00030478,-79.509880065918
9000000.00030478,-80.3176422119141
9000000.00030479,-80.9514389038086
9000000.00030479,-81.3763656616211
9000000.0003048,-81.5709686279297
9000000.0003048,-81.5714263916016
9000000.00030481,-81.4042434692383
9000000.00030481,-81.0936889648438
9000000.00030482,-80.6640090942383
9000000.00030482,-80.1394424438477
9000000.00030483,-79.5442581176758
9000000.00030483,-78.9026947021484
9000000.00030484,-78.2390060424805
9000000.00030484,-77.5774459838867
9000000.00030485,-76.9422607421875
9000000.00030485,-76.3577041625977
9000000.00030486,-75.848030090332
9000000.00030486,-75.4309692382813
9000000.00030487,-75.0394058227539
9000000.00030487,-74.650520324707
9000000.00030488,-74.265869140625
9000000.00030488,-73.8870010375977
9000000.00030489,-73.5154876708984
9000000.00030489,-73.1528625488281
9000000.0003049,-72.8006896972656
9000000.0003049,-72.4605255126953
9000000.00030491,-72.133918762207
9000000.00030491,-71.8224334716797
9000000.00030492,-71.5276107788086
9000000.00030492,-71.2510070800781
9000000.00030493,-70.9941864013672
9000000.00030493,-70.7583312988281
9000000.00030494,-70.5425109863281
9000000.00030494,-70.3450927734375
9000000.00030495,-70.1644515991211
9000000.00030495,-69.9989624023438
9000000.00030496,-69.8469848632813
9000000.00030496,-69.706901550293
9000000.00030497,-69.5770797729492
9000000.00030497,-69.4558868408203
9000000.00030498,-69.3416976928711
9000000.00030498,-69.2328872680664
9000000.00030499,-69.1278228759766
9000000.00030499,-69.0248794555664
9000000.000305,-68.9227523803711
9000000.000305,-68.8223266601563
9000000.00030501,-68.7250671386719
9000000.00030501,-68.6324234008789
9000000.00030502,-68.5458450317383
9000000.00030502,-68.4667739868164
9000000.00030503,-68.3966445922852
9000000.00030503,-68.3369216918945
9000000.00030504,-68.2890396118164
9000000.00030504,-68.2544403076172
9000000.00030505,-68.2345809936523
9000000.00030505,-68.2308959960938
9000000.00030506,-68.2448348999023
9000000.00030506,-68.278076171875
9000000.00030507,-68.3339233398438
9000000.00030507,-68.4111099243164
9000000.00030508,-68.5071487426758
9000000.00030508,-68.6195526123047
9000000.00030509,-68.745849609375
9000000.00030509,-68.8835372924805
9000000.0003051,-69.0301513671875
9000000.0003051,-69.1831970214844
9000000.00030511,-69.3401794433594
9000000.00030511,-69.4986343383789
9000000.00030512,-69.6560668945313
9000000.00030512,-69.8099899291992
9000000.00030513,-69.9579315185547
9000000.00030513,-70.1127243041992
9000000.00030514,-70.2858428955078
9000000.00030514,-70.4727096557617
9000000.00030515,-70.6687469482422
9000000.00030515,-70.869384765625
9000000.00030516,-71.0700454711914
9000000.00030516,-71.2661666870117
9000000.00030517,-71.4531555175781
9000000.00030517,-71.6264572143555
9000000.00030518,-71.781494140625
9000000.00030518,-71.913688659668
9000000.00030519,-72.0184631347656
9000000.00030519,-72.0912551879883
9000000.0003052,-72.1296768188477
9000000.0003052,-72.1396713256836
9000000.00030521,-72.1243667602539
9000000.00030521,-72.0864791870117
9000000.00030522,-72.0287170410156
9000000.00030522,-71.9538040161133
9000000.00030523,-71.8644485473633
9000000.00030523,-71.7633590698242
9000000.00030524,-71.6532592773438
9000000.00030524,-71.5368576049805
9000000.00030525,-71.4168701171875
9000000.00030525,-71.296012878418
9000000.00030526,-71.177001953125
9000000.00030526,-71.061408996582
9000000.00030527,-70.9369430541992
9000000.00030527,-70.8009948730469
9000000.00030528,-70.6554260253906
9000000.00030528,-70.5020980834961
9000000.00030529,-70.3428573608398
9000000.00030529,-70.1795806884766
9000000.0003053,-70.0141143798828
9000000.0003053,-69.8483276367188
9000000.00030531,-69.68408203125
9000000.00030531,-69.5232315063477
9000000.00030532,-69.3676452636719
9000000.00030532,-69.2191696166992
9000000.00030533,-69.0796813964844
9000000.00030533,-68.9442291259766
9000000.00030534,-68.8074188232422
9000000.00030534,-68.6703796386719
9000000.00030535,-68.5342636108398
9000000.00030535,-68.4002151489258
9000000.00030536,-68.2693634033203
9000000.00030536,-68.1428680419922
9000000.00030537,-68.0218658447266
9000000.00030537,-67.9074935913086
9000000.00030538,-67.8009033203125
9000000.00030538,-67.703239440918
9000000.00030539,-67.6156387329102
9000000.00030539,-67.5392456054688
9000000.0003054,-67.47216796875
9000000.0003054,-67.4060592651367
9000000.00030541,-67.3421173095703
9000000.00030541,-67.2823257446289
9000000.00030542,-67.228645324707
9000000.00030542,-67.1830520629883
9000000.00030543,-67.1475296020508
9000000.00030543,-67.1240463256836
9000000.00030544,-67.1145706176758
9000000.00030544,-67.1210861206055
9000000.00030545,-67.1455535888672
9000000.00030545,-67.1899566650391
9000000.00030546,-67.2562713623047
9000000.00030546,-67.3458480834961
9000000.00030547,-67.4521942138672
9000000.00030547,-67.5734329223633
9000000.00030548,-67.7100524902344
9000000.00030548,-67.8625640869141
9000000.00030549,-68.0314331054688
9000000.00030549,-68.217170715332
9000000.0003055,-68.4202575683594
9000000.0003055,-68.6411895751953
9000000.00030551,-68.8804550170898
9000000.00030551,-69.1385498046875
9000000.00030552,-69.4159545898438
9000000.00030552,-69.7131729125977
9000000.00030553,-70.0306854248047
9000000.00030553,-70.4019546508789
9000000.00030554,-70.8490447998047
9000000.00030554,-71.355339050293
9000000.00030555,-71.9042282104492
9000000.00030555,-72.4791107177734
9000000.00030556,-73.0633697509766
9000000.00030556,-73.6404037475586
9000000.00030557,-74.1935958862305
9000000.00030557,-74.7063446044922
9000000.00030558,-75.1620330810547
9000000.00030558,-75.5440673828125
9000000.00030559,-75.835823059082
9000000.00030559,-76.0206909179688
9000000.0003056,-76.0871353149414
9000000.0003056,-76.0486526489258
9000000.00030561,-75.9189453125
9000000.00030561,-75.7109680175781
9000000.00030562,-75.4376983642578
9000000.00030562,-75.1120986938477
9000000.00030563,-74.7471389770508
9000000.00030563,-74.3557891845703
9000000.00030564,-73.9510192871094
9000000.00030564,-73.5457916259766
9000000.00030565,-73.153076171875
9000000.00030565,-72.7858352661133
9000000.00030566,-72.4570541381836
9000000.00030566,-72.1758041381836
9000000.00030567,-71.9014739990234
9000000.00030567,-71.6218109130859
9000000.00030568,-71.3393020629883
9000000.00030568,-71.0564498901367
9000000.00030569,-70.775749206543
9000000.00030569,-70.4996871948242
9000000.0003057,-70.2307739257813
9000000.0003057,-69.9714889526367
9000000.00030571,-69.7243423461914
9000000.00030571,-69.491813659668
9000000.00030572,-69.2764129638672
9000000.00030572,-69.0806350708008
9000000.00030573,-68.9069671630859
9000000.00030573,-68.7528457641602
9000000.00030574,-68.6137313842773
9000000.00030574,-68.4891967773438
9000000.00030575,-68.3788146972656
9000000.00030575,-68.2821426391602
9000000.00030576,-68.1987457275391
9000000.00030576,-68.1281890869141
9000000.00030577,-68.0700378417969
9000000.00030577,-68.0238647460938
9000000.00030578,-67.9892349243164
9000000.00030578,-67.965705871582
9000000.00030579,-67.9528503417969
9000000.00030579,-67.9502258300781
9000000.0003058,-67.9567260742188
9000000.0003058,-67.9704513549805
9000000.00030581,-67.9924087524414
9000000.00030581,-68.023811340332
9000000.00030582,-68.0658569335938
9000000.00030582,-68.1197662353516
9000000.00030583,-68.1867294311523
9000000.00030583,-68.2679672241211
9000000.00030584,-68.3646850585938
9000000.00030584,-68.4780883789063
9000000.00030585,-68.6093826293945
9000000.00030585,-68.7597808837891
9000000.00030586,-68.9304809570313
9000000.00030586,-69.1243438720703
9000000.00030587,-69.3612289428711
9000000.00030587,-69.6403121948242
9000000.00030588,-69.9534683227539
9000000.00030588,-70.2925872802734
9000000.00030589,-70.6495666503906
9000000.00030589,-71.0162887573242
9000000.0003059,-71.3846435546875
9000000.0003059,-71.7465133666992
9000000.00030591,-72.0937881469727
9000000.00030591,-72.4183654785156
9000000.00030592,-72.7121276855469
9000000.00030592,-72.9669570922852
9000000.00030593,-73.1747436523438
9000000.00030593,-73.3483810424805
9000000.00030594,-73.5056457519531
9000000.00030594,-73.6457366943359
9000000.00030595,-73.7678680419922
9000000.00030595,-73.8712539672852
9000000.00030596,-73.9551010131836
9000000.00030596,-74.0186233520508
9000000.00030597,-74.0610275268555
9000000.00030597,-74.0815200805664
9000000.00030598,-74.0793228149414
9000000.00030598,-74.0536346435547
9000000.00030599,-74.0036697387695
9000000.00030599,-73.9286422729492
9000000.000306,-73.8250503540039
9000000.000306,-73.6854476928711
9000000.00030601,-73.512809753418
9000000.00030601,-73.3108978271484
9000000.00030602,-73.0834579467773
9000000.00030602,-72.8342361450195
9000000.00030603,-72.5670013427734
9000000.00030603,-72.2854843139648
9000000.00030604,-71.9934539794922
9000000.00030604,-71.6946487426758
9000000.00030605,-71.392822265625
9000000.00030605,-71.0917358398438
9000000.00030606,-70.7951278686523
9000000.00030606,-70.5049057006836
9000000.00030607,-70.2008056640625
9000000.00030607,-69.8791732788086
9000000.00030608,-69.5437316894531
9000000.00030608,-69.1982040405273
9000000.00030609,-68.8463287353516
9000000.00030609,-68.491828918457
9000000.0003061,-68.1384429931641
9000000.0003061,-67.7898864746094
9000000.00030611,-67.4498977661133
9000000.00030611,-67.122200012207
9000000.00030612,-66.8105316162109
9000000.00030612,-66.5186080932617
9000000.00030613,-66.2501754760742
9000000.00030613,-65.9970092773438
9000000.00030614,-65.749397277832
9000000.00030614,-65.5088195800781
9000000.00030615,-65.2767562866211
9000000.00030615,-65.0546722412109
9000000.00030616,-64.8440399169922
9000000.00030616,-64.6463394165039
9000000.00030617,-64.4630432128906
9000000.00030617,-64.2956237792969
9000000.00030618,-64.1455612182617
9000000.00030618,-64.0143280029297
9000000.00030619,-63.9033889770508
9000000.00030619,-63.8142318725586
9000000.0003062,-63.7473449707031
9000000.0003062,-63.7000770568848
9000000.00030621,-63.6716270446777
9000000.00030621,-63.6614151000977
9000000.00030622,-63.6688461303711
9000000.00030622,-63.6933403015137
9000000.00030623,-63.734302520752
9000000.00030623,-63.791145324707
9000000.00030624,-63.8632888793945
9000000.00030624,-63.9501342773438
9000000.00030625,-64.0511016845703
9000000.00030625,-64.1656036376953
9000000.00030626,-64.2930450439453
9000000.00030626,-64.4341201782227
9000000.00030627,-64.6036987304688
9000000.00030627,-64.8024978637695
9000000.00030628,-65.0258102416992
9000000.00030628,-65.268928527832
9000000.00030629,-65.5271453857422
9000000.00030629,-65.7957611083984
9000000.0003063,-66.0700531005859
9000000.0003063,-66.345329284668
9000000.00030631,-66.6168746948242
9000000.00030631,-66.8799743652344
9000000.00030632,-67.1299362182617
9000000.00030632,-67.3620452880859
9000000.00030633,-67.5715866088867
9000000.00030633,-67.768928527832
9000000.00030634,-67.9663238525391
9000000.00030634,-68.1619110107422
9000000.00030635,-68.3538436889648
9000000.00030635,-68.5402450561523
9000000.00030636,-68.7192764282227
9000000.00030636,-68.8890686035156
9000000.00030637,-69.0477676391602
9000000.00030637,-69.1935195922852
9000000.00030638,-69.324462890625
9000000.00030638,-69.4387435913086
9000000.00030639,-69.5345001220703
9000000.00030639,-69.6098709106445
9000000.0003064,-69.6626815795898
9000000.0003064,-69.6920013427734
9000000.00030641,-69.7000579833984
9000000.00030641,-69.6892547607422
9000000.00030642,-69.661979675293
9000000.00030642,-69.6206436157227
9000000.00030643,-69.567626953125
9000000.00030643,-69.5053405761719
9000000.00030644,-69.4361801147461
9000000.00030644,-69.3625335693359
9000000.00030645,-69.2868041992188
9000000.00030645,-69.2113952636719
9000000.00030646,-69.1386871337891
9000000.00030646,-69.0698699951172
9000000.00030647,-68.9915618896484
9000000.00030647,-68.9014053344727
9000000.00030648,-68.8019409179688
9000000.00030648,-68.6957168579102
9000000.00030649,-68.5852508544922
9000000.00030649,-68.4731063842773
9000000.0003065,-68.3618011474609
9000000.0003065,-68.2538757324219
9000000.00030651,-68.1518707275391
9000000.00030651,-68.0583267211914
9000000.00030652,-67.9757766723633
9000000.00030652,-67.9067535400391
9000000.00030653,-67.8538055419922
9000000.00030653,-67.8128890991211
9000000.00030654,-67.7784576416016
9000000.00030654,-67.7507476806641
9000000.00030655,-67.7300109863281
9000000.00030655,-67.7164916992188
9000000.00030656,-67.7104415893555
9000000.00030656,-67.7121047973633
9000000.00030657,-67.7217254638672
9000000.00030657,-67.7395629882813
9000000.00030658,-67.7658538818359
9000000.00030658,-67.8008499145508
9000000.00030659,-67.8447952270508
9000000.00030659,-67.8979415893555
9000000.0003066,-67.9604263305664
9000000.0003066,-68.0319519042969
9000000.00030661,-68.1123428344727
9000000.00030661,-68.2014465332031
9000000.00030662,-68.2990951538086
9000000.00030662,-68.405143737793
9000000.00030663,-68.5194244384766
9000000.00030663,-68.6417922973633
9000000.00030664,-68.7720794677734
9000000.00030664,-68.9101333618164
9000000.00030665,-69.055793762207
9000000.00030665,-69.2089004516602
9000000.00030666,-69.3693084716797
9000000.00030666,-69.5366668701172
9000000.00030667,-69.7087097167969
9000000.00030667,-69.8855667114258
9000000.00030668,-70.0681610107422
9000000.00030668,-70.2574462890625
9000000.00030669,-70.4543533325195
9000000.00030669,-70.6598358154297
9000000.0003067,-70.8748168945313
9000000.0003067,-71.1002502441406
9000000.00030671,-71.3370666503906
9000000.00030671,-71.5862121582031
9000000.00030672,-71.8486251831055
9000000.00030672,-72.1252517700195
9000000.00030673,-72.4170227050781
9000000.00030673,-72.7309951782227
9000000.00030674,-73.0708694458008
9000000.00030674,-73.4325942993164
9000000.00030675,-73.8120956420898
9000000.00030675,-74.2053146362305
9000000.00030676,-74.6081848144531
9000000.00030676,-75.0166397094727
9000000.00030677,-75.426628112793
9000000.00030677,-75.8340682983398
9000000.00030678,-76.2349090576172
9000000.00030678,-76.6250839233398
9000000.00030679,-77.0005264282227
9000000.00030679,-77.357177734375
9000000.0003068,-77.7066040039063
9000000.0003068,-78.091796875
9000000.00030681,-78.5046539306641
9000000.00030681,-78.932991027832
9000000.00030682,-79.3646392822266
9000000.00030682,-79.7874374389648
9000000.00030683,-80.189208984375
9000000.00030683,-80.5577774047852
9000000.00030684,-80.8809814453125
9000000.00030684,-81.1466445922852
9000000.00030685,-81.3425979614258
9000000.00030685,-81.4566650390625
9000000.00030686,-81.476676940918
9000000.00030686,-81.3898620605469
9000000.00030687,-81.1843490600586
9000000.00030687,-80.8709869384766
9000000.00030688,-80.4650726318359
9000000.00030688,-79.9819183349609
9000000.00030689,-79.4368133544922
9000000.00030689,-78.8450698852539
9000000.0003069,-78.2219772338867
9000000.0003069,-77.5828475952148
9000000.00030691,-76.9429779052734
9000000.00030691,-76.3176651000977
9000000.00030692,-75.7222137451172
9000000.00030692,-75.1719284057617
9000000.00030693,-74.6820983886719
9000000.00030693,-74.2270355224609
9000000.00030694,-73.7722702026367
9000000.00030694,-73.3199691772461
9000000.00030695,-72.8723068237305
9000000.00030695,-72.4314346313477
9000000.00030696,-71.9995269775391
9000000.00030696,-71.5787506103516
9000000.00030697,-71.1712646484375
9000000.00030697,-70.7792434692383
9000000.00030698,-70.4048385620117
9000000.00030698,-70.0502243041992
9000000.00030699,-69.7175674438477
9000000.00030699,-69.4090270996094
9000000.000307,-69.1240081787109
9000000.000307,-68.8549346923828
9000000.00030701,-68.6016998291016
9000000.00030701,-68.364860534668
9000000.00030702,-68.1449661254883
9000000.00030702,-67.9425811767578
9000000.00030703,-67.7582626342773
9000000.00030703,-67.5925598144531
9000000.00030704,-67.4460372924805
9000000.00030704,-67.3192443847656
9000000.00030705,-67.2127380371094
9000000.00030705,-67.127082824707
9000000.00030706,-67.0628204345703
9000000.00030706,-67.0211868286133
9000000.00030707,-67.0102691650391
9000000.00030707,-67.0296783447266
9000000.00030708,-67.0760345458984
9000000.00030708,-67.1459884643555
9000000.00030709,-67.2361679077148
9000000.00030709,-67.3432159423828
9000000.0003071,-67.4637680053711
9000000.0003071,-67.5944595336914
9000000.00030711,-67.7319259643555
9000000.00030711,-67.872802734375
9000000.00030712,-68.0137252807617
9000000.00030712,-68.1513366699219
9000000.00030713,-68.2822723388672
9000000.00030713,-68.4227066040039
9000000.00030714,-68.5873413085938
9000000.00030714,-68.7705688476563
9000000.00030715,-68.9667892456055
9000000.00030715,-69.1704025268555
9000000.00030716,-69.3758163452148
9000000.00030716,-69.5774307250977
9000000.00030717,-69.7696380615234
9000000.00030717,-69.9468383789063
9000000.00030718,-70.1034469604492
9000000.00030718,-70.2338485717773
9000000.00030719,-70.3324508666992
9000000.00030719,-70.3936462402344
9000000.0003072,-70.4159164428711
9000000.0003072,-70.4103393554688
9000000.00030721,-70.3796310424805
9000000.00030721,-70.3256607055664
9000000.00030722,-70.2502670288086
9000000.00030722,-70.1553039550781
9000000.00030723,-70.0426330566406
9000000.00030723,-69.9140853881836
9000000.00030724,-69.7715225219727
9000000.00030724,-69.6167984008789
9000000.00030725,-69.4517593383789
9000000.00030725,-69.2782592773438
9000000.00030726,-69.0981521606445
9000000.00030726,-68.9117660522461
9000000.00030727,-68.702033996582
9000000.00030727,-68.4670486450195
9000000.00030728,-68.2111587524414
9000000.00030728,-67.9386978149414
9000000.00030729,-67.6539993286133
9000000.00030729,-67.3614044189453
9000000.0003073,-67.0652542114258
9000000.0003073,-66.7698745727539
9000000.00030731,-66.479606628418
9000000.00030731,-66.1987991333008
9000000.00030732,-65.931770324707
9000000.00030732,-65.6828765869141
9000000.00030733,-65.4564437866211
9000000.00030733,-65.2421951293945
9000000.00030734,-65.0283432006836
9000000.00030734,-64.8169555664063
9000000.00030735,-64.6100997924805
9000000.00030735,-64.4098510742188
9000000.00030736,-64.2182693481445
9000000.00030736,-64.0374374389648
9000000.00030737,-63.8694190979004
9000000.00030737,-63.7162818908691
9000000.00030738,-63.5800971984863
9000000.00030738,-63.4629325866699
9000000.00030739,-63.3668594360352
9000000.00030739,-63.2939491271973
9000000.0003074,-63.2430763244629
9000000.0003074,-63.2054977416992
9000000.00030741,-63.1815414428711
9000000.00030741,-63.1723289489746
9000000.00030742,-63.1789741516113
9000000.00030742,-63.2025871276855
9000000.00030743,-63.2442817687988
9000000.00030743,-63.3051795959473
9000000.00030744,-63.3863868713379
9000000.00030744,-63.4890213012695
9000000.00030745,-63.6141967773438
9000000.00030745,-63.7630271911621
9000000.00030746,-63.9366302490234
9000000.00030746,-64.1344604492188
9000000.00030747,-64.3374481201172
9000000.00030747,-64.5443344116211
9000000.00030748,-64.7608337402344
9000000.00030748,-64.9926605224609
9000000.00030749,-65.2455291748047
9000000.00030749,-65.5251541137695
9000000.0003075,-65.8372421264648
9000000.0003075,-66.1875076293945
9000000.00030751,-66.5816650390625
9000000.00030751,-67.0254287719727
9000000.00030752,-67.5245056152344
9000000.00030752,-68.0846176147461
9000000.00030753,-68.7114791870117
9000000.00030753,-69.47265625
9000000.00030754,-70.4074478149414
9000000.00030754,-71.4791107177734
9000000.00030755,-72.6509017944336
9000000.00030755,-73.8860931396484
9000000.00030756,-75.1479339599609
9000000.00030756,-76.3996963500977
9000000.00030757,-77.6046371459961
9000000.00030757,-78.7260208129883
9000000.00030758,-79.7270965576172
9000000.00030758,-80.5711441040039
9000000.00030759,-81.2214202880859
9000000.00030759,-81.6411819458008
9000000.0003076,-81.8033599853516
9000000.0003076,-81.7336654663086
9000000.00030761,-81.4635772705078
9000000.00030761,-81.0233993530273
9000000.00030762,-80.4434432983398
9000000.00030762,-79.7539978027344
9000000.00030763,-78.9853820800781
9000000.00030763,-78.1678924560547
9000000.00030764,-77.3318252563477
9000000.00030764,-76.5074920654297
9000000.00030765,-75.7251968383789
9000000.00030765,-75.0152435302734
9000000.00030766,-74.4079284667969
9000000.00030766,-73.9258193969727
9000000.00030767,-73.4897003173828
9000000.00030767,-73.0711135864258
9000000.00030768,-72.6703720092773
9000000.00030768,-72.2877655029297
9000000.00030769,-71.9235916137695
9000000.00030769,-71.5781478881836
9000000.0003077,-71.2517318725586
9000000.0003077,-70.9446411132813
9000000.00030771,-70.6571807861328
9000000.00030771,-70.3896408081055
9000000.00030772,-70.1423187255859
9000000.00030772,-69.9155120849609
9000000.00030773,-69.7095184326172
9000000.00030773,-69.5304946899414
9000000.00030774,-69.3822708129883
9000000.00030774,-69.2616424560547
9000000.00030775,-69.1654205322266
9000000.00030775,-69.0904083251953
9000000.00030776,-69.0334091186523
9000000.00030776,-68.9912338256836
9000000.00030777,-68.9606781005859
9000000.00030777,-68.9385528564453
9000000.00030778,-68.9216613769531
9000000.00030778,-68.9068069458008
9000000.00030779,-68.8908004760742
9000000.00030779,-68.8704452514648
9000000.0003078,-68.8448104858398
9000000.0003078,-68.820068359375
9000000.00030781,-68.7978363037109
9000000.00030781,-68.7792053222656
9000000.00030782,-68.7653045654297
9000000.00030782,-68.7572402954102
9000000.00030783,-68.7561264038086
9000000.00030783,-68.763069152832
9000000.00030784,-68.779182434082
9000000.00030784,-68.8055877685547
9000000.00030785,-68.843391418457
9000000.00030785,-68.8937072753906
9000000.00030786,-68.957649230957
9000000.00030786,-69.0349960327148
9000000.00030787,-69.1105804443359
9000000.00030787,-69.1831893920898
9000000.00030788,-69.2571792602539
9000000.00030788,-69.3368759155273
9000000.00030789,-69.4266204833984
9000000.00030789,-69.53076171875
9000000.0003079,-69.6536331176758
9000000.0003079,-69.7995758056641
9000000.00030791,-69.9729309082031
9000000.00030791,-70.1780319213867
9000000.00030792,-70.4192276000977
9000000.00030792,-70.7008590698242
9000000.00030793,-71.0272598266602
9000000.00030793,-71.437141418457
9000000.00030794,-71.9517974853516
9000000.00030794,-72.5494766235352
9000000.00030795,-73.2084045410156
9000000.00030795,-73.9068374633789
9000000.00030796,-74.6230010986328
9000000.00030796,-75.3351287841797
9000000.00030797,-76.0214691162109
9000000.00030797,-76.6602630615234
9000000.00030798,-77.229736328125
9000000.00030798,-77.7081298828125
9000000.00030799,-78.0736923217773
9000000.00030799,-78.3046493530273
9000000.000308,-78.3885650634766
9000000.000308,-78.3505783081055
9000000.00030801,-78.2064743041992
9000000.00030801,-77.9703674316406
9000000.00030802,-77.6563873291016
9000000.00030802,-77.2786483764648
9000000.00030803,-76.8512649536133
9000000.00030803,-76.3883666992188
9000000.00030804,-75.9040679931641
9000000.00030804,-75.412483215332
9000000.00030805,-74.9277420043945
9000000.00030805,-74.4639663696289
9000000.00030806,-74.0352630615234
9000000.00030806,-73.6510696411133
9000000.00030807,-73.2616882324219
9000000.00030807,-72.8537139892578
9000000.00030808,-72.4317779541016
9000000.00030808,-72.0005340576172
9000000.00030809,-71.5646362304688
9000000.00030809,-71.1287231445313
9000000.0003081,-70.6974487304688
9000000.0003081,-70.2754592895508
9000000.00030811,-69.8674087524414
9000000.00030811,-69.4779357910156
9000000.00030812,-69.111686706543
9000000.00030812,-68.773323059082
9000000.00030813,-68.4674758911133
9000000.00030813,-68.1858062744141
9000000.00030814,-67.9174575805664
9000000.00030814,-67.6633758544922
9000000.00030815,-67.4244613647461
9000000.00030815,-67.20166015625
9000000.00030816,-66.9958877563477
9000000.00030816,-66.8080673217773
9000000.00030817,-66.6391220092773
9000000.00030817,-66.4899826049805
9000000.00030818,-66.361572265625
9000000.00030818,-66.2548141479492
9000000.00030819,-66.1706314086914
9000000.00030819,-66.1099472045898
9000000.0003082,-66.0727615356445
9000000.0003082,-66.0565338134766
9000000.00030821,-66.0610198974609
9000000.00030821,-66.086181640625
9000000.00030822,-66.1319961547852
9000000.00030822,-66.1984329223633
9000000.00030823,-66.2854537963867
9000000.00030823,-66.3930206298828
9000000.00030824,-66.5211181640625
9000000.00030824,-66.6697082519531
9000000.00030825,-66.838752746582
9000000.00030825,-67.0282287597656
9000000.00030826,-67.2380981445313
9000000.00030826,-67.4701385498047
9000000.00030827,-67.7456588745117
9000000.00030827,-68.0649642944336
9000000.00030828,-68.4205627441406
9000000.00030828,-68.8049621582031
9000000.00030829,-69.2106781005859
9000000.00030829,-69.6302261352539
9000000.0003083,-70.0561065673828
9000000.0003083,-70.480842590332
9000000.00030831,-70.8969345092773
9000000.00030831,-71.2969055175781
9000000.00030832,-71.6732559204102
9000000.00030832,-72.0185012817383
9000000.00030833,-72.3251571655273
9000000.00030833,-72.6108779907227
9000000.00030834,-72.8959503173828
9000000.00030834,-73.1768646240234
9000000.00030835,-73.450065612793
9000000.00030835,-73.712043762207
9000000.00030836,-73.9592666625977
9000000.00030836,-74.1881942749023
9000000.00030837,-74.3953018188477
9000000.00030837,-74.5770568847656
9000000.00030838,-74.7299346923828
9000000.00030838,-74.8504028320313
9000000.00030839,-74.934928894043
9000000.00030839,-74.9799880981445
9000000.0003084,-74.9803695678711
9000000.0003084,-74.9313354492188
9000000.00030841,-74.8379974365234
9000000.00030841,-74.7060546875
9000000.00030842,-74.5411911010742
9000000.00030842,-74.3491058349609
9000000.00030843,-74.1354904174805
9000000.00030843,-73.9060440063477
9000000.00030844,-73.6664581298828
9000000.00030844,-73.4224319458008
9000000.00030845,-73.1796493530273
9000000.00030845,-72.9438095092773
9000000.00030846,-72.7206192016602
9000000.00030846,-72.513671875
9000000.00030847,-72.3007583618164
9000000.00030847,-72.0764389038086
9000000.00030848,-71.8433456420898
9000000.00030848,-71.604133605957
9000000.00030849,-71.3614501953125
9000000.00030849,-71.1179428100586
9000000.0003085,-70.8762512207031
9000000.0003085,-70.6390228271484
9000000.00030851,-70.4089126586914
9000000.00030851,-70.1885604858398
9000000.00030852,-69.9806060791016
9000000.00030852,-69.787712097168
9000000.00030853,-69.6125106811523
9000000.00030853,-69.4513549804688
9000000.00030854,-69.2988357543945
9000000.00030854,-69.1549301147461
9000000.00030855,-69.0196304321289
9000000.00030855,-68.8929138183594
9000000.00030856,-68.774772644043
9000000.00030856,-68.6651992797852
9000000.00030857,-68.5641632080078
9000000.00030857,-68.4716644287109
9000000.00030858,-68.3876876831055
9000000.00030858,-68.3122100830078
9000000.00030859,-68.2452239990234
9000000.00030859,-68.1867141723633
9000000.0003086,-68.1341094970703
9000000.0003086,-68.0803451538086
9000000.00030861,-68.0274810791016
9000000.00030861,-67.9782638549805
9000000.00030862,-67.935432434082
9000000.00030862,-67.901725769043
9000000.00030863,-67.8798980712891
9000000.00030863,-67.8726806640625
9000000.00030864,-67.8828277587891
9000000.00030864,-67.9130859375
9000000.00030865,-67.966194152832
9000000.00030865,-68.0448913574219
9000000.00030866,-68.1519241333008
9000000.00030866,-68.2861099243164
9000000.00030867,-68.4022369384766
9000000.00030867,-68.4972305297852
9000000.00030868,-68.5845413208008
9000000.00030868,-68.6776275634766
9000000.00030869,-68.7899322509766
9000000.00030869,-68.9349060058594
9000000.0003087,-69.1260070800781
9000000.0003087,-69.3766784667969
9000000.00030871,-69.7003784179688
9000000.00030871,-70.1105499267578
9000000.00030872,-70.6206512451172
9000000.00030872,-71.2441329956055
9000000.00030873,-71.9944381713867
9000000.00030873,-72.9658508300781
9000000.00030874,-74.2070541381836
9000000.00030874,-75.6630859375
9000000.00030875,-77.2789916992188
9000000.00030875,-78.9998245239258
9000000.00030876,-80.7706146240234
9000000.00030876,-82.5364303588867
9000000.00030877,-84.2422943115234
9000000.00030877,-85.8332672119141
9000000.00030878,-87.2543869018555
9000000.00030878,-88.4507064819336
9000000.00030879,-89.3672637939453
9000000.00030879,-89.949104309082
9000000.0003088,-90.1584014892578
9000000.0003088,-90.0409469604492
9000000.00030881,-89.6417007446289
9000000.00030881,-89.003173828125
9000000.00030882,-88.1678466796875
9000000.00030882,-87.17822265625
9000000.00030883,-86.0767822265625
9000000.00030883,-84.9060363769531
9000000.00030884,-83.7084732055664
9000000.00030884,-82.5265808105469
9000000.00030885,-81.4028625488281
9000000.00030885,-80.3797988891602
9000000.00030886,-79.4999008178711
9000000.00030886,-78.7953262329102
9000000.00030887,-78.161262512207
9000000.00030887,-77.5578994750977
9000000.00030888,-76.9834518432617
9000000.00030888,-76.4361114501953
9000000.00030889,-75.9140853881836
9000000.00030889,-75.4155883789063
9000000.0003089,-74.9388198852539
9000000.0003089,-74.4819793701172
9000000.00030891,-74.0432739257813
9000000.00030891,-73.6209106445313
9000000.00030892,-73.2130966186523
9000000.00030892,-72.8180389404297
9000000.00030893,-72.4339294433594
9000000.00030893,-72.065673828125
9000000.00030894,-71.7185897827148
9000000.00030894,-71.3914947509766
9000000.00030895,-71.0832366943359
9000000.00030895,-70.7926330566406
9000000.00030896,-70.5185241699219
9000000.00030896,-70.2597351074219
9000000.00030897,-70.0150909423828
9000000.00030897,-69.7834396362305
9000000.00030898,-69.563591003418
9000000.00030898,-69.3543930053711
9000000.00030899,-69.154670715332
9000000.00030899,-68.963249206543
9000000.000309,-68.7783660888672
9000000.000309,-68.5983123779297
9000000.00030901,-68.4248123168945
9000000.00030901,-68.2598190307617
9000000.00030902,-68.1052627563477
9000000.00030902,-67.9630737304688
9000000.00030903,-67.835205078125
9000000.00030903,-67.7235794067383
9000000.00030904,-67.6301345825195
9000000.00030904,-67.5568237304688
9000000.00030905,-67.5055694580078
9000000.00030905,-67.4783096313477
9000000.00030906,-67.4769973754883
9000000.00030906,-67.5037155151367
9000000.00030907,-67.5611953735352
9000000.00030907,-67.647705078125
9000000.00030908,-67.7605361938477
9000000.00030908,-67.8969497680664
9000000.00030909,-68.0542221069336
9000000.00030909,-68.229621887207
9000000.0003091,-68.4204254150391
9000000.0003091,-68.6239013671875
9000000.00030911,-68.8373260498047
9000000.00030911,-69.057975769043
9000000.00030912,-69.2831192016602
9000000.00030912,-69.5100250244141
9000000.00030913,-69.7359771728516
9000000.00030913,-69.9867935180664
9000000.00030914,-70.2829666137695
9000000.00030914,-70.6137847900391
9000000.00030915,-70.9685134887695
9000000.00030915,-71.3364486694336
9000000.00030916,-71.7068557739258
9000000.00030916,-72.0690231323242
9000000.00030917,-72.4122314453125
9000000.00030917,-72.7257461547852
9000000.00030918,-72.9988555908203
9000000.00030918,-73.220832824707
9000000.00030919,-73.380973815918
9000000.00030919,-73.4685363769531
9000000.0003092,-73.4741897583008
9000000.0003092,-73.4014892578125
9000000.00030921,-73.2607421875
9000000.00030921,-73.0623397827148
9000000.00030922,-72.8166580200195
9000000.00030922,-72.534065246582
9000000.00030923,-72.2249298095703
9000000.00030923,-71.8996429443359
9000000.00030924,-71.5685653686523
9000000.00030924,-71.2420806884766
9000000.00030925,-70.9305572509766
9000000.00030925,-70.6443786621094
9000000.00030926,-70.393913269043
9000000.00030926,-70.1867904663086
9000000.00030927,-69.9947357177734
9000000.00030927,-69.8080062866211
9000000.00030928,-69.6270980834961
9000000.00030928,-69.452522277832
9000000.00030929,-69.284782409668
9000000.00030929,-69.124397277832
9000000.0003093,-68.9718551635742
9000000.0003093,-68.8276824951172
9000000.00030931,-68.6923675537109
9000000.00030931,-68.5664291381836
9000000.00030932,-68.4503784179688
9000000.00030932,-68.3447113037109
9000000.00030933,-68.2499389648438
9000000.00030933,-68.1691207885742
9000000.00030934,-68.1037750244141
9000000.00030934,-68.0520629882813
9000000.00030935,-68.0121459960938
9000000.00030935,-67.9822006225586
9000000.00030936,-67.9603729248047
9000000.00030936,-67.9448471069336
9000000.00030937,-67.9337844848633
9000000.00030937,-67.9253463745117
9000000.00030938,-67.9177017211914
9000000.00030938,-67.9090118408203
9000000.00030939,-67.8974456787109
9000000.00030939,-67.8811721801758
9000000.0003094,-67.8575973510742
9000000.0003094,-67.8246154785156
9000000.00030941,-67.7847671508789
9000000.00030941,-67.7408905029297
9000000.00030942,-67.6958084106445
9000000.00030942,-67.65234375
9000000.00030943,-67.6133422851563
9000000.00030943,-67.5816192626953
9000000.00030944,-67.5600051879883
9000000.00030944,-67.5513381958008
9000000.00030945,-67.5584335327148
9000000.00030945,-67.5841217041016
9000000.00030946,-67.6312408447266
9000000.00030946,-67.7018966674805
9000000.00030947,-67.7888031005859
9000000.00030947,-67.8893051147461
9000000.00030948,-68.0033950805664
9000000.00030948,-68.1310653686523
9000000.00030949,-68.2723083496094
9000000.00030949,-68.4271087646484
9000000.0003095,-68.5954513549805
9000000.0003095,-68.77734375
9000000.00030951,-68.9727630615234
9000000.00030951,-69.1817092895508
9000000.00030952,-69.404167175293
9000000.00030952,-69.6401214599609
9000000.00030953,-69.8895797729492
9000000.00030953,-70.1745758056641
9000000.00030954,-70.5100173950195
9000000.00030954,-70.8851928710938
9000000.00030955,-71.2893753051758
9000000.00030955,-71.7118453979492
9000000.00030956,-72.1418914794922
9000000.00030956,-72.5687866210938
9000000.00030957,-72.9818115234375
9000000.00030957,-73.3702621459961
9000000.00030958,-73.7233963012695
9000000.00030958,-74.0305099487305
9000000.00030959,-74.2808837890625
9000000.00030959,-74.4637908935547
9000000.0003096,-74.5764312744141
9000000.0003096,-74.6403350830078
9000000.00030961,-74.6606369018555
9000000.00030961,-74.6407470703125
9000000.00030962,-74.5840835571289
9000000.00030962,-74.4940719604492
9000000.00030963,-74.3741149902344
9000000.00030963,-74.2276382446289
9000000.00030964,-74.0580596923828
9000000.00030964,-73.8687896728516
9000000.00030965,-73.6632461547852
9000000.00030965,-73.4448471069336
9000000.00030966,-73.2170104980469
9000000.00030966,-72.9807205200195
9000000.00030967,-72.7087326049805
9000000.00030967,-72.397590637207
9000000.00030968,-72.0538024902344
9000000.00030968,-71.6838607788086
9000000.00030969,-71.2942657470703
9000000.00030969,-70.8915176391602
9000000.0003097,-70.4821166992188
9000000.0003097,-70.0725631713867
9000000.00030971,-69.6693572998047
9000000.00030971,-69.2789916992188
9000000.00030972,-68.9079666137695
9000000.00030972,-68.5627822875977
9000000.00030973,-68.2499389648438
9000000.00030973,-67.9571533203125
9000000.00030974,-67.6688842773438
9000000.00030974,-67.3867034912109
9000000.00030975,-67.112190246582
9000000.00030975,-66.846923828125
9000000.00030976,-66.5924987792969
9000000.00030976,-66.3504867553711
9000000.00030977,-66.1224670410156
9000000.00030977,-65.9100341796875
9000000.00030978,-65.7147521972656
9000000.00030978,-65.5382080078125
9000000.00030979,-65.3819885253906
9000000.00030979,-65.2476654052734
9000000.0003098,-65.1355819702148
9000000.0003098,-65.0423355102539
9000000.00030981,-64.9672241210938
9000000.00030981,-64.9098434448242
9000000.00030982,-64.8697738647461
9000000.00030982,-64.8465881347656
9000000.00030983,-64.8398742675781
9000000.00030983,-64.8492202758789
9000000.00030984,-64.8741989135742
9000000.00030984,-64.9143981933594
9000000.00030985,-64.9693984985352
9000000.00030985,-65.0387802124023
9000000.00030986,-65.1221313476563
9000000.00030986,-65.2196807861328
9000000.00030987,-65.3389511108398
9000000.00030987,-65.4804229736328
9000000.00030988,-65.6418151855469
9000000.00030988,-65.8208541870117
9000000.00030989,-66.0152740478516
9000000.00030989,-66.2228012084961
9000000.0003099,-66.441162109375
9000000.0003099,-66.6680908203125
9000000.00030991,-66.9012985229492
9000000.00030991,-67.1385345458984
9000000.00030992,-67.3775024414063
9000000.00030992,-67.6159515380859
9000000.00030993,-67.8516006469727
9000000.00030993,-68.0964279174805
9000000.00030994,-68.3610610961914
9000000.00030994,-68.6412124633789
9000000.00030995,-68.9325866699219
9000000.00030995,-69.2309036254883
9000000.00030996,-69.5318603515625
9000000.00030996,-69.8311614990234
9000000.00030997,-70.1245269775391
9000000.00030997,-70.4076614379883
9000000.00030998,-70.67626953125
9000000.00030998,-70.9260635375977
9000000.00030999,-71.1527481079102
9000000.00030999,-71.3520355224609
9000000.00031,-71.5238494873047
9000000.00031,-71.6797103881836
9000000.00031001,-71.8208465576172
9000000.00031001,-71.9474945068359
9000000.00031002,-72.0598983764648
9000000.00031002,-72.158317565918
9000000.00031003,-72.2429809570313
9000000.00031003,-72.3141555786133
9000000.00031004,-72.3720703125
9000000.00031004,-72.4169769287109
9000000.00031005,-72.4491271972656
9000000.00031005,-72.4687652587891
9000000.00031006,-72.4761352539063
9000000.00031006,-72.4709167480469
9000000.00031007,-72.4465866088867
9000000.00031007,-72.40283203125
9000000.00031008,-72.3417434692383
9000000.00031008,-72.265380859375
9000000.00031009,-72.1758422851563
9000000.00031009,-72.0752029418945
9000000.0003101,-71.9655303955078
9000000.0003101,-71.8489227294922
9000000.00031011,-71.7274475097656
9000000.00031011,-71.6031875610352
9000000.00031012,-71.4782257080078
9000000.00031012,-71.3546447753906
9000000.00031013,-71.2345123291016
9000000.00031013,-71.110107421875
9000000.00031014,-70.973876953125
9000000.00031014,-70.8281784057617
9000000.00031015,-70.6753692626953
9000000.00031015,-70.5178070068359
9000000.00031016,-70.3578414916992
9000000.00031016,-70.1978378295898
9000000.00031017,-70.0401382446289
9000000.00031017,-69.8871154785156
9000000.00031018,-69.7411193847656
9000000.00031018,-69.6044998168945
9000000.00031019,-69.4796142578125
9000000.00031019,-69.3688278198242
9000000.0003102,-69.2687225341797
9000000.0003102,-69.1634902954102
9000000.00031021,-69.0551834106445
9000000.00031021,-68.9473571777344
9000000.00031022,-68.8435440063477
9000000.00031022,-68.7472763061523
9000000.00031023,-68.6620941162109
9000000.00031023,-68.5915451049805
9000000.00031024,-68.5391464233398
9000000.00031024,-68.5084533691406
9000000.00031025,-68.5029983520508
9000000.00031025,-68.5263061523438
9000000.00031026,-68.5819320678711
9000000.00031026,-68.6719131469727
9000000.00031027,-68.7800674438477
9000000.00031027,-68.9029846191406
9000000.00031028,-69.0431442260742
9000000.00031028,-69.2030334472656
9000000.00031029,-69.385124206543
9000000.00031029,-69.591911315918
9000000.0003103,-69.8258743286133
9000000.0003103,-70.089485168457
9000000.00031031,-70.3852462768555
9000000.00031031,-70.7156219482422
9000000.00031032,-71.0831069946289
9000000.00031032,-71.4901733398438
9000000.00031033,-71.9393157958984
9000000.00031033,-72.4898223876953
9000000.00031034,-73.1789932250977
9000000.00031034,-73.9762954711914
9000000.00031035,-74.851203918457
9000000.00031035,-75.7732009887695
9000000.00031036,-76.7117614746094
9000000.00031036,-77.6363525390625
9000000.00031037,-78.5164566040039
9000000.00031037,-79.3215484619141
9000000.00031038,-80.0210952758789
9000000.00031038,-80.584587097168
9000000.00031039,-80.9814834594727
9000000.00031039,-81.181266784668
9000000.0003104,-81.160026550293
9000000.0003104,-80.9352416992188
9000000.00031041,-80.5341720581055
9000000.00031041,-79.983528137207
9000000.00031042,-79.3099746704102
9000000.00031042,-78.5401992797852
9000000.00031043,-77.7008972167969
9000000.00031043,-76.8187484741211
9000000.00031044,-75.9204330444336
9000000.00031044,-75.0326461791992
9000000.00031045,-74.1820678710938
9000000.00031045,-73.395378112793
9000000.00031046,-72.6992721557617
9000000.00031046,-72.1134719848633
9000000.00031047,-71.5666122436523
9000000.00031047,-71.0336151123047
9000000.00031048,-70.5153198242188
9000000.00031048,-70.0125503540039
9000000.00031049,-69.5261459350586
9000000.00031049,-69.0569305419922
9000000.0003105,-68.6057357788086
9000000.0003105,-68.1734008789063
9000000.00031051,-67.7607574462891
9000000.00031051,-67.3686294555664
9000000.00031052,-66.9978485107422
9000000.00031052,-66.6492538452148
9000000.00031053,-66.3236694335938
9000000.00031053,-66.0201721191406
9000000.00031054,-65.7372131347656
9000000.00031054,-65.4746856689453
9000000.00031055,-65.2324600219727
9000000.00031055,-65.0104446411133
9000000.00031056,-64.8085098266602
9000000.00031056,-64.6265487670898
9000000.00031057,-64.4644470214844
9000000.00031057,-64.3220977783203
9000000.00031058,-64.1993865966797
9000000.00031058,-64.09619140625
9000000.00031059,-64.0124130249023
9000000.00031059,-63.9479370117188
9000000.0003106,-63.9027404785156
9000000.0003106,-63.8770866394043
9000000.00031061,-63.8710174560547
9000000.00031061,-63.8845596313477
9000000.00031062,-63.9177360534668
9000000.00031062,-63.9705619812012
9000000.00031063,-64.0430679321289
9000000.00031063,-64.1352691650391
9000000.00031064,-64.2471923828125
9000000.00031064,-64.3788604736328
9000000.00031065,-64.5302886962891
9000000.00031065,-64.7015151977539
9000000.00031066,-64.8925399780273
9000000.00031066,-65.103645324707
9000000.00031067,-65.3376846313477
9000000.00031067,-65.5946807861328
9000000.00031068,-65.8735961914063
9000000.00031068,-66.1734008789063
9000000.00031069,-66.4930648803711
9000000.00031069,-66.8315658569336
9000000.0003107,-67.187873840332
9000000.0003107,-67.5609512329102
9000000.00031071,-67.9497756958008
9000000.00031071,-68.3533096313477
9000000.00031072,-68.7705307006836
9000000.00031072,-69.2004013061523
9000000.00031073,-69.6419067382813
9000000.00031073,-70.1306533813477
9000000.00031074,-70.6918716430664
9000000.00031074,-71.3089294433594
9000000.00031075,-71.9651870727539
9000000.00031075,-72.6440048217773
9000000.00031076,-73.3287506103516
9000000.00031076,-74.002799987793
9000000.00031077,-74.6495056152344
9000000.00031077,-75.2522354125977
9000000.00031078,-75.7943572998047
9000000.00031078,-76.2592315673828
9000000.00031079,-76.6302337646484
9000000.00031079,-76.8907165527344
9000000.0003108,-77.0314559936523
9000000.0003108,-77.0724258422852
9000000.00031081,-77.0254745483398
9000000.00031081,-76.9011001586914
9000000.00031082,-76.7098007202148
9000000.00031082,-76.4620742797852
9000000.00031083,-76.1684188842773
9000000.00031083,-75.8393249511719
9000000.00031084,-75.4852981567383
9000000.00031084,-75.1168365478516
9000000.00031085,-74.7444305419922
9000000.00031085,-74.3785934448242
9000000.00031086,-74.0298004150391
9000000.00031086,-73.7045516967773
9000000.00031087,-73.3596878051758
9000000.00031087,-72.9851684570313
9000000.00031088,-72.5866165161133
9000000.00031088,-72.1696929931641
9000000.00031089,-71.7400360107422
9000000.00031089,-71.3032913208008
9000000.0003109,-70.8651123046875
9000000.0003109,-70.4311294555664
9000000.00031091,-70.0069961547852
9000000.00031091,-69.5983581542969
9000000.00031092,-69.2108612060547
9000000.00031092,-68.8501510620117
9000000.00031093,-68.521858215332
9000000.00031093,-68.2146835327148
9000000.00031094,-67.9146499633789
9000000.00031094,-67.6234588623047
9000000.00031095,-67.3428039550781
9000000.00031095,-67.0743865966797
9000000.00031096,-66.8198852539063
9000000.00031096,-66.5810165405273
9000000.00031097,-66.3594589233398
9000000.00031097,-66.1569061279297
9000000.00031098,-65.9750671386719
9000000.00031098,-65.8156204223633
9000000.00031099,-65.6802749633789
9000000.00031099,-65.5707168579102
9000000.000311,-65.4857940673828
9000000.000311,-65.4177017211914
9000000.00031101,-65.3668823242188
9000000.00031101,-65.3345184326172
9000000.00031102,-65.3217697143555
9000000.00031102,-65.3297882080078
9000000.00031103,-65.359748840332
9000000.00031103,-65.4128189086914
9000000.00031104,-65.4901504516602
9000000.00031104,-65.5929107666016
9000000.00031105,-65.7222671508789
9000000.00031105,-65.8793792724609
9000000.00031106,-66.0654144287109
9000000.00031106,-66.2818756103516
9000000.00031107,-66.5333099365234
9000000.00031107,-66.8187255859375
9000000.00031108,-67.1354522705078
9000000.00031108,-67.480827331543
9000000.00031109,-67.852180480957
9000000.00031109,-68.2468643188477
9000000.0003111,-68.6621932983398
9000000.0003111,-69.0955276489258
9000000.00031111,-69.5441818237305
9000000.00031111,-70.0055084228516
9000000.00031112,-70.4768295288086
9000000.00031112,-70.9554901123047
9000000.00031113,-71.4388275146484
9000000.00031113,-71.9640502929688
9000000.00031114,-72.5592956542969
9000000.00031114,-73.2082443237305
9000000.00031115,-73.8945999145508
9000000.00031115,-74.60205078125
9000000.00031116,-75.3142852783203
9000000.00031116,-76.0150146484375
9000000.00031117,-76.6879119873047
9000000.00031117,-77.3166809082031
9000000.00031118,-77.8850173950195
9000000.00031118,-78.3766098022461
9000000.00031119,-78.775146484375
9000000.00031119,-79.0643310546875
9000000.0003112,-79.2327728271484
9000000.0003112,-79.2935791015625
9000000.00031121,-79.2602386474609
9000000.00031121,-79.1455383300781
9000000.00031122,-78.9622650146484
9000000.00031122,-78.7232131958008
9000000.00031123,-78.441162109375
9000000.00031123,-78.12890625
9000000.00031124,-77.7992401123047
9000000.00031124,-77.4649429321289
9000000.00031125,-77.138801574707
9000000.00031125,-76.8336181640625
9000000.00031126,-76.5621643066406
9000000.00031126,-76.3336181640625
9000000.00031127,-76.1102447509766
9000000.00031127,-75.8800048828125
9000000.00031128,-75.6445159912109
9000000.00031128,-75.4054260253906
9000000.00031129,-75.1643676757813
9000000.00031129,-74.922981262207
9000000.0003113,-74.6828994750977
9000000.0003113,-74.4457550048828
9000000.00031131,-74.2131881713867
9000000.00031131,-73.9868392944336
9000000.00031132,-73.7683334350586
9000000.00031132,-73.5593185424805
9000000.00031133,-73.3614196777344
9000000.00031133,-73.1728286743164
9000000.00031134,-72.9904937744141
9000000.00031134,-72.8141937255859
9000000.00031135,-72.6436996459961
9000000.00031135,-72.4787902832031
9000000.00031136,-72.3192443847656
9000000.00031136,-72.1648330688477
9000000.00031137,-72.0153350830078
9000000.00031137,-71.8705368041992
9000000.00031138,-71.7302017211914
9000000.00031138,-71.5941162109375
9000000.00031139,-71.4620513916016
9000000.00031139,-71.3337860107422
9000000.0003114,-71.206657409668
9000000.0003114,-71.0739364624023
9000000.00031141,-70.9378051757813
9000000.00031141,-70.8011016845703
9000000.00031142,-70.6666870117188
9000000.00031142,-70.5373916625977
9000000.00031143,-70.4160690307617
9000000.00031143,-70.3055648803711
9000000.00031144,-70.2087249755859
9000000.00031144,-70.1284027099609
9000000.00031145,-70.0674362182617
9000000.00031145,-70.0286712646484
9000000.00031146,-70.0149536132813
9000000.00031146,-70.028205871582
9000000.00031147,-70.0585708618164
9000000.00031147,-70.1033554077148
9000000.00031148,-70.1634292602539
9000000.00031148,-70.2396697998047
9000000.00031149,-70.3329620361328
9000000.00031149,-70.4441757202148
9000000.0003115,-70.5741882324219
9000000.0003115,-70.7238845825195
9000000.00031151,-70.8941268920898
9000000.00031151,-71.085807800293
9000000.00031152,-71.2997970581055
9000000.00031152,-71.5369720458984
9000000.00031153,-71.798210144043
9000000.00031153,-72.1060943603516
9000000.00031154,-72.4748992919922
9000000.00031154,-72.8930511474609
9000000.00031155,-73.3489685058594
9000000.00031155,-73.8310775756836
9000000.00031156,-74.3277969360352
9000000.00031156,-74.8275451660156
9000000.00031157,-75.3187408447266
9000000.00031157,-75.7898178100586
9000000.00031158,-76.2291870117188
9000000.00031158,-76.6252746582031
9000000.00031159,-76.9664993286133
9000000.00031159,-77.2412796020508
9000000.0003116,-77.4482192993164
9000000.0003116,-77.6150665283203
9000000.00031161,-77.7460556030273
9000000.00031161,-77.8431549072266
9000000.00031162,-77.908317565918
9000000.00031162,-77.943489074707
9000000.00031163,-77.9506378173828
9000000.00031163,-77.9317092895508
9000000.00031164,-77.888671875
9000000.00031164,-77.8234634399414
9000000.00031165,-77.7380447387695
9000000.00031165,-77.6343841552734
9000000.00031166,-77.5144195556641
9000000.00031166,-77.3785018920898
9000000.00031167,-77.2084655761719
9000000.00031167,-77.002311706543
9000000.00031168,-76.7646484375
9000000.00031168,-76.5001220703125
9000000.00031169,-76.2133560180664
9000000.00031169,-75.9089736938477
9000000.0003117,-75.5915985107422
9000000.0003117,-75.265869140625
9000000.00031171,-74.9364013671875
9000000.00031171,-74.6078338623047
9000000.00031172,-74.284782409668
9000000.00031172,-73.9718856811523
9000000.00031173,-73.6737670898438
9000000.00031173,-73.3790512084961
9000000.00031174,-73.0748748779297
9000000.00031174,-72.7636489868164
9000000.00031175,-72.4477844238281
9000000.00031175,-72.1296844482422
9000000.00031176,-71.811767578125
9000000.00031176,-71.4964294433594
9000000.00031177,-71.1860885620117
9000000.00031177,-70.8831481933594
9000000.00031178,-70.5900115966797
9000000.00031178,-70.3090972900391
9000000.00031179,-70.0428085327148
9000000.00031179,-69.7935485839844
9000000.0003118,-69.5596237182617
9000000.0003118,-69.3297805786133
9000000.00031181,-69.1047210693359
9000000.00031181,-68.8861465454102
9000000.00031182,-68.6757888793945
9000000.00031182,-68.4753494262695
9000000.00031183,-68.2865447998047
9000000.00031183,-68.1110916137695
9000000.00031184,-67.9507064819336
9000000.00031184,-67.8070983886719
9000000.00031185,-67.6819839477539
9000000.00031185,-67.5770721435547
9000000.00031186,-67.4940948486328
9000000.00031186,-67.4346618652344
9000000.00031187,-67.3985443115234
9000000.00031187,-67.3841705322266
9000000.00031188,-67.3900680541992
9000000.00031188,-67.4147720336914
9000000.00031189,-67.4567947387695
9000000.00031189,-67.5146713256836
9000000.0003119,-67.5869216918945
9000000.0003119,-67.6720657348633
9000000.00031191,-67.7686386108398
9000000.00031191,-67.8751525878906
9000000.00031192,-67.9901428222656
9000000.00031192,-68.1121368408203
9000000.00031193,-68.2396469116211
9000000.00031193,-68.3868713378906
9000000.00031194,-68.5650405883789
9000000.00031194,-68.7682571411133
9000000.00031195,-68.990608215332
9000000.00031195,-69.2261810302734
9000000.00031196,-69.4690856933594
9000000.00031196,-69.7134017944336
9000000.00031197,-69.9532241821289
9000000.00031197,-70.1826553344727
9000000.00031198,-70.3957748413086
9000000.00031198,-70.5866928100586
9000000.00031199,-70.7494888305664
9000000.00031199,-70.8782653808594
9000000.000312,-70.9730529785156
9000000.000312,-71.0500564575195
9000000.00031201,-71.1108703613281
9000000.00031201,-71.1556701660156
9000000.00031202,-71.1846694946289
9000000.00031202,-71.1980743408203
9000000.00031203,-71.1960678100586
9000000.00031203,-71.1788558959961
9000000.00031204,-71.1466522216797
9000000.00031204,-71.0996322631836
9000000.00031205,-71.0380172729492
9000000.00031205,-70.9619979858398
9000000.00031206,-70.8717803955078
9000000.00031206,-70.7663726806641
9000000.00031207,-70.6319580078125
9000000.00031207,-70.4681777954102
9000000.00031208,-70.2797241210938
9000000.00031208,-70.0712890625
9000000.00031209,-69.8475723266602
9000000.00031209,-69.61328125
9000000.0003121,-69.3730926513672
9000000.0003121,-69.131721496582
9000000.00031211,-68.8938522338867
9000000.00031211,-68.664176940918
9000000.00031212,-68.4474105834961
9000000.00031212,-68.2482299804688
9000000.00031213,-68.0713424682617
9000000.00031213,-67.9055786132813
9000000.00031214,-67.7381439208984
9000000.00031214,-67.5712966918945
9000000.00031215,-67.4073028564453
9000000.00031215,-67.2484130859375
9000000.00031216,-67.0968933105469
9000000.00031216,-66.9550094604492
9000000.00031217,-66.8250122070313
9000000.00031217,-66.7091674804688
9000000.00031218,-66.6097259521484
9000000.00031218,-66.5289688110352
9000000.00031219,-66.4691314697266
9000000.00031219,-66.4324951171875
9000000.0003122,-66.4196853637695
9000000.0003122,-66.4262924194336
9000000.00031221,-66.4512023925781
9000000.00031221,-66.4936370849609
9000000.00031222,-66.5528335571289
9000000.00031222,-66.6280136108398
9000000.00031223,-66.7184219360352
9000000.00031223,-66.8232727050781
9000000.00031224,-66.9418029785156
9000000.00031224,-67.0732421875
9000000.00031225,-67.2168121337891
9000000.00031225,-67.3717575073242
9000000.00031226,-67.5373001098633
9000000.00031226,-67.7140655517578
9000000.00031227,-67.9181823730469
9000000.00031227,-68.1505584716797
9000000.00031228,-68.4062042236328
9000000.00031228,-68.6801300048828
9000000.00031229,-68.9673461914063
9000000.00031229,-69.2628631591797
9000000.0003123,-69.5616989135742
9000000.0003123,-69.8588485717773
9000000.00031231,-70.1493377685547
9000000.00031231,-70.4281768798828
9000000.00031232,-70.6903610229492
9000000.00031232,-70.9309158325195
9000000.00031233,-71.1448516845703
9000000.00031233,-71.3446578979492
9000000.00031234,-71.5443649291992
9000000.00031234,-71.7412643432617
9000000.00031235,-71.9326324462891
9000000.00031235,-72.1157684326172
9000000.00031236,-72.2879638671875
9000000.00031236,-72.4465103149414
9000000.00031237,-72.5886840820313
9000000.00031237,-72.711784362793
9000000.00031238,-72.8130950927734
9000000.00031238,-72.8899154663086
9000000.00031239,-72.9395294189453
9000000.00031239,-72.959228515625
9000000.0003124,-72.9462890625
9000000.0003124,-72.9006271362305
9000000.00031241,-72.8251419067383
9000000.00031241,-72.7228393554688
9000000.00031242,-72.5967102050781
9000000.00031242,-72.4497680664063
9000000.00031243,-72.2850112915039
9000000.00031243,-72.1054458618164
9000000.00031244,-71.9140625
9000000.00031244,-71.7138748168945
9000000.00031245,-71.5078887939453
9000000.00031245,-71.2990951538086
9000000.00031246,-71.0904998779297
9000000.00031246,-70.8834915161133
9000000.00031247,-70.6601791381836
9000000.00031247,-70.4176254272461
9000000.00031248,-70.1593856811523
9000000.00031248,-69.889045715332
9000000.00031249,-69.6101608276367
9000000.00031249,-69.3263168334961
9000000.0003125,-69.0410766601563
9000000.0003125,-68.7580108642578
9000000.00031251,-68.4806900024414
9000000.00031251,-68.2126922607422
9000000.00031252,-67.9575729370117
9000000.00031252,-67.7189254760742
9000000.00031253,-67.5002975463867
9000000.00031253,-67.2934646606445
9000000.00031254,-67.0888519287109
9000000.00031254,-66.888069152832
9000000.00031255,-66.6927032470703
9000000.00031255,-66.5043563842773
9000000.00031256,-66.3246307373047
9000000.00031256,-66.1551284790039
9000000.00031257,-65.997428894043
9000000.00031257,-65.8531494140625
9000000.00031258,-65.723876953125
9000000.00031258,-65.611213684082
9000000.00031259,-65.5167617797852
9000000.00031259,-65.4421081542969
9000000.0003126,-65.3869094848633
9000000.0003126,-65.3458251953125
9000000.00031261,-65.3187026977539
9000000.00031261,-65.3058624267578
9000000.00031262,-65.3076095581055
9000000.00031262,-65.3242568969727
9000000.00031263,-65.3561248779297
9000000.00031263,-65.4035186767578
9000000.00031264,-65.4667434692383
9000000.00031264,-65.5461349487305
9000000.00031265,-65.6419830322266
9000000.00031265,-65.7546081542969
9000000.00031266,-65.8843231201172
9000000.00031266,-66.0306625366211
9000000.00031267,-66.1845932006836
9000000.00031267,-66.345703125
9000000.00031268,-66.5169067382813
9000000.00031268,-66.7010955810547
9000000.00031269,-66.9011917114258
9000000.00031269,-67.1200866699219
9000000.0003127,-67.3606948852539
9000000.0003127,-67.6259155273438
9000000.00031271,-67.9186553955078
9000000.00031271,-68.241813659668
9000000.00031272,-68.5983047485352
9000000.00031272,-68.9910354614258
9000000.00031273,-69.4228973388672
9000000.00031273,-69.9326629638672
9000000.00031274,-70.5432891845703
9000000.00031274,-71.2339477539063
9000000.00031275,-71.9838180541992
9000000.00031275,-72.7720794677734
9000000.00031276,-73.5779037475586
9000000.00031276,-74.3804626464844
9000000.00031277,-75.1589431762695
9000000.00031277,-75.8925170898438
9000000.00031278,-76.5603637695313
9000000.00031278,-77.1416549682617
9000000.00031279,-77.6155700683594
9000000.00031279,-77.9612808227539
9000000.0003128,-78.168586730957
9000000.0003128,-78.2661819458008
9000000.00031281,-78.2678375244141
9000000.00031281,-78.1852569580078
9000000.00031282,-78.030158996582
9000000.00031282,-77.8142471313477
9000000.00031283,-77.5492248535156
9000000.00031283,-77.2468109130859
9000000.00031284,-76.9187164306641
9000000.00031284,-76.5766448974609
9000000.00031285,-76.232307434082
9000000.00031285,-75.8974075317383
9000000.00031286,-75.5836715698242
9000000.00031286,-75.2985076904297
9000000.00031287,-74.995964050293
9000000.00031287,-74.6648635864258
9000000.00031288,-74.3107299804688
9000000.00031288,-73.939079284668
9000000.00031289,-73.5554428100586
9000000.00031289,-73.1653442382813
9000000.0003129,-72.7743148803711
9000000.0003129,-72.3878631591797
9000000.00031291,-72.0115356445313
9000000.00031291,-71.6508407592773
9000000.00031292,-71.3113174438477
9000000.00031292,-70.9984741210938
9000000.00031293,-70.7178497314453
9000000.00031293,-70.4647064208984
9000000.00031294,-70.2296676635742
9000000.00031294,-70.0113067626953
9000000.00031295,-69.8081970214844
9000000.00031295,-69.6189041137695
9000000.00031296,-69.4420013427734
9000000.00031296,-69.2760620117188
9000000.00031297,-69.1196441650391
9000000.00031297,-68.9713363647461
9000000.00031298,-68.8296890258789
9000000.00031298,-68.6932907104492
9000000.00031299,-68.5606994628906
9000000.00031299,-68.4304885864258
9000000.000313,-68.3012084960938
9000000.000313,-68.1727600097656
9000000.00031301,-68.0466842651367
9000000.00031301,-67.9245834350586
9000000.00031302,-67.8080596923828
9000000.00031302,-67.69873046875
9000000.00031303,-67.5981826782227
9000000.00031303,-67.5080337524414
9000000.00031304,-67.4298858642578
9000000.00031304,-67.3653411865234
9000000.00031305,-67.3160095214844
9000000.00031305,-67.2834854125977
9000000.00031306,-67.2693786621094
9000000.00031306,-67.2752075195313
9000000.00031307,-67.3005599975586
9000000.00031307,-67.3439865112305
9000000.00031308,-67.4041595458984
9000000.00031308,-67.4797668457031
9000000.00031309,-67.5694732666016
9000000.00031309,-67.6719665527344
9000000.0003131,-67.7859268188477
9000000.0003131,-67.9100341796875
9000000.00031311,-68.04296875
9000000.00031311,-68.1834030151367
9000000.00031312,-68.3300170898438
9000000.00031312,-68.4814910888672
9000000.00031313,-68.6365127563477
9000000.00031313,-68.8114624023438
9000000.00031314,-69.0188827514648
9000000.00031314,-69.251708984375
9000000.00031315,-69.5028533935547
9000000.00031315,-69.7652282714844
9000000.00031316,-70.0317611694336
9000000.00031316,-70.2953720092773
9000000.00031317,-70.5489807128906
9000000.00031317,-70.7855072021484
9000000.00031318,-70.9978637695313
9000000.00031318,-71.1789779663086
9000000.00031319,-71.3217620849609
9000000.00031319,-71.4191513061523
9000000.0003132,-71.4691390991211
9000000.0003132,-71.4855880737305
9000000.00031321,-71.4720001220703
9000000.00031321,-71.4307632446289
9000000.00031322,-71.3642883300781
9000000.00031322,-71.2749633789063
9000000.00031323,-71.1651992797852
9000000.00031323,-71.0373840332031
9000000.00031324,-70.8939208984375
9000000.00031324,-70.7372131347656
9000000.00031325,-70.5696487426758
9000000.00031325,-70.3936309814453
9000000.00031326,-70.2115707397461
9000000.00031326,-70.0240020751953
9000000.00031327,-69.8102111816406
9000000.00031327,-69.567741394043
9000000.00031328,-69.3017349243164
9000000.00031328,-69.0173034667969
9000000.00031329,-68.719596862793
9000000.00031329,-68.4137268066406
9000000.0003133,-68.1048278808594
9000000.0003133,-67.7980346679688
9000000.00031331,-67.4984664916992
9000000.00031331,-67.2112503051758
9000000.00031332,-66.9415283203125
9000000.00031332,-66.6944274902344
9000000.00031333,-66.4750671386719
9000000.00031333,-66.2713012695313
9000000.00031334,-66.069206237793
9000000.00031334,-65.8712158203125
9000000.00031335,-65.6797790527344
9000000.00031335,-65.4973373413086
9000000.00031336,-65.3263320922852
9000000.00031336,-65.1691970825195
9000000.00031337,-65.0283889770508
9000000.00031337,-64.9063491821289
9000000.00031338,-64.8055038452148
9000000.00031338,-64.7283172607422
9000000.00031339,-64.6772155761719
9000000.00031339,-64.6546478271484
9000000.0003134,-64.6570205688477
9000000.0003134,-64.6677474975586
9000000.00031341,-64.6890258789063
9000000.00031341,-64.7246017456055
9000000.00031342,-64.7781982421875
9000000.00031342,-64.8535690307617
9000000.00031343,-64.9544372558594
9000000.00031343,-65.0845413208008
9000000.00031344,-65.2476196289063
9000000.00031344,-65.4474105834961
9000000.00031345,-65.6876449584961
9000000.00031345,-65.9720687866211
9000000.00031346,-66.3044052124023
9000000.00031346,-66.6921234130859
9000000.00031347,-67.1804046630859
9000000.00031347,-67.7664642333984
9000000.00031348,-68.4309387207031
9000000.00031348,-69.1544647216797
9000000.00031349,-69.9176864624023
9000000.00031349,-70.7012405395508
9000000.0003135,-71.4857635498047
9000000.0003135,-72.2518920898438
9000000.00031351,-72.9802627563477
9000000.00031351,-73.6515121459961
9000000.00031352,-74.2462844848633
9000000.00031352,-74.7452163696289
9000000.00031353,-75.1289443969727
9000000.00031353,-75.4135894775391
9000000.00031354,-75.6316986083984
9000000.00031354,-75.7884902954102
9000000.00031355,-75.8892059326172
9000000.00031355,-75.939079284668
9000000.00031356,-75.9433517456055
9000000.00031356,-75.9072570800781
9000000.00031357,-75.8360290527344
9000000.00031357,-75.7349090576172
9000000.00031358,-75.6091232299805
9000000.00031358,-75.4639129638672
9000000.00031359,-75.3045196533203
9000000.00031359,-75.1361694335938
9000000.0003136,-74.9508361816406
9000000.0003136,-74.7121124267578
9000000.00031361,-74.4249572753906
9000000.00031361,-74.0977172851563
9000000.00031362,-73.7387466430664
9000000.00031362,-73.3563919067383
9000000.00031363,-72.9589920043945
9000000.00031363,-72.5549011230469
9000000.00031364,-72.152458190918
9000000.00031364,-71.7600173950195
9000000.00031365,-71.3859176635742
9000000.00031365,-71.0385055541992
9000000.00031366,-70.7261276245117
9000000.00031366,-70.4551620483398
9000000.00031367,-70.20556640625
9000000.00031367,-69.9695434570313
9000000.00031368,-69.7465362548828
9000000.00031368,-69.5359954833984
9000000.00031369,-69.3373641967773
9000000.00031369,-69.1501007080078
9000000.0003137,-68.9736404418945
9000000.0003137,-68.8074417114258
9000000.00031371,-68.6509552001953
9000000.00031371,-68.5036163330078
9000000.00031372,-68.3648910522461
9000000.00031372,-68.2342071533203
9000000.00031373,-68.1110305786133
9000000.00031373,-67.9980926513672
9000000.00031374,-67.8978652954102
9000000.00031374,-67.8093795776367
9000000.00031375,-67.731689453125
9000000.00031375,-67.663818359375
9000000.00031376,-67.6048202514648
9000000.00031376,-67.5537261962891
9000000.00031377,-67.5095748901367
9000000.00031377,-67.4714202880859
9000000.00031378,-67.4382934570313
9000000.00031378,-67.4092254638672
9000000.00031379,-67.3832702636719
9000000.00031379,-67.3594665527344
9000000.0003138,-67.3355941772461
9000000.0003138,-67.3081512451172
9000000.00031381,-67.2791748046875
9000000.00031381,-67.2510681152344
9000000.00031382,-67.2262268066406
9000000.00031382,-67.2070465087891
9000000.00031383,-67.1959457397461
9000000.00031383,-67.1953125
9000000.00031384,-67.2075500488281
9000000.00031384,-67.2350616455078
9000000.00031385,-67.2802505493164
9000000.00031385,-67.3455200195313
9000000.00031386,-67.4332733154297
9000000.00031386,-67.5456695556641
9000000.00031387,-67.6809539794922
9000000.00031387,-67.8369216918945
9000000.00031388,-68.0120086669922
9000000.00031388,-68.2046508789063
9000000.00031389,-68.4132766723633
9000000.00031389,-68.6363143920898
9000000.0003139,-68.8721923828125
9000000.0003139,-69.1193542480469
9000000.00031391,-69.3762283325195
9000000.00031391,-69.6412353515625
9000000.00031392,-69.9128265380859
9000000.00031392,-70.1894149780273
9000000.00031393,-70.4694442749023
9000000.00031393,-70.7764358520508
9000000.00031394,-71.1280517578125
9000000.00031394,-71.5139007568359
9000000.00031395,-71.9235916137695
9000000.00031395,-72.3467330932617
9000000.00031396,-72.77294921875
9000000.00031396,-73.1918411254883
9000000.00031397,-73.5930252075195
9000000.00031397,-73.9661102294922
9000000.00031398,-74.3007125854492
9000000.00031398,-74.5864410400391
9000000.00031399,-74.8129119873047
9000000.00031399,-74.9697341918945
9000000.000314,-75.0526657104492
9000000.000314,-75.0783615112305
9000000.00031401,-75.0530242919922
9000000.00031401,-74.9815826416016
9000000.00031402,-74.8689727783203
9000000.00031402,-74.7201232910156
9000000.00031403,-74.5399780273438
9000000.00031403,-74.3334732055664
9000000.00031404,-74.1055450439453
9000000.00031404,-73.8611145019531
9000000.00031405,-73.6051330566406
9000000.00031405,-73.342529296875
9000000.00031406,-73.0782470703125
9000000.00031406,-72.8144760131836
9000000.00031407,-72.5210723876953
9000000.00031407,-72.1931610107422
9000000.00031408,-71.8368988037109
9000000.00031408,-71.4584121704102
9000000.00031409,-71.063850402832
9000000.00031409,-70.6593475341797
9000000.0003141,-70.2510528564453
9000000.0003141,-69.8451080322266
9000000.00031411,-69.447639465332
9000000.00031411,-69.0648040771484
9000000.00031412,-68.7027359008789
9000000.00031412,-68.3675765991211
9000000.00031413,-68.0654678344727
9000000.00031413,-67.7840423583984
9000000.00031414,-67.5080795288086
9000000.00031414,-67.2394561767578
9000000.00031415,-66.9800338745117
9000000.00031415,-66.7316741943359
9000000.00031416,-66.4962539672852
9000000.00031416,-66.275634765625
9000000.00031417,-66.0716857910156
9000000.00031417,-65.8862686157227
9000000.00031418,-65.7212524414063
9000000.00031418,-65.5785064697266
9000000.00031419,-65.4598999023438
9000000.00031419,-65.3672943115234
9000000.0003142,-65.3012542724609
9000000.0003142,-65.2582168579102
9000000.00031421,-65.2372512817383
9000000.00031421,-65.237663269043
9000000.00031422,-65.2587966918945
9000000.00031422,-65.2999801635742
9000000.00031423,-65.3605346679688
9000000.00031423,-65.4397888183594
9000000.00031424,-65.5370712280273
9000000.00031424,-65.6517181396484
9000000.00031425,-65.7830505371094
9000000.00031425,-65.9304046630859
9000000.00031426,-66.0930938720703
9000000.00031426,-66.2720336914063
9000000.00031427,-66.485466003418
9000000.00031427,-66.7342300415039
9000000.00031428,-67.0125122070313
9000000.00031428,-67.3144683837891
9000000.00031429,-67.6342849731445
9000000.00031429,-67.9661331176758
9000000.0003143,-68.3041915893555
9000000.0003143,-68.6426239013672
9000000.00031431,-68.9756011962891
9000000.00031431,-69.2973098754883
9000000.00031432,-69.6019134521484
9000000.00031432,-69.8835906982422
9000000.00031433,-70.1365203857422
9000000.00031433,-70.3777008056641
9000000.00031434,-70.6251602172852
9000000.00031434,-70.8745422363281
9000000.00031435,-71.1215133666992
9000000.00031435,-71.3617248535156
9000000.00031436,-71.5908432006836
9000000.00031436,-71.8045196533203
9000000.00031437,-71.998420715332
9000000.00031437,-72.1681900024414
9000000.00031438,-72.3094940185547
9000000.00031438,-72.4179916381836
9000000.00031439,-72.4893417358398
9000000.00031439,-72.5192031860352
9000000.0003144,-72.5034866333008
9000000.0003144,-72.4428253173828
9000000.00031441,-72.3416366577148
9000000.00031441,-72.2044372558594
9000000.00031442,-72.0357360839844
9000000.00031442,-71.8400573730469
9000000.00031443,-71.6219177246094
9000000.00031443,-71.3858261108398
9000000.00031444,-71.1363143920898
9000000.00031444,-70.8778839111328
9000000.00031445,-70.6150588989258
9000000.00031445,-70.3523559570313
9000000.00031446,-70.0942993164063
9000000.00031446,-69.8431854248047
9000000.00031447,-69.5748825073242
9000000.00031447,-69.2849960327148
9000000.00031448,-68.977912902832
9000000.00031448,-68.6580352783203
9000000.00031449,-68.3297576904297
9000000.00031449,-67.9974899291992
9000000.0003145,-67.6656112670898
9000000.0003145,-67.3385314941406
9000000.00031451,-67.0206527709961
9000000.00031451,-66.7163543701172
9000000.00031452,-66.4300537109375
9000000.00031452,-66.1661376953125
9000000.00031453,-65.9290084838867
9000000.00031453,-65.7085571289063
9000000.00031454,-65.493049621582
9000000.00031454,-65.284423828125
9000000.00031455,-65.0846328735352
9000000.00031455,-64.8956069946289
9000000.00031456,-64.7193069458008
9000000.00031456,-64.5576629638672
9000000.00031457,-64.4126281738281
9000000.00031457,-64.2861404418945
9000000.00031458,-64.1801452636719
9000000.00031458,-64.0965881347656
9000000.00031459,-64.0374145507813
9000000.00031459,-64.0045623779297
9000000.0003146,-63.9954452514648
9000000.0003146,-63.9976081848145
9000000.00031461,-64.0125885009766
9000000.00031461,-64.0430755615234
9000000.00031462,-64.0917510986328
9000000.00031462,-64.1613006591797
9000000.00031463,-64.2544097900391
9000000.00031463,-64.3737564086914
9000000.00031464,-64.5220413208008
9000000.00031464,-64.7019424438477
9000000.00031465,-64.9161376953125
9000000.00031465,-65.1673278808594
9000000.00031466,-65.4581832885742
9000000.00031466,-65.7937164306641
9000000.00031467,-66.2023391723633
9000000.00031467,-66.6819915771484
9000000.00031468,-67.2201919555664
9000000.00031468,-67.8044662475586
9000000.00031469,-68.4223403930664
9000000.00031469,-69.0613327026367
9000000.0003147,-69.7089767456055
9000000.0003147,-70.3527908325195
9000000.00031471,-70.9802932739258
9000000.00031471,-71.5790176391602
9000000.00031472,-72.1364822387695
9000000.00031472,-72.6402130126953
9000000.00031473,-73.0777359008789
9000000.00031473,-73.4795684814453
9000000.00031474,-73.8802795410156
9000000.00031474,-74.2734375
9000000.00031475,-74.6526412963867
9000000.00031475,-75.0114593505859
9000000.00031476,-75.3434753417969
9000000.00031476,-75.6422576904297
9000000.00031477,-75.9014053344727
9000000.00031477,-76.1144866943359
9000000.00031478,-76.2750854492188
9000000.00031478,-76.3767776489258
9000000.00031479,-76.4131546020508
9000000.00031479,-76.3777770996094
9000000.0003148,-76.2587127685547
9000000.0003148,-76.0405426025391
9000000.00031481,-75.7345199584961
9000000.00031481,-75.353630065918
9000000.00031482,-74.9108657836914
9000000.00031482,-74.4192123413086
9000000.00031483,-73.8916778564453
9000000.00031483,-73.3412322998047
9000000.00031484,-72.780876159668
9000000.00031484,-72.2236022949219
9000000.00031485,-71.6823959350586
9000000.00031485,-71.1702499389648
9000000.00031486,-70.7001495361328
9000000.00031486,-70.2812881469727
9000000.00031487,-69.8739166259766
9000000.00031487,-69.4657897949219
9000000.00031488,-69.0590515136719
9000000.00031488,-68.6558685302734
9000000.00031489,-68.2584228515625
9000000.00031489,-67.8688583374023
9000000.0003149,-67.4893493652344
9000000.0003149,-67.1220550537109
9000000.00031491,-66.7691497802734
9000000.00031491,-66.4327850341797
9000000.00031492,-66.1151428222656
9000000.00031492,-65.8183670043945
9000000.00031493,-65.5446319580078
9000000.00031493,-65.2896499633789
9000000.00031494,-65.0481109619141
9000000.00031494,-64.8206253051758
9000000.00031495,-64.6078186035156
9000000.00031495,-64.4103240966797
9000000.00031496,-64.2287673950195
9000000.00031496,-64.0637588500977
9000000.00031497,-63.9159317016602
9000000.00031497,-63.7859115600586
9000000.00031498,-63.6743202209473
9000000.00031498,-63.5817794799805
9000000.00031499,-63.5089149475098
9000000.00031499,-63.4563522338867
9000000.000315,-63.4237174987793
9000000.000315,-63.4082832336426
9000000.00031501,-63.4101715087891
9000000.00031501,-63.429759979248
9000000.00031502,-63.4674186706543
9000000.00031502,-63.5235176086426
9000000.00031503,-63.5984306335449
9000000.00031503,-63.6925277709961
9000000.00031504,-63.8061866760254
9000000.00031504,-63.9397735595703
9000000.00031505,-64.0936660766602
9000000.00031505,-64.2682266235352
9000000.00031506,-64.4638366699219
9000000.00031506,-64.6745681762695
9000000.00031507,-64.8264617919922
9000000.00031507,-64.9182205200195
9000000.00031508,-64.9756011962891
9000000.00031508,-65.0243606567383
9000000.00031509,-65.0902786254883
9000000.00031509,-65.199104309082
9000000.0003151,-65.3766174316406
9000000.0003151,-65.6485595703125
9000000.00031511,-66.0407104492188
9000000.00031511,-66.5788269042969
9000000.00031512,-67.2886734008789
9000000.00031512,-68.1960144042969
9000000.00031513,-69.3266143798828
9000000.00031513,-70.8316879272461
9000000.00031514,-72.7846221923828
9000000.00031514,-75.0944519042969
9000000.00031515,-77.6702041625977
9000000.00031515,-80.4209060668945
9000000.00031516,-83.2555770874023
9000000.00031516,-86.0832595825195
9000000.00031517,-88.8129730224609
9000000.00031517,-91.3537445068359
9000000.00031518,-93.6146087646484
9000000.00031518,-95.5045928955078
9000000.00031519,-96.9327163696289
9000000.00031519,-97.8080215454102
9000000.0003152,-98.064567565918
9000000.0003152,-97.7690887451172
9000000.00031521,-96.9986572265625
9000000.00031521,-95.8271255493164
9000000.00031522,-94.3283386230469
9000000.00031522,-92.5761642456055
9000000.00031523,-90.6444625854492
9000000.00031523,-88.6070785522461
9000000.00031524,-86.5378723144531
9000000.00031524,-84.5106964111328
9000000.00031525,-82.5994186401367
9000000.00031525,-80.8778839111328
9000000.00031526,-79.4199523925781
9000000.00031526,-78.2821731567383
9000000.00031527,-77.2898178100586
9000000.00031527,-76.3738098144531
9000000.00031528,-75.5283966064453
9000000.00031528,-74.7478179931641
9000000.00031529,-74.0263290405273
9000000.00031529,-73.3581771850586
9000000.0003153,-72.7375946044922
9000000.0003153,-72.1588439941406
9000000.00031531,-71.6161727905273
9000000.00031531,-71.1038131713867
9000000.00031532,-70.6160278320313
9000000.00031532,-70.1470565795898
9000000.00031533,-69.6911468505859
9000000.00031533,-69.2621231079102
9000000.00031534,-68.8757400512695
9000000.00031534,-68.5291748046875
9000000.00031535,-68.2195892333984
9000000.00031535,-67.9441375732422
9000000.00031536,-67.6999893188477
9000000.00031536,-67.4843063354492
9000000.00031537,-67.2942504882813
9000000.00031537,-67.1269912719727
9000000.00031538,-66.9796752929688
9000000.00031538,-66.8494873046875
9000000.00031539,-66.7335739135742
9000000.00031539,-66.6290969848633
9000000.0003154,-66.5354995727539
9000000.0003154,-66.4589385986328
9000000.00031541,-66.4006500244141
9000000.00031541,-66.3613357543945
9000000.00031542,-66.3417358398438
9000000.00031542,-66.3425674438477
9000000.00031543,-66.3645477294922
9000000.00031543,-66.4084014892578
9000000.00031544,-66.4748458862305
9000000.00031544,-66.5646133422852
9000000.00031545,-66.6784210205078
9000000.00031545,-66.8169784545898
9000000.00031546,-66.9810256958008
9000000.00031546,-67.1731872558594
9000000.00031547,-67.4162445068359
9000000.00031547,-67.7098541259766
9000000.00031548,-68.045295715332
9000000.00031548,-68.4138870239258
9000000.00031549,-68.8069152832031
9000000.00031549,-69.215690612793
9000000.0003155,-69.6315155029297
9000000.0003155,-70.0456771850586
9000000.00031551,-70.4494934082031
9000000.00031551,-70.8342437744141
9000000.00031552,-71.1912460327148
9000000.00031552,-71.5117950439453
9000000.00031553,-71.7871856689453
9000000.00031553,-72.0362243652344
9000000.00031554,-72.2813339233398
9000000.00031554,-72.5192489624023
9000000.00031555,-72.7466888427734
9000000.00031555,-72.9603958129883
9000000.00031556,-73.1571044921875
9000000.00031556,-73.3335342407227
9000000.00031557,-73.4864196777344
9000000.00031557,-73.6125030517578
9000000.00031558,-73.7085037231445
9000000.00031558,-73.7711563110352
9000000.00031559,-73.7971954345703
9000000.00031559,-73.7833480834961
9000000.0003156,-73.7227783203125
9000000.0003156,-73.6055374145508
9000000.00031561,-73.4379577636719
9000000.00031561,-73.2274703979492
9000000.00031562,-72.9814834594727
9000000.00031562,-72.7074432373047
9000000.00031563,-72.4127502441406
9000000.00031563,-72.104850769043
9000000.00031564,-71.791145324707
9000000.00031564,-71.4790725708008
9000000.00031565,-71.1760559082031
9000000.00031565,-70.8895111083984
9000000.00031566,-70.6268615722656
9000000.00031566,-70.3931884765625
9000000.00031567,-70.1637573242188
9000000.00031567,-69.931526184082
9000000.00031568,-69.6984481811523
9000000.00031568,-69.4664840698242
9000000.00031569,-69.2375717163086
9000000.00031569,-69.0136795043945
9000000.0003157,-68.7967529296875
9000000.0003157,-68.588752746582
9000000.00031571,-68.3916168212891
9000000.00031571,-68.2073211669922
9000000.00031572,-68.0377960205078
9000000.00031572,-67.885009765625
9000000.00031573,-67.7509155273438
9000000.00031573,-67.6331100463867
9000000.00031574,-67.5278167724609
9000000.00031574,-67.4348602294922
9000000.00031575,-67.3540878295898
9000000.00031575,-67.2853546142578
9000000.00031576,-67.2284851074219
9000000.00031576,-67.1833343505859
9000000.00031577,-67.1497421264648
9000000.00031577,-67.1275482177734
9000000.00031578,-67.1166000366211
9000000.00031578,-67.1167373657227
9000000.00031579,-67.1278076171875
9000000.00031579,-67.1496429443359
9000000.0003158,-67.1824722290039
9000000.0003158,-67.2273330688477
9000000.00031581,-67.2840805053711
9000000.00031581,-67.3525009155273
9000000.00031582,-67.4323577880859
9000000.00031582,-67.5234222412109
9000000.00031583,-67.6254653930664
9000000.00031583,-67.7382736206055
9000000.00031584,-67.8616027832031
9000000.00031584,-67.995231628418
9000000.00031585,-68.1389312744141
9000000.00031585,-68.2924728393555
9000000.00031586,-68.4556350708008
9000000.00031586,-68.6298141479492
9000000.00031587,-68.8341827392578
9000000.00031587,-69.069206237793
9000000.00031588,-69.3283081054688
9000000.00031588,-69.6049499511719
9000000.00031589,-69.8925704956055
9000000.00031589,-70.1846084594727
9000000.0003159,-70.4745101928711
9000000.0003159,-70.7557220458984
9000000.00031591,-71.0216827392578
9000000.00031591,-71.2658309936523
9000000.00031592,-71.4816207885742
9000000.00031592,-71.6624908447266
9000000.00031593,-71.8018798828125
9000000.00031593,-71.9079055786133
9000000.00031594,-71.9933700561523
9000000.00031594,-72.0587463378906
9000000.00031595,-72.1045379638672
9000000.00031595,-72.1312103271484
9000000.00031596,-72.1392669677734
9000000.00031596,-72.1291885375977
9000000.00031597,-72.1014556884766
9000000.00031597,-72.0565567016602
9000000.00031598,-71.9949798583984
9000000.00031598,-71.9171981811523
9000000.00031599,-71.8237152099609
9000000.00031599,-71.7150115966797
9000000.000316,-71.5882110595703
9000000.000316,-71.4340972900391
9000000.00031601,-71.2548217773438
9000000.00031601,-71.0534133911133
9000000.00031602,-70.8329086303711
9000000.00031602,-70.5963439941406
9000000.00031603,-70.3467559814453
9000000.00031603,-70.0871734619141
9000000.00031604,-69.8206405639648
9000000.00031604,-69.5501937866211
9000000.00031605,-69.2788543701172
9000000.00031605,-69.0096664428711
9000000.00031606,-68.7456665039063
9000000.00031606,-68.4883804321289
9000000.00031607,-68.221321105957
9000000.00031607,-67.9415130615234
9000000.00031608,-67.6520233154297
9000000.00031608,-67.3558959960938
9000000.00031609,-67.0561904907227
9000000.00031609,-66.7559432983398
9000000.0003161,-66.4582214355469
9000000.0003161,-66.1660690307617
9000000.00031611,-65.8825378417969
9000000.00031611,-65.6106796264648
9000000.00031612,-65.3535537719727
9000000.00031612,-65.1142044067383
9000000.00031613,-64.8956832885742
9000000.00031613,-64.6900939941406
9000000.00031614,-64.4886932373047
9000000.00031614,-64.2932510375977
9000000.00031615,-64.1055526733398
9000000.00031615,-63.9273834228516
9000000.00031616,-63.7605247497559
9000000.00031616,-63.6067504882813
9000000.00031617,-63.4678497314453
9000000.00031617,-63.3456001281738
9000000.00031618,-63.2417869567871
9000000.00031618,-63.1581840515137
9000000.00031619,-63.0965766906738
9000000.00031619,-63.0587463378906
9000000.0003162,-63.0442276000977
9000000.0003162,-63.0468597412109
9000000.00031621,-63.066535949707
9000000.00031621,-63.1036834716797
9000000.00031622,-63.1587333679199
9000000.00031622,-63.2321128845215
9000000.00031623,-63.3242530822754
9000000.00031623,-63.4355812072754
9000000.00031624,-63.5665245056152
9000000.00031624,-63.7175178527832
9000000.00031625,-63.8889808654785
9000000.00031625,-64.0813522338867
9000000.00031626,-64.295051574707
9000000.00031626,-64.5318069458008
9000000.00031627,-64.8070907592773
9000000.00031627,-65.1207122802734
9000000.00031628,-65.4668197631836
9000000.00031628,-65.8395690917969
9000000.00031629,-66.2331085205078
9000000.00031629,-66.6415939331055
9000000.0003163,-67.0591659545898
9000000.0003163,-67.4799880981445
9000000.00031631,-67.8982009887695
9000000.00031631,-68.3079605102539
9000000.00031632,-68.7034225463867
9000000.00031632,-69.078727722168
9000000.00031633,-69.4280395507813
9000000.00031633,-69.7739715576172
9000000.00031634,-70.1383514404297
9000000.00031634,-70.5141143798828
9000000.00031635,-70.8942184448242
9000000.00031635,-71.2716064453125
9000000.00031636,-71.6392135620117
9000000.00031636,-71.9899978637695
9000000.00031637,-72.3169021606445
9000000.00031637,-72.6128692626953
9000000.00031638,-72.870849609375
9000000.00031638,-73.0837783813477
9000000.00031639,-73.2446136474609
9000000.00031639,-73.3462982177734
9000000.0003164,-73.3836898803711
9000000.0003164,-73.3618850708008
9000000.00031641,-73.2868804931641
9000000.00031641,-73.164436340332
9000000.00031642,-73.0003051757813
9000000.00031642,-72.8002548217773
9000000.00031643,-72.5700302124023
9000000.00031643,-72.3153915405273
9000000.00031644,-72.0420989990234
9000000.00031644,-71.7559051513672
9000000.00031645,-71.4625625610352
9000000.00031645,-71.167839050293
9000000.00031646,-70.8774871826172
9000000.00031646,-70.5944976806641
9000000.00031647,-70.2885665893555
9000000.00031647,-69.9541091918945
9000000.00031648,-69.596549987793
9000000.00031648,-69.2213287353516
9000000.00031649,-68.8338851928711
9000000.00031649,-68.4396514892578
9000000.0003165,-68.0440673828125
9000000.0003165,-67.6525726318359
9000000.00031651,-67.2705917358398
9000000.00031651,-66.9035797119141
9000000.00031652,-66.5569534301758
9000000.00031652,-66.2361679077148
9000000.00031653,-65.946647644043
9000000.00031653,-65.6780624389648
9000000.00031654,-65.417366027832
9000000.00031654,-65.165901184082
9000000.00031655,-64.9250335693359
9000000.00031655,-64.6960983276367
9000000.00031656,-64.4804611206055
9000000.00031656,-64.2794723510742
9000000.00031657,-64.094482421875
9000000.00031657,-63.9268417358398
9000000.00031658,-63.777904510498
9000000.00031658,-63.6490249633789
9000000.00031659,-63.5415534973145
9000000.00031659,-63.4568405151367
9000000.0003166,-63.3940849304199
9000000.0003166,-63.3473663330078
9000000.00031661,-63.3169593811035
9000000.00031661,-63.3036727905273
9000000.00031662,-63.3083114624023
9000000.00031662,-63.3316841125488
9000000.00031663,-63.3745956420898
9000000.00031663,-63.4378547668457
9000000.00031664,-63.5222625732422
9000000.00031664,-63.6286315917969
9000000.00031665,-63.7577629089355
9000000.00031665,-63.9104652404785
9000000.00031666,-64.0875473022461
9000000.00031666,-64.2863845825195
9000000.00031667,-64.4669876098633
9000000.00031667,-64.6280822753906
9000000.00031668,-64.783073425293
9000000.00031668,-64.9453277587891
9000000.00031669,-65.1282348632813
9000000.00031669,-65.3451766967773
9000000.0003167,-65.6095352172852
9000000.0003167,-65.934684753418
9000000.00031671,-66.3340148925781
9000000.00031671,-66.8209075927734
9000000.00031672,-67.4087448120117
9000000.00031672,-68.1109085083008
9000000.00031673,-68.9407730102539
9000000.00031673,-69.9971160888672
9000000.00031674,-71.3317108154297
9000000.00031674,-72.8874740600586
9000000.00031675,-74.607307434082
9000000.00031675,-76.4341278076172
9000000.00031676,-78.3108520507813
9000000.00031676,-80.1803817749023
9000000.00031677,-81.9856262207031
9000000.00031677,-83.6695098876953
9000000.00031678,-85.1749267578125
9000000.00031678,-86.4447937011719
9000000.00031679,-87.4220352172852
9000000.00031679,-88.0495376586914
9000000.0003168,-88.2873611450195
9000000.0003168,-88.181282043457
9000000.00031681,-87.7785415649414
9000000.00031681,-87.1239624023438
9000000.00031682,-86.2623977661133
9000000.00031682,-85.2386779785156
9000000.00031683,-84.0976486206055
9000000.00031683,-82.8841400146484
9000000.00031684,-81.6430053710938
9000000.00031684,-80.4190673828125
9000000.00031685,-79.2571792602539
9000000.00031685,-78.2021713256836
9000000.00031686,-77.2988815307617
9000000.00031686,-76.5813293457031
9000000.00031687,-75.9396209716797
9000000.00031687,-75.3317642211914
9000000.00031688,-74.7556228637695
9000000.00031688,-74.2090301513672
9000000.00031689,-73.6898498535156
9000000.00031689,-73.195930480957
9000000.0003169,-72.7251129150391
9000000.0003169,-72.275260925293
9000000.00031691,-71.8442153930664
9000000.00031691,-71.4298248291016
9000000.00031692,-71.0299530029297
9000000.00031692,-70.6424331665039
9000000.00031693,-70.2651290893555
9000000.00031693,-69.9022750854492
9000000.00031694,-69.5591430664063
9000000.00031694,-69.235107421875
9000000.00031695,-68.929573059082
9000000.00031695,-68.6419296264648
9000000.00031696,-68.3715515136719
9000000.00031696,-68.1178512573242
9000000.00031697,-67.8801956176758
9000000.00031697,-67.6579895019531
9000000.00031698,-67.4506225585938
9000000.00031698,-67.2574768066406
9000000.00031699,-67.0779495239258
9000000.00031699,-66.9114227294922
9000000.000317,-66.7556686401367
9000000.000317,-66.6061782836914
9000000.00031701,-66.4649047851563
9000000.00031701,-66.3342514038086
9000000.00031702,-66.2166290283203
9000000.00031702,-66.1144409179688
9000000.00031703,-66.0301055908203
9000000.00031703,-65.9660186767578
9000000.00031704,-65.9245986938477
9000000.00031704,-65.9082489013672
9000000.00031705,-65.9193801879883
9000000.00031705,-65.9603958129883
9000000.00031706,-66.0337066650391
9000000.00031706,-66.1407852172852
9000000.00031707,-66.2714996337891
9000000.00031707,-66.4235382080078
9000000.00031708,-66.598274230957
9000000.00031708,-66.7970886230469
9000000.00031709,-67.0213623046875
9000000.00031709,-67.2724609375
9000000.0003171,-67.5517654418945
9000000.0003171,-67.8606491088867
9000000.00031711,-68.2004928588867
9000000.00031711,-68.5726623535156
9000000.00031712,-68.9785461425781
9000000.00031712,-69.4195098876953
9000000.00031713,-69.8969268798828
9000000.00031713,-70.4575881958008
9000000.00031714,-71.1315689086914
9000000.00031714,-71.8951644897461
9000000.00031715,-72.7247009277344
9000000.00031715,-73.5964889526367
9000000.00031716,-74.4868316650391
9000000.00031716,-75.3720550537109
9000000.00031717,-76.2284545898438
9000000.00031717,-77.0323486328125
9000000.00031718,-77.7600555419922
9000000.00031718,-78.3878784179688
9000000.00031719,-78.8921279907227
9000000.00031719,-79.2491302490234
9000000.0003172,-79.4451675415039
9000000.0003172,-79.5071868896484
9000000.00031721,-79.4524917602539
9000000.00031721,-79.2966156005859
9000000.00031722,-79.0550994873047
9000000.00031722,-78.7434692382813
9000000.00031723,-78.3772659301758
9000000.00031723,-77.9720306396484
9000000.00031724,-77.5432891845703
9000000.00031724,-77.1065826416016
9000000.00031725,-76.6774444580078
9000000.00031725,-76.2714157104492
9000000.00031726,-75.9040222167969
9000000.00031726,-75.5860900878906
9000000.00031727,-75.2682342529297
9000000.00031727,-74.9357681274414
9000000.00031728,-74.591926574707
9000000.00031728,-74.2399673461914
9000000.00031729,-73.8831329345703
9000000.00031729,-73.5246658325195
9000000.0003173,-73.1678237915039
9000000.0003173,-72.8158416748047
9000000.00031731,-72.4719772338867
9000000.00031731,-72.1394729614258
9000000.00031732,-71.8215789794922
9000000.00031732,-71.5215377807617
9000000.00031733,-71.2425994873047
9000000.00031733,-70.9790649414063
9000000.00031734,-70.7234802246094
9000000.00031734,-70.4764022827148
9000000.00031735,-70.238410949707
9000000.00031735,-70.0100784301758
9000000.00031736,-69.7919845581055
9000000.00031736,-69.5847015380859
9000000.00031737,-69.3888092041016
9000000.00031737,-69.2048797607422
9000000.00031738,-69.0334777832031
9000000.00031738,-68.8751983642578
9000000.00031739,-68.730598449707
9000000.00031739,-68.6002578735352
9000000.0003174,-68.4843597412109
9000000.0003174,-68.3818359375
9000000.00031741,-68.2923889160156
9000000.00031741,-68.2158050537109
9000000.00031742,-68.15185546875
9000000.00031742,-68.1003265380859
9000000.00031743,-68.0610122680664
9000000.00031743,-68.0336837768555
9000000.00031744,-68.0181350708008
9000000.00031744,-68.0141372680664
9000000.00031745,-68.021484375
9000000.00031745,-68.0399475097656
9000000.00031746,-68.0693283081055
9000000.00031746,-68.1095428466797
9000000.00031747,-68.1622543334961
9000000.00031747,-68.2276840209961
9000000.00031748,-68.3054428100586
9000000.00031748,-68.395133972168
9000000.00031749,-68.4963836669922
9000000.00031749,-68.6088027954102
9000000.0003175,-68.7319869995117
9000000.0003175,-68.8655700683594
9000000.00031751,-69.009147644043
9000000.00031751,-69.1623382568359
9000000.00031752,-69.3247528076172
9000000.00031752,-69.4960098266602
9000000.00031753,-69.6757125854492
9000000.00031753,-69.8724212646484
9000000.00031754,-70.0923385620117
9000000.00031754,-70.3315811157227
9000000.00031755,-70.5862350463867
9000000.00031755,-70.852409362793
9000000.00031756,-71.1262054443359
9000000.00031756,-71.4037170410156
9000000.00031757,-71.6810455322266
9000000.00031757,-71.9542999267578
9000000.00031758,-72.2195816040039
9000000.00031758,-72.4729766845703
9000000.00031759,-72.7106018066406
9000000.00031759,-72.9285507202148
9000000.0003176,-73.1332702636719
9000000.0003176,-73.3531799316406
9000000.00031761,-73.5841903686523
9000000.00031761,-73.8196029663086
9000000.00031762,-74.0526962280273
9000000.00031762,-74.2767486572266
9000000.00031763,-74.4850463867188
9000000.00031763,-74.6708755493164
9000000.00031764,-74.827522277832
9000000.00031764,-74.9482727050781
9000000.00031765,-75.0264053344727
9000000.00031765,-75.0552062988281
9000000.00031766,-75.0279541015625
9000000.00031766,-74.9372787475586
9000000.00031767,-74.7726898193359
9000000.00031767,-74.5401229858398
9000000.00031768,-74.2494125366211
9000000.00031768,-73.9103851318359
9000000.00031769,-73.5328674316406
9000000.00031769,-73.1267013549805
9000000.0003177,-72.7017135620117
9000000.0003177,-72.2677307128906
9000000.00031771,-71.834587097168
9000000.00031771,-71.4121170043945
9000000.00031772,-71.0101470947266
9000000.00031772,-70.6385040283203
9000000.00031773,-70.3070220947266
9000000.00031773,-69.997200012207
9000000.00031774,-69.6855392456055
9000000.00031774,-69.3744125366211
9000000.00031775,-69.0661773681641
9000000.00031775,-68.7631988525391
9000000.00031776,-68.4678192138672
9000000.00031776,-68.1824188232422
9000000.00031777,-67.9093551635742
9000000.00031777,-67.6509780883789
9000000.00031778,-67.4096603393555
9000000.00031778,-67.1877593994141
9000000.00031779,-66.9876327514648
9000000.00031779,-66.811637878418
9000000.0003178,-66.6582565307617
9000000.0003178,-66.5168075561523
9000000.00031781,-66.3878707885742
9000000.00031781,-66.2729949951172
9000000.00031782,-66.1737060546875
9000000.00031782,-66.0915603637695
9000000.00031783,-66.0280838012695
9000000.00031783,-65.9848251342773
9000000.00031784,-65.9633102416992
9000000.00031784,-65.9650955200195
9000000.00031785,-65.9917144775391
9000000.00031785,-66.0446929931641
9000000.00031786,-66.1255950927734
9000000.00031786,-66.2347869873047
9000000.00031787,-66.3593368530273
9000000.00031787,-66.4976806640625
9000000.00031788,-66.6529846191406
9000000.00031788,-66.8284149169922
9000000.00031789,-67.0271148681641
9000000.00031789,-67.2522735595703
9000000.0003179,-67.5070343017578
9000000.0003179,-67.794563293457
9000000.00031791,-68.1180267333984
9000000.00031791,-68.480583190918
9000000.00031792,-68.8853988647461
9000000.00031792,-69.3356399536133
9000000.00031793,-69.8344573974609
9000000.00031793,-70.4309387207031
9000000.00031794,-71.1547012329102
9000000.00031794,-71.9797439575195
9000000.00031795,-72.8800430297852
9000000.00031795,-73.8295974731445
9000000.00031796,-74.8023910522461
9000000.00031796,-75.7724075317383
9000000.00031797,-76.7136383056641
9000000.00031797,-77.6000747680664
9000000.00031798,-78.4057083129883
9000000.00031798,-79.1045150756836
9000000.00031799,-79.6704940795898
9000000.00031799,-80.0776290893555
9000000.000318,-80.3093948364258
9000000.000318,-80.3912734985352
9000000.00031801,-80.3434524536133
9000000.00031801,-80.1845703125
9000000.00031802,-79.9332809448242
9000000.00031802,-79.6082077026367
9000000.00031803,-79.2280044555664
9000000.00031803,-78.8113098144531
9000000.00031804,-78.3767547607422
9000000.00031804,-77.9429931640625
9000000.00031805,-77.5286712646484
9000000.00031805,-77.1524124145508
9000000.00031806,-76.8328628540039
9000000.00031806,-76.5843505859375
9000000.00031807,-76.3632431030273
9000000.00031807,-76.1521301269531
9000000.00031808,-75.9493713378906
9000000.00031808,-75.7533493041992
9000000.00031809,-75.5624389648438
9000000.00031809,-75.3750228881836
9000000.0003181,-75.1894683837891
9000000.0003181,-75.004150390625
9000000.00031811,-74.8174514770508
9000000.00031811,-74.6277389526367
9000000.00031812,-74.4334030151367
9000000.00031812,-74.2328109741211
9000000.00031813,-74.0243301391602
9000000.00031813,-73.8077774047852
9000000.00031814,-73.5848236083984
9000000.00031814,-73.3566589355469
9000000.00031815,-73.1244888305664
9000000.00031815,-72.8895034790039
9000000.00031816,-72.6528930664063
9000000.00031816,-72.4158477783203
9000000.00031817,-72.179573059082
9000000.00031817,-71.9452667236328
9000000.00031818,-71.7141036987305
9000000.00031818,-71.4872970581055
9000000.00031819,-71.2660293579102
9000000.00031819,-71.0514984130859
9000000.0003182,-70.8406448364258
9000000.0003182,-70.6217346191406
9000000.00031821,-70.3969039916992
9000000.00031821,-70.1693649291992
9000000.00031822,-69.9423370361328
9000000.00031822,-69.7190551757813
9000000.00031823,-69.5027236938477
9000000.00031823,-69.2965850830078
9000000.00031824,-69.1038436889648
9000000.00031824,-68.9277267456055
9000000.00031825,-68.7714614868164
9000000.00031825,-68.6382675170898
9000000.00031826,-68.531364440918
9000000.00031826,-68.4541702270508
9000000.00031827,-68.4101638793945
9000000.00031827,-68.396484375
9000000.00031828,-68.4089660644531
9000000.00031828,-68.4434204101563
9000000.00031829,-68.4956817626953
9000000.00031829,-68.5615768432617
9000000.0003183,-68.6369247436523
9000000.0003183,-68.7175674438477
9000000.00031831,-68.79931640625
9000000.00031831,-68.8780059814453
9000000.00031832,-68.9494552612305
9000000.00031832,-69.0094985961914
9000000.00031833,-69.053955078125
9000000.00031833,-69.0941772460938
9000000.00031834,-69.1424942016602
9000000.00031834,-69.1962051391602
9000000.00031835,-69.2526092529297
9000000.00031835,-69.3090133666992
9000000.00031836,-69.3627014160156
9000000.00031836,-69.4109802246094
9000000.00031837,-69.4511566162109
9000000.00031837,-69.4805221557617
9000000.00031838,-69.4963836669922
9000000.00031838,-69.4960327148438
9000000.00031839,-69.4767761230469
9000000.00031839,-69.435905456543
9000000.0003184,-69.3713836669922
9000000.0003184,-69.2849426269531
9000000.00031841,-69.1789398193359
9000000.00031841,-69.0556564331055
9000000.00031842,-68.9173889160156
9000000.00031842,-68.7664260864258
9000000.00031843,-68.6050491333008
9000000.00031843,-68.435546875
9000000.00031844,-68.2602005004883
9000000.00031844,-68.0813064575195
9000000.00031845,-67.9011535644531
9000000.00031845,-67.7220153808594
9000000.00031846,-67.5461959838867
9000000.00031846,-67.3747253417969
9000000.00031847,-67.1937942504883
9000000.00031847,-67.0011520385742
9000000.00031848,-66.7995986938477
9000000.00031848,-66.5918960571289
9000000.00031849,-66.3808517456055
9000000.00031849,-66.1692352294922
9000000.0003185,-65.9598388671875
9000000.0003185,-65.7554397583008
9000000.00031851,-65.5588302612305
9000000.00031851,-65.3727951049805
9000000.00031852,-65.2001190185547
9000000.00031852,-65.043586730957
9000000.00031853,-64.9059753417969
9000000.00031853,-64.7792739868164
9000000.00031854,-64.6549453735352
9000000.00031854,-64.5350112915039
9000000.00031855,-64.421501159668
9000000.00031855,-64.3164215087891
9000000.00031856,-64.2218017578125
9000000.00031856,-64.1396560668945
9000000.00031857,-64.0720062255859
9000000.00031857,-64.020881652832
9000000.00031858,-63.9882926940918
9000000.00031858,-63.976261138916
9000000.00031859,-63.9868049621582
9000000.00031859,-64.0219497680664
9000000.0003186,-64.080078125
9000000.0003186,-64.1511840820313
9000000.00031861,-64.2360153198242
9000000.00031861,-64.3362350463867
9000000.00031862,-64.453483581543
9000000.00031862,-64.5894088745117
9000000.00031863,-64.7456665039063
9000000.00031863,-64.9239044189453
9000000.00031864,-65.1257705688477
9000000.00031864,-65.3529205322266
9000000.00031865,-65.6070022583008
9000000.00031865,-65.8896636962891
9000000.00031866,-66.2025604248047
9000000.00031866,-66.5500411987305
9000000.00031867,-66.9646911621094
9000000.00031867,-67.4454345703125
9000000.00031868,-67.9792633056641
9000000.00031868,-68.5531921386719
9000000.00031869,-69.1542129516602
9000000.00031869,-69.7693252563477
9000000.0003187,-70.3855209350586
9000000.0003187,-70.9898147583008
9000000.00031871,-71.5691986083984
9000000.00031871,-72.1106643676758
9000000.00031872,-72.6012191772461
9000000.00031872,-73.0278625488281
9000000.00031873,-73.3775863647461
9000000.00031873,-73.669677734375
9000000.00031874,-73.9316940307617
9000000.00031874,-74.1630249023438
9000000.00031875,-74.3630828857422
9000000.00031875,-74.5312728881836
9000000.00031876,-74.6669921875
9000000.00031876,-74.769660949707
9000000.00031877,-74.8386688232422
9000000.00031877,-74.8734283447266
9000000.00031878,-74.8733444213867
9000000.00031878,-74.8378143310547
9000000.00031879,-74.7662506103516
9000000.00031879,-74.6580581665039
9000000.0003188,-74.5053329467773
9000000.0003188,-74.2879486083984
9000000.00031881,-74.0123291015625
9000000.00031881,-73.6869354248047
9000000.00031882,-73.320198059082
9000000.00031882,-72.9205551147461
9000000.00031883,-72.4964447021484
9000000.00031883,-72.0563125610352
9000000.00031884,-71.6085891723633
9000000.00031884,-71.1617202758789
9000000.00031885,-70.7241516113281
9000000.00031885,-70.3043060302734
9000000.00031886,-69.9106369018555
9000000.00031886,-69.5488433837891
9000000.00031887,-69.1901016235352
9000000.00031887,-68.8263931274414
9000000.00031888,-68.460205078125
9000000.00031888,-68.093994140625
9000000.00031889,-67.7302322387695
9000000.00031889,-67.3714065551758
9000000.0003189,-67.0199661254883
9000000.0003189,-66.6784057617188
9000000.00031891,-66.3491744995117
9000000.00031891,-66.0347595214844
9000000.00031892,-65.7376251220703
9000000.00031892,-65.4602508544922
9000000.00031893,-65.2050933837891
9000000.00031893,-64.9662933349609
9000000.00031894,-64.7371139526367
9000000.00031894,-64.5187454223633
9000000.00031895,-64.3123779296875
9000000.00031895,-64.1192016601563
9000000.00031896,-63.9403877258301
9000000.00031896,-63.7771377563477
9000000.00031897,-63.6306304931641
9000000.00031897,-63.5020561218262
9000000.00031898,-63.3926010131836
9000000.00031898,-63.3034553527832
9000000.00031899,-63.2357978820801
9000000.00031899,-63.1908264160156
9000000.000319,-63.1670951843262
9000000.000319,-63.1574211120605
9000000.00031901,-63.1626243591309
9000000.00031901,-63.1841773986816
9000000.00031902,-63.2235679626465
9000000.00031902,-63.2822761535645
9000000.00031903,-63.3617820739746
9000000.00031903,-63.463565826416
9000000.00031904,-63.5891075134277
9000000.00031904,-63.7398872375488
9000000.00031905,-63.9173889160156
9000000.00031905,-64.1230926513672
9000000.00031906,-64.3584823608398
9000000.00031906,-64.6251907348633
9000000.00031907,-64.9256439208984
9000000.00031907,-65.2585525512695
9000000.00031908,-65.6216888427734
9000000.00031908,-66.0128479003906
9000000.00031909,-66.4298248291016
9000000.00031909,-66.8704071044922
9000000.0003191,-67.3323822021484
9000000.0003191,-67.8135452270508
9000000.00031911,-68.3116760253906
9000000.00031911,-68.824577331543
9000000.00031912,-69.3500289916992
9000000.00031912,-69.8858261108398
9000000.00031913,-70.4297561645508
9000000.00031913,-71.0312347412109
9000000.00031914,-71.7261199951172
9000000.00031914,-72.4918594360352
9000000.00031915,-73.3059158325195
9000000.00031915,-74.1457443237305
9000000.00031916,-74.9887847900391
9000000.00031916,-75.8125076293945
9000000.00031917,-76.594352722168
9000000.00031917,-77.3117828369141
9000000.00031918,-77.942253112793
9000000.00031918,-78.4632110595703
9000000.00031919,-78.8521118164063
9000000.00031919,-79.0864105224609
9000000.0003192,-79.1481323242188
9000000.0003192,-79.0492782592773
9000000.00031921,-78.8102645874023
9000000.00031921,-78.4511413574219
9000000.00031922,-77.9919662475586
9000000.00031922,-77.4527816772461
9000000.00031923,-76.8536529541016
9000000.00031923,-76.2146301269531
9000000.00031924,-75.5557708740234
9000000.00031924,-74.8971252441406
9000000.00031925,-74.2587432861328
9000000.00031925,-73.6606903076172
9000000.00031926,-73.1230163574219
9000000.00031926,-72.6600875854492
9000000.00031927,-72.2129287719727
9000000.00031927,-71.7626190185547
9000000.00031928,-71.3116683959961
9000000.00031928,-70.8626022338867
9000000.00031929,-70.4179306030273
9000000.00031929,-69.9801559448242
9000000.0003193,-69.5518112182617
9000000.0003193,-69.1353912353516
9000000.00031931,-68.7334136962891
9000000.00031931,-68.3484039306641
9000000.00031932,-67.9828567504883
9000000.00031932,-67.6392974853516
9000000.00031933,-67.3202438354492
9000000.00031933,-67.0210037231445
9000000.00031934,-66.7356109619141
9000000.00031934,-66.4646606445313
9000000.00031935,-66.2087097167969
9000000.00031935,-65.9683380126953
9000000.00031936,-65.744140625
9000000.00031936,-65.5366744995117
9000000.00031937,-65.3465270996094
9000000.00031937,-65.1742782592773
9000000.00031938,-65.0205001831055
9000000.00031938,-64.8857803344727
9000000.00031939,-64.7706756591797
9000000.00031939,-64.6757888793945
9000000.0003194,-64.6007080078125
9000000.0003194,-64.5427856445313
9000000.00031941,-64.5021820068359
9000000.00031941,-64.4792861938477
9000000.00031942,-64.4744873046875
9000000.00031942,-64.4881820678711
9000000.00031943,-64.5207748413086
9000000.00031943,-64.5726547241211
9000000.00031944,-64.6442031860352
9000000.00031944,-64.7358322143555
9000000.00031945,-64.8479309082031
9000000.00031945,-64.9808883666992
9000000.00031946,-65.1351089477539
9000000.00031946,-65.3105621337891
9000000.00031947,-65.5024719238281
9000000.00031947,-65.7104263305664
9000000.00031948,-65.9357528686523
9000000.00031948,-66.1797637939453
9000000.00031949,-66.4437942504883
9000000.00031949,-66.7291641235352
9000000.0003195,-67.0371932983398
9000000.0003195,-67.3692092895508
9000000.00031951,-67.7265319824219
9000000.00031951,-68.1104888916016
9000000.00031952,-68.5223999023438
9000000.00031952,-68.9635925292969
9000000.00031953,-69.4353866577148
9000000.00031953,-69.9739074707031
9000000.00031954,-70.6020736694336
9000000.00031954,-71.3014144897461
9000000.00031955,-72.0534820556641
9000000.00031955,-72.8397979736328
9000000.00031956,-73.6418914794922
9000000.00031956,-74.4413146972656
9000000.00031957,-75.2195892333984
9000000.00031957,-75.9582595825195
9000000.00031958,-76.6388473510742
9000000.00031958,-77.2428894042969
9000000.00031959,-77.7519302368164
9000000.00031959,-78.1474990844727
9000000.0003196,-78.4214706420898
9000000.0003196,-78.6018447875977
9000000.00031961,-78.7000885009766
9000000.00031961,-78.7256088256836
9000000.00031962,-78.6877975463867
9000000.00031962,-78.5960540771484
9000000.00031963,-78.4597625732422
9000000.00031963,-78.2883377075195
9000000.00031964,-78.0911560058594
9000000.00031964,-77.8776321411133
9000000.00031965,-77.6571426391602
9000000.00031965,-77.4391098022461
9000000.00031966,-77.2329025268555
9000000.00031966,-77.0446548461914
9000000.00031967,-76.8393936157227
9000000.00031967,-76.6081619262695
9000000.00031968,-76.3547286987305
9000000.00031968,-76.0828475952148
9000000.00031969,-75.7962951660156
9000000.00031969,-75.4988174438477
9000000.0003197,-75.1941833496094
9000000.0003197,-74.8861618041992
9000000.00031971,-74.5785064697266
9000000.00031971,-74.2749786376953
9000000.00031972,-73.9793548583984
9000000.00031972,-73.6953811645508
9000000.00031973,-73.4268264770508
9000000.00031973,-73.1659851074219
9000000.00031974,-72.903434753418
9000000.00031974,-72.6403884887695
9000000.00031975,-72.3780517578125
9000000.00031975,-72.1176452636719
9000000.00031976,-71.8603668212891
9000000.00031976,-71.6074295043945
9000000.00031977,-71.3600387573242
9000000.00031977,-71.1194076538086
9000000.00031978,-70.8867492675781
9000000.00031978,-70.6632690429688
9000000.00031979,-70.4501724243164
9000000.00031979,-70.2486724853516
9000000.0003198,-70.0570526123047
9000000.0003198,-69.8672866821289
9000000.00031981,-69.680419921875
9000000.00031981,-69.4982299804688
9000000.00031982,-69.3224792480469
9000000.00031982,-69.1549682617188
9000000.00031983,-68.9974594116211
9000000.00031983,-68.8517379760742
9000000.00031984,-68.7195816040039
9000000.00031984,-68.6027603149414
9000000.00031985,-68.5030746459961
9000000.00031985,-68.4222793579102
9000000.00031986,-68.3621597290039
9000000.00031986,-68.3243865966797
9000000.00031987,-68.3082122802734
9000000.00031987,-68.3120193481445
9000000.00031988,-68.3344497680664
9000000.00031988,-68.374137878418
9000000.00031989,-68.4297180175781
9000000.00031989,-68.4998168945313
9000000.0003199,-68.5830841064453
9000000.0003199,-68.6781387329102
9000000.00031991,-68.7836227416992
9000000.00031991,-68.8981628417969
9000000.00031992,-69.0204086303711
9000000.00031992,-69.1489791870117
9000000.00031993,-69.2825241088867
9000000.00031993,-69.4360733032227
9000000.00031994,-69.6213302612305
9000000.00031994,-69.8318862915039
9000000.00031995,-70.0613555908203
9000000.00031995,-70.303337097168
9000000.00031996,-70.5514373779297
9000000.00031996,-70.7992477416992
9000000.00031997,-71.0403900146484
9000000.00031997,-71.2684555053711
9000000.00031998,-71.47705078125
9000000.00031998,-71.6597747802734
9000000.00031999,-71.8102340698242
9000000.00031999,-71.9220352172852
9000000.00032,-71.9936218261719
9000000.00032,-72.0381927490234
9000000.00032001,-72.058708190918
9000000.00032001,-72.0570831298828
9000000.00032002,-72.0352020263672
9000000.00032002,-71.9949951171875
9000000.00032003,-71.9383544921875
9000000.00032003,-71.8671875
9000000.00032004,-71.7834014892578
9000000.00032004,-71.6889038085938
9000000.00032005,-71.5855941772461
9000000.00032005,-71.4753875732422
9000000.00032006,-71.3601837158203
9000000.00032006,-71.2406539916992
9000000.00032007,-71.1029281616211
9000000.00032007,-70.9451141357422
9000000.00032008,-70.7703552246094
9000000.00032008,-70.5818023681641
9000000.00032009,-70.3826141357422
9000000.00032009,-70.1759414672852
9000000.0003201,-69.9649200439453
9000000.0003201,-69.7527236938477
9000000.00032011,-69.5424880981445
9000000.00032011,-69.3373718261719
9000000.00032012,-69.1405181884766
9000000.00032012,-68.9550933837891
9000000.00032013,-68.7842330932617
9000000.00032013,-68.621696472168
9000000.00032014,-68.4597396850586
9000000.00032014,-68.2992630004883
9000000.00032015,-68.1411895751953
9000000.00032015,-67.9864273071289
9000000.00032016,-67.8358917236328
9000000.00032016,-67.6904830932617
9000000.00032017,-67.5511322021484
9000000.00032017,-67.4187240600586
9000000.00032018,-67.2941970825195
9000000.00032018,-67.1784439086914
9000000.00032019,-67.0723876953125
9000000.00032019,-66.9769287109375
9000000.0003202,-66.8909072875977
9000000.0003202,-66.8085861206055
9000000.00032021,-66.7306518554688
9000000.00032021,-66.6583251953125
9000000.00032022,-66.5928192138672
9000000.00032022,-66.5353546142578
9000000.00032023,-66.4871444702148
9000000.00032023,-66.4494018554688
9000000.00032024,-66.4233474731445
9000000.00032024,-66.4101867675781
9000000.00032025,-66.4111480712891
9000000.00032025,-66.4274368286133
9000000.00032026,-66.4602813720703
9000000.00032026,-66.5105438232422
9000000.00032027,-66.5747451782227
9000000.00032027,-66.651725769043
9000000.00032028,-66.7416229248047
9000000.00032028,-66.8445510864258
9000000.00032029,-66.9606323242188
9000000.00032029,-67.0899963378906
9000000.0003203,-67.2327651977539
9000000.0003203,-67.3890686035156
9000000.00032031,-67.5590209960938
9000000.00032031,-67.7427444458008
9000000.00032032,-67.9403686523438
9000000.00032032,-68.1520156860352
9000000.00032033,-68.377815246582
9000000.00032033,-68.6345291137695
9000000.00032034,-68.9333419799805
9000000.00032034,-69.2660293579102
9000000.00032035,-69.6243362426758
9000000.00032035,-70.0000305175781
9000000.00032036,-70.3848648071289
9000000.00032036,-70.7705993652344
9000000.00032037,-71.1489944458008
9000000.00032037,-71.5118103027344
9000000.00032038,-71.8507995605469
9000000.00032038,-72.1577301025391
9000000.00032039,-72.4243545532227
9000000.00032039,-72.6424331665039
9000000.0003204,-72.8108749389648
9000000.0003204,-72.9491882324219
9000000.00032041,-73.0604629516602
9000000.00032041,-73.1461791992188
9000000.00032042,-73.2078399658203
9000000.00032042,-73.2469177246094
9000000.00032043,-73.2649154663086
9000000.00032043,-73.2633056640625
9000000.00032044,-73.2435836791992
9000000.00032044,-73.2072296142578
9000000.00032045,-73.1557388305664
9000000.00032045,-73.0905990600586
9000000.00032046,-73.013298034668
9000000.00032046,-72.9239044189453
9000000.00032047,-72.8064422607422
9000000.00032047,-72.6593627929688
9000000.00032048,-72.4869384765625
9000000.00032048,-72.2934646606445
9000000.00032049,-72.0832138061523
9000000.00032049,-71.860481262207
9000000.0003205,-71.6295394897461
9000000.0003205,-71.3946685791016
9000000.00032051,-71.1601715087891
9000000.00032051,-70.930305480957
9000000.00032052,-70.7093811035156
9000000.00032052,-70.5016555786133
9000000.00032053,-70.3114318847656
9000000.00032053,-70.1307678222656
9000000.00032054,-69.9495162963867
9000000.00032054,-69.7686538696289
9000000.00032055,-69.5891265869141
9000000.00032055,-69.4119186401367
9000000.00032056,-69.2379837036133
9000000.00032056,-69.0682907104492
9000000.00032057,-68.90380859375
9000000.00032057,-68.7455062866211
9000000.00032058,-68.5943298339844
9000000.00032058,-68.4512710571289
9000000.00032059,-68.3172760009766
9000000.00032059,-68.1933135986328
9000000.0003206,-68.077766418457
9000000.0003206,-67.9635162353516
9000000.00032061,-67.8516006469727
9000000.00032061,-67.7437057495117
9000000.00032062,-67.6415176391602
9000000.00032062,-67.546745300293
9000000.00032063,-67.4610748291016
9000000.00032063,-67.3861923217773
9000000.00032064,-67.3237991333008
9000000.00032064,-67.2755889892578
9000000.00032065,-67.2432479858398
9000000.00032065,-67.2284774780273
9000000.00032066,-67.2329559326172
9000000.00032066,-67.2572402954102
9000000.00032067,-67.2883682250977
9000000.00032067,-67.3246459960938
9000000.00032068,-67.3691024780273
9000000.00032068,-67.4247512817383
9000000.00032069,-67.49462890625
9000000.00032069,-67.5817413330078
9000000.0003207,-67.6891250610352
9000000.0003207,-67.8197937011719
9000000.00032071,-67.9767761230469
9000000.00032071,-68.1630935668945
9000000.00032072,-68.3817672729492
9000000.00032072,-68.6358184814453
9000000.00032073,-68.9282836914063
9000000.00032073,-69.2922821044922
9000000.00032074,-69.746826171875
9000000.00032074,-70.2737655639648
9000000.00032075,-70.8549270629883
9000000.00032075,-71.4721527099609
9000000.00032076,-72.1072845458984
9000000.00032076,-72.7421493530273
9000000.00032077,-73.3585891723633
9000000.00032077,-73.9384460449219
9000000.00032078,-74.4635620117188
9000000.00032078,-74.9157638549805
9000000.00032079,-75.2768859863281
9000000.00032079,-75.5287857055664
9000000.0003208,-75.6644668579102
9000000.0003208,-75.7142868041992
9000000.00032081,-75.6887130737305
9000000.00032081,-75.5959091186523
9000000.00032082,-75.4440383911133
9000000.00032082,-75.2412414550781
9000000.00032083,-74.9956893920898
9000000.00032083,-74.7155380249023
9000000.00032084,-74.4089431762695
9000000.00032084,-74.0840682983398
9000000.00032085,-73.7490692138672
9000000.00032085,-73.4121017456055
9000000.00032086,-73.0813217163086
9000000.00032086,-72.7611312866211
9000000.00032087,-72.4103317260742
9000000.00032087,-72.0210189819336
9000000.00032088,-71.6002731323242
9000000.00032088,-71.1551895141602
9000000.00032089,-70.6928405761719
9000000.00032089,-70.2203216552734
9000000.0003209,-69.7447204589844
9000000.0003209,-69.2731246948242
9000000.00032091,-68.8126220703125
9000000.00032091,-68.3702926635742
9000000.00032092,-67.9532241821289
9000000.00032092,-67.5685043334961
9000000.00032093,-67.2232284545898
9000000.00032093,-66.9056625366211
9000000.00032094,-66.5999603271484
9000000.00032094,-66.3070449829102
9000000.00032095,-66.02783203125
9000000.00032095,-65.7632369995117
9000000.00032096,-65.5141754150391
9000000.00032096,-65.2815780639648
9000000.00032097,-65.0663452148438
9000000.00032097,-64.8694000244141
9000000.00032098,-64.6916580200195
9000000.00032098,-64.5340423583984
9000000.00032099,-64.3974685668945
9000000.00032099,-64.282844543457
9000000.000321,-64.1893692016602
9000000.000321,-64.1122817993164
9000000.00032101,-64.0519866943359
9000000.00032101,-64.0093231201172
9000000.00032102,-63.9851112365723
9000000.00032102,-63.9801902770996
9000000.00032103,-63.9953880310059
9000000.00032103,-64.0315399169922
9000000.00032104,-64.089469909668
9000000.00032104,-64.1700134277344
9000000.00032105,-64.2740020751953
9000000.00032105,-64.4022750854492
9000000.00032106,-64.5556488037109
9000000.00032106,-64.7351226806641
9000000.00032107,-64.942756652832
9000000.00032107,-65.177848815918
9000000.00032108,-65.4388809204102
9000000.00032108,-65.7243804931641
9000000.00032109,-66.032844543457
9000000.00032109,-66.3627777099609
9000000.0003211,-66.7126922607422
9000000.0003211,-67.0810852050781
9000000.00032111,-67.4664688110352
9000000.00032111,-67.8673477172852
9000000.00032112,-68.2822341918945
9000000.00032112,-68.7096252441406
9000000.00032113,-69.1480255126953
9000000.00032113,-69.6399307250977
9000000.00032114,-70.2157135009766
9000000.00032114,-70.8557052612305
9000000.00032115,-71.5402526855469
9000000.00032115,-72.2496948242188
9000000.00032116,-72.9643783569336
9000000.00032116,-73.6646423339844
9000000.00032117,-74.3308258056641
9000000.00032117,-74.9432754516602
9000000.00032118,-75.4823226928711
9000000.00032118,-75.9283218383789
9000000.00032119,-76.2615966796875
9000000.00032119,-76.4625015258789
9000000.0003212,-76.5161056518555
9000000.0003212,-76.434928894043
9000000.00032121,-76.2361755371094
9000000.00032121,-75.9365463256836
9000000.00032122,-75.5527114868164
9000000.00032122,-75.1013793945313
9000000.00032123,-74.599235534668
9000000.00032123,-74.0629653930664
9000000.00032124,-73.5092697143555
9000000.00032124,-72.9548263549805
9000000.00032125,-72.4163360595703
9000000.00032125,-71.9104843139648
9000000.00032126,-71.453971862793
9000000.00032126,-71.0585708618164
9000000.00032127,-70.6731414794922
9000000.00032127,-70.2819213867188
9000000.00032128,-69.8877182006836
9000000.00032128,-69.4933547973633
9000000.00032129,-69.1016540527344
9000000.00032129,-68.7154159545898
9000000.0003213,-68.3374710083008
9000000.0003213,-67.9706268310547
9000000.00032131,-67.6177062988281
9000000.00032131,-67.2815246582031
9000000.00032132,-66.9648971557617
9000000.00032132,-66.6706390380859
9000000.00032133,-66.4015731811523
9000000.00032133,-66.152099609375
9000000.00032134,-65.9153060913086
9000000.00032134,-65.6920013427734
9000000.00032135,-65.4830093383789
9000000.00032135,-65.2891311645508
9000000.00032136,-65.111198425293
9000000.00032136,-64.9500274658203
9000000.00032137,-64.8064193725586
9000000.00032137,-64.6811981201172
9000000.00032138,-64.5751800537109
9000000.00032138,-64.4891815185547
9000000.00032139,-64.4240112304688
9000000.00032139,-64.3804931640625
9000000.0003214,-64.3585586547852
9000000.0003214,-64.3557891845703
9000000.00032141,-64.3720245361328
9000000.00032141,-64.4072952270508
9000000.00032142,-64.4616470336914
9000000.00032142,-64.5351181030273
9000000.00032143,-64.6277542114258
9000000.00032143,-64.7395858764648
9000000.00032144,-64.8706665039063
9000000.00032144,-65.0210189819336
9000000.00032145,-65.1906967163086
9000000.00032145,-65.3797302246094
9000000.00032146,-65.5881652832031
9000000.00032146,-65.8178482055664
9000000.00032147,-66.0900726318359
9000000.00032147,-66.4050827026367
9000000.00032148,-66.7553176879883
9000000.00032148,-67.1332321166992
9000000.00032149,-67.5312728881836
9000000.00032149,-67.94189453125
9000000.0003215,-68.3575439453125
9000000.0003215,-68.7706604003906
9000000.00032151,-69.1737060546875
9000000.00032151,-69.5591278076172
9000000.00032152,-69.9193725585938
9000000.00032152,-70.2468872070313
9000000.00032153,-70.5341186523438
9000000.00032153,-70.7984771728516
9000000.00032154,-71.0601425170898
9000000.00032154,-71.3157653808594
9000000.00032155,-71.5619735717773
9000000.00032155,-71.79541015625
9000000.00032156,-72.0127029418945
9000000.00032156,-72.2104949951172
9000000.00032157,-72.3854141235352
9000000.00032157,-72.5341110229492
9000000.00032158,-72.6532135009766
9000000.00032158,-72.7393646240234
9000000.00032159,-72.789192199707
9000000.00032159,-72.7993316650391
9000000.0003216,-72.7646942138672
9000000.0003216,-72.6803970336914
9000000.00032161,-72.5514221191406
9000000.00032161,-72.3833236694336
9000000.00032162,-72.1816711425781
9000000.00032162,-71.9520492553711
9000000.00032163,-71.7000045776367
9000000.00032163,-71.4311141967773
9000000.00032164,-71.1509475708008
9000000.00032164,-70.8650665283203
9000000.00032165,-70.5790481567383
9000000.00032165,-70.298454284668
9000000.00032166,-70.0288543701172
9000000.00032166,-69.7736206054688
9000000.00032167,-69.5091400146484
9000000.00032167,-69.2300720214844
9000000.00032168,-68.9396591186523
9000000.00032168,-68.6411590576172
9000000.00032169,-68.3378219604492
9000000.00032169,-68.0329055786133
9000000.0003217,-67.7296600341797
9000000.0003217,-67.4313430786133
9000000.00032171,-67.1411972045898
9000000.00032171,-66.8624801635742
9000000.00032172,-66.5984497070313
9000000.00032172,-66.3523483276367
9000000.00032173,-66.12744140625
9000000.00032173,-65.916145324707
9000000.00032174,-65.7097244262695
9000000.00032174,-65.5096588134766
9000000.00032175,-65.3174285888672
9000000.00032175,-65.134521484375
9000000.00032176,-64.9624328613281
9000000.00032176,-64.8026275634766
9000000.00032177,-64.6566009521484
9000000.00032177,-64.5258407592773
9000000.00032178,-64.4118194580078
9000000.00032178,-64.316032409668
9000000.00032179,-64.2399673461914
9000000.00032179,-64.1850967407227
9000000.0003218,-64.1520080566406
9000000.0003218,-64.1382751464844
9000000.00032181,-64.1430206298828
9000000.00032181,-64.1655654907227
9000000.00032182,-64.2052230834961
9000000.00032182,-64.2613067626953
9000000.00032183,-64.333137512207
9000000.00032183,-64.4200286865234
9000000.00032184,-64.5213012695313
9000000.00032184,-64.6362686157227
9000000.00032185,-64.7642517089844
9000000.00032185,-64.9045562744141
9000000.00032186,-65.0565032958984
9000000.00032186,-65.2206192016602
9000000.00032187,-65.4107360839844
9000000.00032187,-65.6276702880859
9000000.00032188,-65.8671493530273
9000000.00032188,-66.1249084472656
9000000.00032189,-66.3966903686523
9000000.00032189,-66.67822265625
9000000.0003219,-66.9652404785156
9000000.0003219,-67.2534790039063
9000000.00032191,-67.5386734008789
9000000.00032191,-67.8165664672852
9000000.00032192,-68.0828857421875
9000000.00032192,-68.3333740234375
9000000.00032193,-68.5637512207031
9000000.00032193,-68.784538269043
9000000.00032194,-69.0075836181641
9000000.00032194,-69.2306594848633
9000000.00032195,-69.451545715332
9000000.00032195,-69.6680145263672
9000000.00032196,-69.8778305053711
9000000.00032196,-70.0787658691406
9000000.00032197,-70.2686004638672
9000000.00032197,-70.4450988769531
9000000.00032198,-70.6060409545898
9000000.00032198,-70.7491989135742
9000000.00032199,-70.8723373413086
9000000.00032199,-70.9732360839844
9000000.000322,-71.0491714477539
9000000.000322,-71.098747253418
9000000.00032201,-71.1247329711914
9000000.00032201,-71.1300964355469
9000000.00032202,-71.1178359985352
9000000.00032202,-71.0909194946289
9000000.00032203,-71.0523376464844
9000000.00032203,-71.0050735473633
9000000.00032204,-70.9521026611328
9000000.00032204,-70.8964080810547
9000000.00032205,-70.8409805297852
9000000.00032205,-70.7887954711914
9000000.00032206,-70.7428283691406
9000000.00032206,-70.7051010131836
9000000.00032207,-70.6653442382813
9000000.00032207,-70.620735168457
9000000.00032208,-70.5721664428711
9000000.00032208,-70.5205383300781
9000000.00032209,-70.4667587280273
9000000.00032209,-70.4117126464844
9000000.0003221,-70.3563079833984
9000000.0003221,-70.3014450073242
9000000.00032211,-70.2480163574219
9000000.00032211,-70.1969299316406
9000000.00032212,-70.1490859985352
9000000.00032212,-70.1053695678711
9000000.00032213,-70.0666961669922
9000000.00032213,-70.032585144043
9000000.00032214,-70.0016937255859
9000000.00032214,-69.9736633300781
9000000.00032215,-69.948112487793
9000000.00032215,-69.924674987793
9000000.00032216,-69.9029541015625
9000000.00032216,-69.8825988769531
9000000.00032217,-69.8632202148438
9000000.00032217,-69.8444519042969
9000000.00032218,-69.8259124755859
9000000.00032218,-69.8072280883789
9000000.00032219,-69.7880249023438
9000000.00032219,-69.7679290771484
9000000.0003222,-69.7433700561523
9000000.0003222,-69.7055358886719
9000000.00032221,-69.6573715209961
9000000.00032221,-69.6026840209961
9000000.00032222,-69.5453033447266
9000000.00032222,-69.4890518188477
9000000.00032223,-69.4377288818359
9000000.00032223,-69.3951721191406
9000000.00032224,-69.3651885986328
9000000.00032224,-69.3515930175781
9000000.00032225,-69.3582229614258
9000000.00032225,-69.3888702392578
9000000.00032226,-69.447380065918
9000000.00032226,-69.535514831543
9000000.00032227,-69.6308517456055
9000000.00032227,-69.7296371459961
9000000.00032228,-69.8363037109375
9000000.00032228,-69.9552917480469
9000000.00032229,-70.0910339355469
9000000.00032229,-70.2479553222656
9000000.0003223,-70.4304962158203
9000000.0003223,-70.6430816650391
9000000.00032231,-70.8901519775391
9000000.00032231,-71.176139831543
9000000.00032232,-71.5054779052734
9000000.00032232,-71.8825988769531
9000000.00032233,-72.3119277954102
9000000.00032233,-72.8487091064453
9000000.00032234,-73.5252914428711
9000000.00032234,-74.3118133544922
9000000.00032235,-75.1784210205078
9000000.00032235,-76.0952453613281
9000000.00032236,-77.0324249267578
9000000.00032236,-77.960090637207
9000000.00032237,-78.8483963012695
9000000.00032237,-79.6674652099609
9000000.00032238,-80.3874435424805
9000000.00032238,-80.9784545898438
9000000.00032239,-81.4106521606445
9000000.00032239,-81.654167175293
9000000.0003224,-81.687614440918
9000000.0003224,-81.5336074829102
9000000.00032241,-81.2172317504883
9000000.00032241,-80.7624664306641
9000000.00032242,-80.1932830810547
9000000.00032242,-79.5336456298828
9000000.00032243,-78.8075256347656
9000000.00032243,-78.0389022827148
9000000.00032244,-77.2517471313477
9000000.00032244,-76.4700164794922
9000000.00032245,-75.7176971435547
9000000.00032245,-75.0187530517578
9000000.00032246,-74.3971481323242
9000000.00032246,-73.8704681396484
9000000.00032247,-73.3727111816406
9000000.00032247,-72.88134765625
9000000.00032248,-72.3977737426758
9000000.00032248,-71.9234008789063
9000000.00032249,-71.4596328735352
9000000.00032249,-71.0078735351563
9000000.0003225,-70.5695343017578
9000000.0003225,-70.1460113525391
9000000.00032251,-69.7387161254883
9000000.00032251,-69.3490524291992
9000000.00032252,-68.9784240722656
9000000.00032252,-68.6282424926758
9000000.00032253,-68.2999114990234
9000000.00032253,-67.992790222168
9000000.00032254,-67.7048950195313
9000000.00032254,-67.4355697631836
9000000.00032255,-67.1841812133789
9000000.00032255,-66.950080871582
9000000.00032256,-66.7326354980469
9000000.00032256,-66.5311965942383
9000000.00032257,-66.3451232910156
9000000.00032257,-66.1737823486328
9000000.00032258,-66.0165176391602
9000000.00032258,-65.8727035522461
9000000.00032259,-65.7416839599609
9000000.00032259,-65.6228179931641
9000000.0003226,-65.5174789428711
9000000.0003226,-65.4311828613281
9000000.00032261,-65.3630142211914
9000000.00032261,-65.3115310668945
9000000.00032262,-65.2753219604492
9000000.00032262,-65.2529525756836
9000000.00032263,-65.2429885864258
9000000.00032263,-65.2440032958984
9000000.00032264,-65.2545623779297
9000000.00032264,-65.2732467651367
9000000.00032265,-65.2986145019531
9000000.00032265,-65.3292388916016
9000000.00032266,-65.3637008666992
9000000.00032266,-65.4012908935547
9000000.00032267,-65.4500885009766
9000000.00032267,-65.5114974975586
9000000.00032268,-65.5839691162109
9000000.00032268,-65.6659622192383
9000000.00032269,-65.7559204101563
9000000.00032269,-65.8523101806641
9000000.0003227,-65.9535751342773
9000000.0003227,-66.0581893920898
9000000.00032271,-66.1645889282227
9000000.00032271,-66.271240234375
9000000.00032272,-66.3765869140625
9000000.00032272,-66.4790954589844
9000000.00032273,-66.5772171020508
9000000.00032273,-66.677619934082
9000000.00032274,-66.7865142822266
9000000.00032274,-66.9017181396484
9000000.00032275,-67.0210266113281
9000000.00032275,-67.1422500610352
9000000.00032276,-67.26318359375
9000000.00032276,-67.3816375732422
9000000.00032277,-67.4954071044922
9000000.00032277,-67.6023025512695
9000000.00032278,-67.7001190185547
9000000.00032278,-67.7866744995117
9000000.00032279,-67.859748840332
9000000.00032279,-67.9171676635742
9000000.0003228,-67.9592208862305
9000000.0003228,-67.9927520751953
9000000.00032281,-68.0181198120117
9000000.00032281,-68.0350799560547
9000000.00032282,-68.0433883666992
9000000.00032282,-68.0428237915039
9000000.00032283,-68.0331268310547
9000000.00032283,-68.0140762329102
9000000.00032284,-67.9854278564453
9000000.00032284,-67.9469451904297
9000000.00032285,-67.8983917236328
9000000.00032285,-67.8395156860352
9000000.00032286,-67.7701034545898
9000000.00032286,-67.6892242431641
9000000.00032287,-67.5888900756836
9000000.00032287,-67.4692230224609
9000000.00032288,-67.333251953125
9000000.00032288,-67.1840133666992
9000000.00032289,-67.0245513916016
9000000.00032289,-66.8579025268555
9000000.0003229,-66.6871032714844
9000000.0003229,-66.5151901245117
9000000.00032291,-66.3452072143555
9000000.00032291,-66.1801834106445
9000000.00032292,-66.0231628417969
9000000.00032292,-65.8771743774414
9000000.00032293,-65.7452697753906
9000000.00032293,-65.6186828613281
9000000.00032294,-65.4880905151367
9000000.00032294,-65.355712890625
9000000.00032295,-65.223747253418
9000000.00032295,-65.0944213867188
9000000.00032296,-64.9699325561523
9000000.00032296,-64.8525009155273
9000000.00032297,-64.7443237304688
9000000.00032297,-64.6476211547852
9000000.00032298,-64.5645980834961
9000000.00032298,-64.4974670410156
9000000.00032299,-64.4484329223633
9000000.00032299,-64.4197158813477
9000000.000323,-64.4086532592773
9000000.000323,-64.4018859863281
9000000.00032301,-64.4009399414063
9000000.00032301,-64.4085464477539
9000000.00032302,-64.4274597167969
9000000.00032302,-64.4604187011719
9000000.00032303,-64.5101623535156
9000000.00032303,-64.5794448852539
9000000.00032304,-64.6709899902344
9000000.00032304,-64.7875595092773
9000000.00032305,-64.9318923950195
9000000.00032305,-65.1067199707031
9000000.00032306,-65.3148040771484
9000000.00032306,-65.5601272583008
9000000.00032307,-65.8585891723633
9000000.00032307,-66.2079086303711
9000000.00032308,-66.599983215332
9000000.00032308,-67.0266876220703
9000000.00032309,-67.4799270629883
9000000.00032309,-67.9515838623047
9000000.0003231,-68.4335403442383
9000000.0003231,-68.9177017211914
9000000.00032311,-69.3959426879883
9000000.00032311,-69.8601531982422
9000000.00032312,-70.3022308349609
9000000.00032312,-70.7140579223633
9000000.00032313,-71.0875244140625
9000000.00032313,-71.4501953125
9000000.00032314,-71.8297576904297
9000000.00032314,-72.2182769775391
9000000.00032315,-72.6078262329102
9000000.00032315,-72.9904708862305
9000000.00032316,-73.3582992553711
9000000.00032316,-73.703369140625
9000000.00032317,-74.0177536010742
9000000.00032317,-74.2935256958008
9000000.00032318,-74.5227584838867
9000000.00032318,-74.6975173950195
9000000.00032319,-74.8098831176758
9000000.00032319,-74.8519134521484
9000000.0003232,-74.8120727539063
9000000.0003232,-74.6801376342773
9000000.00032321,-74.4674606323242
9000000.00032321,-74.1866760253906
9000000.00032322,-73.8504028320313
9000000.00032322,-73.4712829589844
9000000.00032323,-73.0619354248047
9000000.00032323,-72.6349868774414
9000000.00032324,-72.2030792236328
9000000.00032324,-71.7788391113281
9000000.00032325,-71.3748931884766
9000000.00032325,-71.0038681030273
9000000.00032326,-70.6783981323242
9000000.00032326,-70.4079132080078
9000000.00032327,-70.1596832275391
9000000.00032327,-69.9218673706055
9000000.00032328,-69.6944808959961
9000000.00032328,-69.4775466918945
9000000.00032329,-69.2710800170898
9000000.00032329,-69.0751037597656
9000000.0003233,-68.8896331787109
9000000.0003233,-68.7146911621094
9000000.00032331,-68.5503005981445
9000000.00032331,-68.3964691162109
9000000.00032332,-68.2532272338867
9000000.00032332,-68.1205978393555
9000000.00032333,-67.9985885620117
9000000.00032333,-67.888671875
9000000.00032334,-67.7918243408203
9000000.00032334,-67.7073211669922
9000000.00032335,-67.6344223022461
9000000.00032335,-67.5724029541016
9000000.00032336,-67.5205459594727
9000000.00032336,-67.4781112670898
9000000.00032337,-67.4443664550781
9000000.00032337,-67.4185943603516
9000000.00032338,-67.4000701904297
9000000.00032338,-67.3880462646484
9000000.00032339,-67.3818130493164
9000000.00032339,-67.3806381225586
9000000.0003234,-67.3834609985352
9000000.0003234,-67.3893890380859
9000000.00032341,-67.3994522094727
9000000.00032341,-67.4147872924805
9000000.00032342,-67.4365615844727
9000000.00032342,-67.4659042358398
9000000.00032343,-67.5039749145508
9000000.00032343,-67.5519180297852
9000000.00032344,-67.6108779907227
9000000.00032344,-67.6820068359375
9000000.00032345,-67.7664566040039
9000000.00032345,-67.865364074707
9000000.00032346,-67.9798812866211
9000000.00032346,-68.1091537475586
9000000.00032347,-68.22998046875
9000000.00032347,-68.3410263061523
9000000.00032348,-68.4494323730469
9000000.00032348,-68.5623245239258
9000000.00032349,-68.6868515014648
9000000.00032349,-68.8301467895508
9000000.0003235,-68.9993438720703
9000000.0003235,-69.2015762329102
9000000.00032351,-69.4439926147461
9000000.00032351,-69.7337265014648
9000000.00032352,-70.0779037475586
9000000.00032352,-70.4836807250977
9000000.00032353,-70.9581756591797
9000000.00032353,-71.5561676025391
9000000.00032354,-72.3066864013672
9000000.00032354,-73.1782684326172
9000000.00032355,-74.1394424438477
9000000.00032355,-75.1587448120117
9000000.00032356,-76.204704284668
9000000.00032356,-77.2458648681641
9000000.00032357,-78.2507553100586
9000000.00032357,-79.1879043579102
9000000.00032358,-80.0258483886719
9000000.00032358,-80.7331314086914
9000000.00032359,-81.2782745361328
9000000.00032359,-81.6298217773438
9000000.0003236,-81.7692794799805
9000000.0003236,-81.7316741943359
9000000.00032361,-81.5401992797852
9000000.00032361,-81.2157974243164
9000000.00032362,-80.779411315918
9000000.00032362,-80.2519683837891
9000000.00032363,-79.6544036865234
9000000.00032363,-79.0076599121094
9000000.00032364,-78.3326721191406
9000000.00032364,-77.6503677368164
9000000.00032365,-76.981689453125
9000000.00032365,-76.3475799560547
9000000.00032366,-75.7689590454102
9000000.00032366,-75.2601776123047
9000000.00032367,-74.7517547607422
9000000.00032367,-74.2238616943359
9000000.00032368,-73.6819000244141
9000000.00032368,-73.1312637329102
9000000.00032369,-72.5773773193359
9000000.00032369,-72.025634765625
9000000.0003237,-71.4814453125
9000000.0003237,-70.9502182006836
9000000.00032371,-70.4373474121094
9000000.00032371,-69.9482574462891
9000000.00032372,-69.4883422851563
9000000.00032372,-69.0630111694336
9000000.00032373,-68.6776657104492
9000000.00032373,-68.3238983154297
9000000.00032374,-67.9899826049805
9000000.00032374,-67.6763610839844
9000000.00032375,-67.3834609985352
9000000.00032375,-67.1117401123047
9000000.00032376,-66.8616333007813
9000000.00032376,-66.6335830688477
9000000.00032377,-66.4280242919922
9000000.00032377,-66.2453994750977
9000000.00032378,-66.0861587524414
9000000.00032378,-65.9507293701172
9000000.00032379,-65.8395614624023
9000000.00032379,-65.7530975341797
9000000.0003238,-65.6914901733398
9000000.0003238,-65.6539993286133
9000000.00032381,-65.6403656005859
9000000.00032381,-65.6503982543945
9000000.00032382,-65.6839141845703
9000000.00032382,-65.7407073974609
9000000.00032383,-65.8206024169922
9000000.00032383,-65.9234008789063
9000000.00032384,-66.0489044189453
9000000.00032384,-66.1969299316406
9000000.00032385,-66.3672790527344
9000000.00032385,-66.5597686767578
9000000.00032386,-66.7742004394531
9000000.00032386,-67.0122528076172
9000000.00032387,-67.2957992553711
9000000.00032387,-67.6252899169922
9000000.00032388,-67.9931869506836
9000000.00032388,-68.3919525146484
9000000.00032389,-68.8140258789063
9000000.00032389,-69.2518692016602
9000000.0003239,-69.6979370117188
9000000.0003239,-70.1446914672852
9000000.00032391,-70.5845718383789
9000000.00032391,-71.0100402832031
9000000.00032392,-71.4135513305664
9000000.00032392,-71.7875595092773
9000000.00032393,-72.1245193481445
9000000.00032393,-72.4499435424805
9000000.00032394,-72.7895050048828
9000000.00032394,-73.1358871459961
9000000.00032395,-73.4817733764648
9000000.00032395,-73.8198471069336
9000000.00032396,-74.1428070068359
9000000.00032396,-74.4433288574219
9000000.00032397,-74.7140960693359
9000000.00032397,-74.9478073120117
9000000.00032398,-75.1371383666992
9000000.00032398,-75.274772644043
9000000.00032399,-75.3534088134766
9000000.00032399,-75.3657302856445
9000000.000324,-75.3029937744141
9000000.000324,-75.1611175537109
9000000.00032401,-74.9490203857422
9000000.00032401,-74.6763000488281
9000000.00032402,-74.3525466918945
9000000.00032402,-73.9873657226563
9000000.00032403,-73.5903549194336
9000000.00032403,-73.1710968017578
9000000.00032404,-72.7391891479492
9000000.00032404,-72.3042373657227
9000000.00032405,-71.8758316040039
9000000.00032405,-71.4635620117188
9000000.00032406,-71.077033996582
9000000.00032406,-70.7224884033203
9000000.00032407,-70.3643264770508
9000000.00032407,-69.9933929443359
9000000.00032408,-69.6135101318359
9000000.00032408,-69.2284698486328
9000000.00032409,-68.8420944213867
9000000.00032409,-68.4581832885742
9000000.0003241,-68.0805511474609
9000000.0003241,-67.7129974365234
9000000.00032411,-67.3593368530273
9000000.00032411,-67.0233764648438
9000000.00032412,-66.7089233398438
9000000.00032412,-66.419792175293
9000000.00032413,-66.1597747802734
9000000.00032413,-65.9207000732422
9000000.00032414,-65.6927871704102
9000000.00032414,-65.4774322509766
9000000.00032415,-65.2760543823242
9000000.00032415,-65.0900497436523
9000000.00032416,-64.9208450317383
9000000.00032416,-64.7698287963867
9000000.00032417,-64.6384201049805
9000000.00032417,-64.5280303955078
9000000.00032418,-64.440055847168
9000000.00032418,-64.3759155273438
9000000.00032419,-64.3370208740234
9000000.00032419,-64.3247604370117
9000000.0003242,-64.3385620117188
9000000.0003242,-64.372932434082
9000000.00032421,-64.4279708862305
9000000.00032421,-64.5042495727539
9000000.00032422,-64.6023406982422
9000000.00032422,-64.7228317260742
9000000.00032423,-64.8662872314453
9000000.00032423,-65.0332946777344
9000000.00032424,-65.2244262695313
9000000.00032424,-65.4402542114258
9000000.00032425,-65.6813583374023
9000000.00032425,-65.9483261108398
9000000.00032426,-66.2417144775391
9000000.00032426,-66.5640640258789
9000000.00032427,-66.9384536743164
9000000.00032427,-67.3646850585938
9000000.00032428,-67.8340606689453
9000000.00032428,-68.3379058837891
9000000.00032429,-68.8675537109375
9000000.00032429,-69.414306640625
9000000.0003243,-69.9695053100586
9000000.0003243,-70.5244522094727
9000000.00032431,-71.0704727172852
9000000.00032431,-71.5988922119141
9000000.00032432,-72.1010360717773
9000000.00032432,-72.5682067871094
9000000.00032433,-72.9917449951172
9000000.00032433,-73.3901748657227
9000000.00032434,-73.7857131958008
9000000.00032434,-74.1752166748047
9000000.00032435,-74.5555267333984
9000000.00032435,-74.9234924316406
9000000.00032436,-75.2759628295898
9000000.00032436,-75.6097793579102
9000000.00032437,-75.9217987060547
9000000.00032437,-76.2088623046875
9000000.00032438,-76.4678192138672
9000000.00032438,-76.6955184936523
9000000.00032439,-76.888801574707
9000000.00032439,-77.0445327758789
9000000.0003244,-77.1636047363281
9000000.0003244,-77.2571640014648
9000000.00032441,-77.3253173828125
9000000.00032441,-77.3672332763672
9000000.00032442,-77.3820495605469
9000000.00032442,-77.3689193725586
9000000.00032443,-77.3269958496094
9000000.00032443,-77.2554321289063
9000000.00032444,-77.1533737182617
9000000.00032444,-77.0199813842773
9000000.00032445,-76.8543930053711
9000000.00032445,-76.65576171875
9000000.00032446,-76.4232406616211
9000000.00032446,-76.1536331176758
9000000.00032447,-75.8189086914063
9000000.00032447,-75.4194641113281
9000000.00032448,-74.9659652709961
9000000.00032448,-74.4690933227539
9000000.00032449,-73.9394989013672
9000000.00032449,-73.3878631591797
9000000.0003245,-72.8248443603516
9000000.0003245,-72.2611083984375
9000000.00032451,-71.7073211669922
9000000.00032451,-71.1741638183594
9000000.00032452,-70.6722869873047
9000000.00032452,-70.2123641967773
9000000.00032453,-69.805061340332
9000000.00032453,-69.4328384399414
9000000.00032454,-69.0719223022461
9000000.00032454,-68.7236480712891
9000000.00032455,-68.3893356323242
9000000.00032455,-68.0703125
9000000.00032456,-67.7678985595703
9000000.00032456,-67.4834365844727
9000000.00032457,-67.2182388305664
9000000.00032457,-66.9736328125
9000000.00032458,-66.7509536743164
9000000.00032458,-66.5515213012695
9000000.00032459,-66.3766555786133
9000000.00032459,-66.2276992797852
9000000.0003246,-66.104133605957
9000000.0003246,-66.0009613037109
9000000.00032461,-65.9182205200195
9000000.00032461,-65.8563842773438
9000000.00032462,-65.8159561157227
9000000.00032462,-65.7974014282227
9000000.00032463,-65.8012161254883
9000000.00032463,-65.827880859375
9000000.00032464,-65.8778762817383
9000000.00032464,-65.9516906738281
9000000.00032465,-66.0497970581055
9000000.00032465,-66.1726913452148
9000000.00032466,-66.3208541870117
9000000.00032466,-66.4941482543945
9000000.00032467,-66.6854248046875
9000000.00032467,-66.894157409668
9000000.00032468,-67.1224212646484
9000000.00032468,-67.3723068237305
9000000.00032469,-67.6458740234375
9000000.00032469,-67.9452209472656
9000000.0003247,-68.2724151611328
9000000.0003247,-68.6295394897461
9000000.00032471,-69.0186767578125
9000000.00032471,-69.44189453125
9000000.00032472,-69.9012756347656
9000000.00032472,-70.3989105224609
9000000.00032473,-70.9368667602539
9000000.00032473,-71.5715179443359
9000000.00032474,-72.3386459350586
9000000.00032474,-73.2094192504883
9000000.00032475,-74.1549987792969
9000000.00032475,-75.1465606689453
9000000.00032476,-76.1552581787109
9000000.00032476,-77.1522750854492
9000000.00032477,-78.108772277832
9000000.00032477,-78.9959182739258
9000000.00032478,-79.7848815917969
9000000.00032478,-80.4468307495117
9000000.00032479,-80.9529342651367
9000000.00032479,-81.2743606567383
9000000.0003248,-81.390495300293
9000000.0003248,-81.3232498168945
9000000.00032481,-81.0968322753906
9000000.00032481,-80.7343521118164
9000000.00032482,-80.258918762207
9000000.00032482,-79.6936416625977
9000000.00032483,-79.0616302490234
9000000.00032483,-78.3860015869141
9000000.00032484,-77.6898498535156
9000000.00032484,-76.9962921142578
9000000.00032485,-76.3284454345703
9000000.00032485,-75.7094116210938
9000000.00032486,-75.1623001098633
9000000.00032486,-74.7040786743164
9000000.00032487,-74.2714538574219
9000000.00032487,-73.8427047729492
9000000.00032488,-73.4190673828125
9000000.00032488,-73.0017852783203
9000000.00032489,-72.5921020507813
9000000.00032489,-72.1912384033203
9000000.0003249,-71.8004608154297
9000000.0003249,-71.4209899902344
9000000.00032491,-71.054069519043
9000000.00032491,-70.7009429931641
9000000.00032492,-70.3628463745117
9000000.00032492,-70.0410232543945
9000000.00032493,-69.7367095947266
9000000.00032493,-69.4495315551758
9000000.00032494,-69.1778411865234
9000000.00032494,-68.9209823608398
9000000.00032495,-68.6783065795898
9000000.00032495,-68.4491577148438
9000000.00032496,-68.2328948974609
9000000.00032496,-68.0288619995117
9000000.00032497,-67.8363952636719
9000000.00032497,-67.6548538208008
9000000.00032498,-67.4835891723633
9000000.00032498,-67.3219375610352
9000000.00032499,-67.1692504882813
9000000.00032499,-67.0248794555664
9000000.000325,-66.8880615234375
9000000.000325,-66.7584381103516
9000000.00032501,-66.6368103027344
9000000.00032501,-66.5240173339844
9000000.00032502,-66.4209136962891
9000000.00032502,-66.3283386230469
9000000.00032503,-66.2471389770508
9000000.00032503,-66.1781692504883
9000000.00032504,-66.1222686767578
9000000.00032504,-66.0802841186523
9000000.00032505,-66.0530624389648
9000000.00032505,-66.0414505004883
9000000.00032506,-66.0462951660156
9000000.00032506,-66.0673141479492
9000000.00032507,-66.0914916992188
9000000.00032507,-66.1178970336914
9000000.00032508,-66.1503448486328
9000000.00032508,-66.1926498413086
9000000.00032509,-66.2486419677734
9000000.00032509,-66.322135925293
9000000.0003251,-66.4169464111328
9000000.0003251,-66.5368881225586
9000000.00032511,-66.6857833862305
9000000.00032511,-66.8674545288086
9000000.00032512,-67.0857162475586
9000000.00032512,-67.3443908691406
9000000.00032513,-67.6472854614258
9000000.00032513,-68.0201034545898
9000000.00032514,-68.4759216308594
9000000.00032514,-68.9996719360352
9000000.00032515,-69.5762710571289
9000000.00032515,-70.1906509399414
9000000.00032516,-70.8277359008789
9000000.00032516,-71.4724349975586
9000000.00032517,-72.1096801757813
9000000.00032517,-72.7243957519531
9000000.00032518,-73.3015060424805
9000000.00032518,-73.825927734375
9000000.00032519,-74.282585144043
9000000.00032519,-74.6564102172852
9000000.0003252,-74.9445953369141
9000000.0003252,-75.1806259155273
9000000.00032521,-75.3707885742188
9000000.00032521,-75.5186614990234
9000000.00032522,-75.6278305053711
9000000.00032522,-75.7018508911133
9000000.00032523,-75.7443161010742
9000000.00032523,-75.7587814331055
9000000.00032524,-75.7488403320313
9000000.00032524,-75.7180557250977
9000000.00032525,-75.6700057983398
9000000.00032525,-75.608268737793
9000000.00032526,-75.5364074707031
9000000.00032526,-75.4556121826172
9000000.00032527,-75.3390808105469
9000000.00032527,-75.183219909668
9000000.00032528,-74.9942321777344
9000000.00032528,-74.7783126831055
9000000.00032529,-74.5416564941406
9000000.00032529,-74.2904663085938
9000000.0003253,-74.0309295654297
9000000.0003253,-73.7692565917969
9000000.00032531,-73.5116348266602
9000000.00032531,-73.2642593383789
9000000.00032532,-73.0333251953125
9000000.00032532,-72.8250350952148
9000000.00032533,-72.6455917358398
9000000.00032533,-72.4910583496094
9000000.00032534,-72.3518676757813
9000000.00032534,-72.2257385253906
9000000.00032535,-72.1103973388672
9000000.00032535,-72.0035552978516
9000000.00032536,-71.9029541015625
9000000.00032536,-71.8062973022461
9000000.00032537,-71.7113189697266
9000000.00032537,-71.6157302856445
9000000.00032538,-71.5172653198242
9000000.00032538,-71.4136352539063
9000000.00032539,-71.3025665283203
9000000.00032539,-71.1817855834961
9000000.0003254,-71.0477676391602
9000000.0003254,-70.8970565795898
9000000.00032541,-70.7330627441406
9000000.00032541,-70.5596160888672
9000000.00032542,-70.3805618286133
9000000.00032542,-70.1997222900391
9000000.00032543,-70.0209503173828
9000000.00032543,-69.8480682373047
9000000.00032544,-69.6849212646484
9000000.00032544,-69.5353393554688
9000000.00032545,-69.4031600952148
9000000.00032545,-69.2922134399414
9000000.00032546,-69.2063522338867
9000000.00032546,-69.1475067138672
9000000.00032547,-69.0950012207031
9000000.00032547,-69.0450820922852
9000000.00032548,-69.0015640258789
9000000.00032548,-68.9682388305664
9000000.00032549,-68.9489059448242
9000000.00032549,-68.9473724365234
9000000.0003255,-68.9674453735352
9000000.0003255,-69.0129165649414
9000000.00032551,-69.0875930786133
9000000.00032551,-69.1952667236328
9000000.00032552,-69.3397521972656
9000000.00032552,-69.5248489379883
9000000.00032553,-69.7543487548828
9000000.00032553,-70.0643539428711
9000000.00032554,-70.4749984741211
9000000.00032554,-70.9661560058594
9000000.00032555,-71.5177001953125
9000000.00032555,-72.109504699707
9000000.00032556,-72.7214431762695
9000000.00032556,-73.3333892822266
9000000.00032557,-73.9252166748047
9000000.00032557,-74.4767913818359
9000000.00032558,-74.9680023193359
9000000.00032558,-75.3787078857422
9000000.00032559,-75.6887893676758
9000000.00032559,-75.8781204223633
9000000.0003256,-75.9366836547852
9000000.0003256,-75.8918762207031
9000000.00032561,-75.7571029663086
9000000.00032561,-75.5438232421875
9000000.00032562,-75.2634887695313
9000000.00032562,-74.9275665283203
9000000.00032563,-74.5475158691406
9000000.00032563,-74.1347885131836
9000000.00032564,-73.7008514404297
9000000.00032564,-73.2571640014648
9000000.00032565,-72.815185546875
9000000.00032565,-72.3863677978516
9000000.00032566,-71.9821853637695
9000000.00032566,-71.6098861694336
9000000.00032567,-71.2246551513672
9000000.00032567,-70.8155364990234
9000000.00032568,-70.3878936767578
9000000.00032568,-69.9470825195313
9000000.00032569,-69.4984741210938
9000000.00032569,-69.0474243164063
9000000.0003257,-68.5992965698242
9000000.0003257,-68.1594619750977
9000000.00032571,-67.733268737793
9000000.00032571,-67.3260803222656
9000000.00032572,-66.9432754516602
9000000.00032572,-66.590202331543
9000000.00032573,-66.2722244262695
9000000.00032573,-65.9809036254883
9000000.00032574,-65.7045516967773
9000000.00032574,-65.4436492919922
9000000.00032575,-65.1986770629883
9000000.00032575,-64.9701232910156
9000000.00032576,-64.7584609985352
9000000.00032576,-64.5641708374023
9000000.00032577,-64.3877410888672
9000000.00032577,-64.2296524047852
9000000.00032578,-64.0903930664063
9000000.00032578,-63.9704284667969
9000000.00032579,-63.8702507019043
9000000.00032579,-63.790340423584
9000000.0003258,-63.731086730957
9000000.0003258,-63.6922416687012
9000000.00032581,-63.6733665466309
9000000.00032581,-63.6740303039551
9000000.00032582,-63.6937980651855
9000000.00032582,-63.7322387695313
9000000.00032583,-63.7889175415039
9000000.00032583,-63.8634033203125
9000000.00032584,-63.955265045166
9000000.00032584,-64.0640716552734
9000000.00032585,-64.1893844604492
9000000.00032585,-64.3307723999023
9000000.00032586,-64.4878082275391
9000000.00032586,-64.6605377197266
9000000.00032587,-64.8544998168945
9000000.00032587,-65.0701446533203
9000000.00032588,-65.3059310913086
9000000.00032588,-65.5602874755859
9000000.00032589,-65.8316650390625
9000000.00032589,-66.1185073852539
9000000.0003259,-66.4192504882813
9000000.0003259,-66.7323455810547
9000000.00032591,-67.0562286376953
9000000.00032591,-67.3893432617188
9000000.00032592,-67.7301330566406
9000000.00032592,-68.0770492553711
9000000.00032593,-68.4285278320313
9000000.00032593,-68.8088989257813
9000000.00032594,-69.2363510131836
9000000.00032594,-69.7000885009766
9000000.00032595,-70.189338684082
9000000.00032595,-70.6933059692383
9000000.00032596,-71.2012023925781
9000000.00032596,-71.7022552490234
9000000.00032597,-72.185661315918
9000000.00032597,-72.6406478881836
9000000.00032598,-73.0564193725586
9000000.00032598,-73.4221954345703
9000000.00032599,-73.7271881103516
9000000.00032599,-73.9606170654297
9000000.000326,-74.1193618774414
9000000.000326,-74.2242889404297
9000000.00032601,-74.2807998657227
9000000.00032601,-74.2926406860352
9000000.00032602,-74.263557434082
9000000.00032602,-74.1972961425781
9000000.00032603,-74.0975952148438
9000000.00032603,-73.9682083129883
9000000.00032604,-73.8128814697266
9000000.00032604,-73.6353530883789
9000000.00032605,-73.4393768310547
9000000.00032605,-73.2286911010742
9000000.00032606,-73.0070495605469
9000000.00032606,-72.7754440307617
9000000.00032607,-72.503059387207
9000000.00032607,-72.1860885620117
9000000.00032608,-71.8320007324219
9000000.00032608,-71.4482650756836
9000000.00032609,-71.0423278808594
9000000.00032609,-70.6216659545898
9000000.0003261,-70.1937255859375
9000000.0003261,-69.765983581543
9000000.00032611,-69.3458862304688
9000000.00032611,-68.9409103393555
9000000.00032612,-68.5585098266602
9000000.00032612,-68.2061462402344
9000000.00032613,-67.8912887573242
9000000.00032613,-67.6003570556641
9000000.00032614,-67.3158645629883
9000000.00032614,-67.0393676757813
9000000.00032615,-66.7724151611328
9000000.00032615,-66.5165710449219
9000000.00032616,-66.2733917236328
9000000.00032616,-66.04443359375
9000000.00032617,-65.8312530517578
9000000.00032617,-65.6354064941406
9000000.00032618,-65.4584503173828
9000000.00032618,-65.3019485473633
9000000.00032619,-65.1674423217773
9000000.00032619,-65.056510925293
9000000.0003262,-64.9701690673828
9000000.0003262,-64.9070510864258
9000000.00032621,-64.8658905029297
9000000.00032621,-64.8455200195313
9000000.00032622,-64.8447875976563
9000000.00032622,-64.8625106811523
9000000.00032623,-64.8975219726563
9000000.00032623,-64.9486618041992
9000000.00032624,-65.0147476196289
9000000.00032624,-65.0946273803711
9000000.00032625,-65.1871185302734
9000000.00032625,-65.2910614013672
9000000.00032626,-65.4052886962891
9000000.00032626,-65.5298767089844
9000000.00032627,-65.6790618896484
9000000.00032627,-65.8540954589844
9000000.00032628,-66.0510025024414
9000000.00032628,-66.2658462524414
9000000.00032629,-66.4946517944336
9000000.00032629,-66.7334594726563
9000000.0003263,-66.9783248901367
9000000.0003263,-67.2252731323242
9000000.00032631,-67.4703521728516
9000000.00032631,-67.7096099853516
9000000.00032632,-67.939079284668
9000000.00032632,-68.1548080444336
9000000.00032633,-68.3528289794922
9000000.00032633,-68.5474090576172
9000000.00032634,-68.7526245117188
9000000.00032634,-68.9642028808594
9000000.00032635,-69.1778717041016
9000000.00032635,-69.3893737792969
9000000.00032636,-69.5944366455078
9000000.00032636,-69.7887878417969
9000000.00032637,-69.9681777954102
9000000.00032637,-70.1283264160156
9000000.00032638,-70.2649612426758
9000000.00032638,-70.3738327026367
9000000.00032639,-70.4506683349609
9000000.00032639,-70.4911956787109
9000000.0003264,-70.4924392700195
9000000.0003264,-70.4578170776367
9000000.00032641,-70.3908615112305
9000000.00032641,-70.2949295043945
9000000.00032642,-70.1733551025391
9000000.00032642,-70.0295028686523
9000000.00032643,-69.8667068481445
9000000.00032643,-69.6883163452148
9000000.00032644,-69.4976959228516
9000000.00032644,-69.2981719970703
9000000.00032645,-69.0931167602539
9000000.00032645,-68.885856628418
9000000.00032646,-68.6797561645508
9000000.00032646,-68.476448059082
9000000.00032647,-68.2571640014648
9000000.00032647,-68.0186309814453
9000000.00032648,-67.7644195556641
9000000.00032648,-67.4980926513672
9000000.00032649,-67.2232208251953
9000000.00032649,-66.9433746337891
9000000.0003265,-66.6621246337891
9000000.0003265,-66.3830261230469
9000000.00032651,-66.1096572875977
9000000.00032651,-65.845588684082
9000000.00032652,-65.5943832397461
9000000.00032652,-65.3596038818359
9000000.00032653,-65.1448287963867
9000000.00032653,-64.9422454833984
9000000.00032654,-64.7425994873047
9000000.00032654,-64.5472640991211
9000000.00032655,-64.3576431274414
9000000.00032655,-64.1751174926758
9000000.00032656,-64.0010681152344
9000000.00032656,-63.8368835449219
9000000.00032657,-63.6839561462402
9000000.00032657,-63.5436706542969
9000000.00032658,-63.4174118041992
9000000.00032658,-63.306568145752
9000000.00032659,-63.2125244140625
9000000.00032659,-63.1366729736328
9000000.0003266,-63.0780601501465
9000000.0003266,-63.0302925109863
9000000.00032661,-62.9937477111816
9000000.00032661,-62.9693794250488
9000000.00032662,-62.9581413269043
9000000.00032662,-62.9609909057617
9000000.00032663,-62.9788780212402
9000000.00032663,-63.0127639770508
9000000.00032664,-63.0635948181152
9000000.00032664,-63.1323318481445
9000000.00032665,-63.2199249267578
9000000.00032665,-63.3273277282715
9000000.00032666,-63.4555015563965
9000000.00032666,-63.6032981872559
9000000.00032667,-63.7464332580566
9000000.00032667,-63.8837242126465
9000000.00032668,-64.0228729248047
9000000.00032668,-64.1715850830078
9000000.00032669,-64.3375473022461
9000000.00032669,-64.5284805297852
9000000.0003267,-64.752067565918
9000000.0003267,-65.0160217285156
9000000.00032671,-65.3280334472656
9000000.00032671,-65.6958160400391
9000000.00032672,-66.1270523071289
9000000.00032672,-66.6294631958008
9000000.00032673,-67.2107315063477
9000000.00032673,-67.9316864013672
9000000.00032674,-68.8247985839844
9000000.00032674,-69.8552780151367
9000000.00032675,-70.9883575439453
9000000.00032675,-72.1892318725586
9000000.00032676,-73.4231262207031
9000000.00032676,-74.6552429199219
9000000.00032677,-75.8507995605469
9000000.00032677,-76.9750137329102
9000000.00032678,-77.9930953979492
9000000.00032678,-78.8702621459961
9000000.00032679,-79.5717163085938
9000000.00032679,-80.0626831054688
9000000.0003268,-80.3219375610352
9000000.0003268,-80.3860168457031
9000000.00032681,-80.2812118530273
9000000.00032681,-80.0315017700195
9000000.00032682,-79.6608734130859
9000000.00032682,-79.1932983398438
9000000.00032683,-78.6527786254883
9000000.00032683,-78.0632858276367
9000000.00032684,-77.4487991333008
9000000.00032684,-76.8333129882813
9000000.00032685,-76.2407989501953
9000000.00032685,-75.6952514648438
9000000.00032686,-75.2206420898438
9000000.00032686,-74.8345642089844
9000000.00032687,-74.4710998535156
9000000.00032687,-74.1076889038086
9000000.00032688,-73.7457122802734
9000000.00032688,-73.3865356445313
9000000.00032689,-73.0315246582031
9000000.00032689,-72.6820602416992
9000000.0003269,-72.3395156860352
9000000.0003269,-72.0052490234375
9000000.00032691,-71.6806411743164
9000000.00032691,-71.367057800293
9000000.00032692,-71.0658798217773
9000000.00032692,-70.7784652709961
9000000.00032693,-70.5061874389648
9000000.00032693,-70.2491226196289
9000000.00032694,-70.0057830810547
9000000.00032694,-69.7752075195313
9000000.00032695,-69.5564346313477
9000000.00032695,-69.3485107421875
9000000.00032696,-69.1504669189453
9000000.00032696,-68.9613494873047
9000000.00032697,-68.7801971435547
9000000.00032697,-68.6060485839844
9000000.00032698,-68.4379425048828
9000000.00032698,-68.2749252319336
9000000.00032699,-68.1160278320313
9000000.00032699,-67.9602966308594
9000000.000327,-67.8061370849609
9000000.000327,-67.6517715454102
9000000.00032701,-67.4987258911133
9000000.00032701,-67.3487396240234
9000000.00032702,-67.2035522460938
9000000.00032702,-67.0649108886719
9000000.00032703,-66.9345397949219
9000000.00032703,-66.8141784667969
9000000.00032704,-66.7055740356445
9000000.00032704,-66.610466003418
9000000.00032705,-66.5305862426758
9000000.00032705,-66.4676742553711
9000000.00032706,-66.4234619140625
9000000.00032706,-66.3991775512695
9000000.00032707,-66.3893127441406
9000000.00032707,-66.392219543457
9000000.00032708,-66.4082565307617
9000000.00032708,-66.4377822875977
9000000.00032709,-66.4811401367188
9000000.00032709,-66.5386962890625
9000000.0003271,-66.6108016967773
9000000.0003271,-66.6977996826172
9000000.00032711,-66.8000640869141
9000000.00032711,-66.9179306030273
9000000.00032712,-67.0517654418945
9000000.00032712,-67.2019195556641
9000000.00032713,-67.3687438964844
9000000.00032713,-67.5688400268555
9000000.00032714,-67.8130035400391
9000000.00032714,-68.0929336547852
9000000.00032715,-68.4003295898438
9000000.00032715,-68.7268600463867
9000000.00032716,-69.0642318725586
9000000.00032716,-69.4041290283203
9000000.00032717,-69.7382431030273
9000000.00032717,-70.0582656860352
9000000.00032718,-70.3558807373047
9000000.00032718,-70.6227874755859
9000000.00032719,-70.8506698608398
9000000.00032719,-71.0312118530273
9000000.0003272,-71.1637191772461
9000000.0003272,-71.268913269043
9000000.00032721,-71.349609375
9000000.00032721,-71.4068984985352
9000000.00032722,-71.4418640136719
9000000.00032722,-71.4555892944336
9000000.00032723,-71.4491577148438
9000000.00032723,-71.4236602783203
9000000.00032724,-71.3801879882813
9000000.00032724,-71.3198089599609
9000000.00032725,-71.2436218261719
9000000.00032725,-71.152702331543
9000000.00032726,-71.0481491088867
9000000.00032726,-70.9294204711914
9000000.00032727,-70.7778701782227
9000000.00032727,-70.59228515625
9000000.00032728,-70.3782424926758
9000000.00032728,-70.1413345336914
9000000.00032729,-69.8871536254883
9000000.00032729,-69.6212768554688
9000000.0003273,-69.3493041992188
9000000.0003273,-69.0768203735352
9000000.00032731,-68.8094100952148
9000000.00032731,-68.5526657104492
9000000.00032732,-68.3121795654297
9000000.00032732,-68.0935287475586
9000000.00032733,-67.9023132324219
9000000.00032733,-67.7292251586914
9000000.00032734,-67.5617599487305
9000000.00032734,-67.4006576538086
9000000.00032735,-67.2466506958008
9000000.00032735,-67.1005020141602
9000000.00032736,-66.9629440307617
9000000.00032736,-66.8347320556641
9000000.00032737,-66.7165985107422
9000000.00032737,-66.6092987060547
9000000.00032738,-66.5135726928711
9000000.00032738,-66.4301681518555
9000000.00032739,-66.3598327636719
9000000.00032739,-66.3032989501953
9000000.0003274,-66.2593460083008
9000000.0003274,-66.2225112915039
9000000.00032741,-66.1935882568359
9000000.00032741,-66.1738662719727
9000000.00032742,-66.1646270751953
9000000.00032742,-66.1671752929688
9000000.00032743,-66.1827850341797
9000000.00032743,-66.212760925293
9000000.00032744,-66.2583847045898
9000000.00032744,-66.3209457397461
9000000.00032745,-66.401741027832
9000000.00032745,-66.5020523071289
9000000.00032746,-66.623176574707
9000000.00032746,-66.7672882080078
9000000.00032747,-66.9454116821289
9000000.00032747,-67.1565170288086
9000000.00032748,-67.3955459594727
9000000.00032748,-67.6574172973633
9000000.00032749,-67.9370880126953
9000000.00032749,-68.2294769287109
9000000.0003275,-68.5295333862305
9000000.0003275,-68.8321762084961
9000000.00032751,-69.1323547363281
9000000.00032751,-69.4249954223633
9000000.00032752,-69.7050399780273
9000000.00032752,-69.9674224853516
9000000.00032753,-70.2070693969727
9000000.00032753,-70.4420776367188
9000000.00032754,-70.6903228759766
9000000.00032754,-70.9464263916016
9000000.00032755,-71.2050094604492
9000000.00032755,-71.4607009887695
9000000.00032756,-71.708122253418
9000000.00032756,-71.9419021606445
9000000.00032757,-72.1566543579102
9000000.00032757,-72.3470077514648
9000000.00032758,-72.5075836181641
9000000.00032758,-72.6330108642578
9000000.00032759,-72.7179107666016
9000000.00032759,-72.7569046020508
9000000.0003276,-72.7435607910156
9000000.0003276,-72.6748275756836
9000000.00032761,-72.5572814941406
9000000.00032761,-72.3979873657227
9000000.00032762,-72.2040176391602
9000000.00032762,-71.9824447631836
9000000.00032763,-71.7403335571289
9000000.00032763,-71.484748840332
9000000.00032764,-71.222770690918
9000000.00032764,-70.9614562988281
9000000.00032765,-70.7078857421875
9000000.00032765,-70.469123840332
9000000.00032766,-70.2522354125977
9000000.00032766,-70.062141418457
9000000.00032767,-69.8763275146484
9000000.00032767,-69.688102722168
9000000.00032768,-69.4989624023438
9000000.00032768,-69.3103942871094
9000000.00032769,-69.1239013671875
9000000.00032769,-68.9409866333008
9000000.0003277,-68.7631301879883
9000000.0003277,-68.5918350219727
9000000.00032771,-68.428596496582
9000000.00032771,-68.2749176025391
9000000.00032772,-68.1322860717773
9000000.00032772,-68.0021896362305
9000000.00032773,-67.8861389160156
9000000.00032773,-67.7815322875977
9000000.00032774,-67.684944152832
9000000.00032774,-67.5966186523438
9000000.00032775,-67.5168228149414
9000000.00032775,-67.44580078125
9000000.00032776,-67.3838043212891
9000000.00032776,-67.3310928344727
9000000.00032777,-67.2879180908203
9000000.00032777,-67.254524230957
9000000.00032778,-67.2311782836914
9000000.00032778,-67.2181167602539
9000000.00032779,-67.2156143188477
9000000.00032779,-67.2238998413086
9000000.0003278,-67.240592956543
9000000.0003278,-67.2583770751953
9000000.00032781,-67.2790985107422
9000000.00032781,-67.3052978515625
9000000.00032782,-67.3395309448242
9000000.00032782,-67.3843460083008
9000000.00032783,-67.4422836303711
9000000.00032783,-67.5158996582031
9000000.00032784,-67.6077346801758
9000000.00032784,-67.7203369140625
9000000.00032785,-67.8562622070313
9000000.00032785,-68.0180511474609
9000000.00032786,-68.208251953125
9000000.00032786,-68.430534362793
9000000.00032787,-68.6991577148438
9000000.00032787,-69.0119934082031
9000000.00032788,-69.3616943359375
9000000.00032788,-69.7408981323242
9000000.00032789,-70.1422653198242
9000000.00032789,-70.5584182739258
9000000.0003279,-70.9820251464844
9000000.0003279,-71.4057159423828
9000000.00032791,-71.822135925293
9000000.00032791,-72.2239456176758
9000000.00032792,-72.6037673950195
9000000.00032792,-72.9542694091797
9000000.00032793,-73.2680816650391
9000000.00032793,-73.5659866333008
9000000.00032794,-73.870246887207
9000000.00032794,-74.1757125854492
9000000.00032795,-74.4772491455078
9000000.00032795,-74.7697219848633
9000000.00032796,-75.047981262207
9000000.00032796,-75.3069000244141
9000000.00032797,-75.5413284301758
9000000.00032797,-75.7461318969727
9000000.00032798,-75.9161758422852
9000000.00032798,-76.0463180541992
9000000.00032799,-76.1314163208008
9000000.00032799,-76.1663360595703
9000000.000328,-76.1467208862305
9000000.000328,-76.0746231079102
9000000.00032801,-75.9548873901367
9000000.00032801,-75.792350769043
9000000.00032802,-75.5918655395508
9000000.00032802,-75.3582611083984
9000000.00032803,-75.0963745117188
9000000.00032803,-74.8110504150391
9000000.00032804,-74.5071334838867
9000000.00032804,-74.189453125
9000000.00032805,-73.8628540039063
9000000.00032805,-73.5321807861328
9000000.00032806,-73.202262878418
9000000.00032806,-72.8753204345703
9000000.00032807,-72.5223159790039
9000000.00032807,-72.1384963989258
9000000.00032808,-71.7296905517578
9000000.00032808,-71.3017196655273
9000000.00032809,-70.8604202270508
9000000.00032809,-70.41162109375
9000000.0003281,-69.9611511230469
9000000.0003281,-69.5148315429688
9000000.00032811,-69.0784912109375
9000000.00032811,-68.6579666137695
9000000.00032812,-68.2590789794922
9000000.00032812,-67.8876647949219
9000000.00032813,-67.5495376586914
9000000.00032813,-67.2338333129883
9000000.00032814,-66.9266815185547
9000000.00032814,-66.6294326782227
9000000.00032815,-66.3434448242188
9000000.00032815,-66.0700836181641
9000000.00032816,-65.8106918334961
9000000.00032816,-65.5666275024414
9000000.00032817,-65.3392486572266
9000000.00032817,-65.1299057006836
9000000.00032818,-64.9399566650391
9000000.00032818,-64.7707595825195
9000000.00032819,-64.6236724853516
9000000.00032819,-64.5000381469727
9000000.0003282,-64.4007339477539
9000000.0003282,-64.3244400024414
9000000.00032821,-64.2701034545898
9000000.00032821,-64.2367553710938
9000000.00032822,-64.2233963012695
9000000.00032822,-64.2290725708008
9000000.00032823,-64.252799987793
9000000.00032823,-64.2935943603516
9000000.00032824,-64.3504943847656
9000000.00032824,-64.4225082397461
9000000.00032825,-64.5086669921875
9000000.00032825,-64.6079940795898
9000000.00032826,-64.7195129394531
9000000.00032826,-64.8431854248047
9000000.00032827,-64.9897842407227
9000000.00032827,-65.1603393554688
9000000.00032828,-65.3519287109375
9000000.00032828,-65.5616607666016
9000000.00032829,-65.7866134643555
9000000.00032829,-66.0238800048828
9000000.0003283,-66.2705612182617
9000000.0003283,-66.5237503051758
9000000.00032831,-66.7805328369141
9000000.00032831,-67.0380020141602
9000000.00032832,-67.2932510375977
9000000.00032832,-67.5433654785156
9000000.00032833,-67.7854537963867
9000000.00032833,-68.0302963256836
9000000.00032834,-68.2884216308594
9000000.00032834,-68.5565567016602
9000000.00032835,-68.8314208984375
9000000.00032835,-69.1097183227539
9000000.00032836,-69.3881683349609
9000000.00032836,-69.6634979248047
9000000.00032837,-69.9324111938477
9000000.00032837,-70.1916351318359
9000000.00032838,-70.437873840332
9000000.00032838,-70.6678619384766
9000000.00032839,-70.8782958984375
9000000.00032839,-71.0659027099609
9000000.0003284,-71.230354309082
9000000.0003284,-71.3796844482422
9000000.00032841,-71.5150604248047
9000000.00032841,-71.6369552612305
9000000.00032842,-71.7458572387695
9000000.00032842,-71.8422622680664
9000000.00032843,-71.9266357421875
9000000.00032843,-71.9994888305664
9000000.00032844,-72.0612869262695
9000000.00032844,-72.1125183105469
9000000.00032845,-72.153678894043
9000000.00032845,-72.1852416992188
9000000.00032846,-72.2077026367188
9000000.00032846,-72.2210693359375
9000000.00032847,-72.219970703125
9000000.00032847,-72.2038955688477
9000000.00032848,-72.1743011474609
9000000.00032848,-72.1326370239258
9000000.00032849,-72.0803527832031
9000000.00032849,-72.0189056396484
9000000.0003285,-71.9497528076172
9000000.0003285,-71.8743362426758
9000000.00032851,-71.7941207885742
9000000.00032851,-71.7105484008789
9000000.00032852,-71.6250839233398
9000000.00032852,-71.5391693115234
9000000.00032853,-71.4542617797852
9000000.00032853,-71.3652114868164
9000000.00032854,-71.2669219970703
9000000.00032854,-71.1609191894531
9000000.00032855,-71.0487213134766
9000000.00032855,-70.9318466186523
9000000.00032856,-70.8118209838867
9000000.00032856,-70.6901626586914
9000000.00032857,-70.5684051513672
9000000.00032857,-70.4480514526367
9000000.00032858,-70.3306350708008
9000000.00032858,-70.2176742553711
9000000.00032859,-70.1106872558594
9000000.00032859,-70.0112075805664
9000000.0003286,-69.9177627563477
9000000.0003286,-69.8221817016602
9000000.00032861,-69.725212097168
9000000.00032861,-69.6283493041992
9000000.00032862,-69.533088684082
9000000.00032862,-69.44091796875
9000000.00032863,-69.3533477783203
9000000.00032863,-69.2718734741211
9000000.00032864,-69.1979751586914
9000000.00032864,-69.1331558227539
9000000.00032865,-69.0789184570313
9000000.00032865,-69.036750793457
9000000.00032866,-69.0081558227539
9000000.00032866,-68.9947662353516
9000000.00032867,-68.9988403320313
9000000.00032867,-69.0190734863281
9000000.00032868,-69.0532913208008
9000000.00032868,-69.0993270874023
9000000.00032869,-69.1550140380859
9000000.00032869,-69.2181930541992
9000000.0003287,-69.2866897583008
9000000.0003287,-69.3583450317383
9000000.00032871,-69.4309921264648
9000000.00032871,-69.5024719238281
9000000.00032872,-69.5706100463867
9000000.00032872,-69.6332397460938
9000000.00032873,-69.6882095336914
9000000.00032873,-69.7440567016602
9000000.00032874,-69.8089828491211
9000000.00032874,-69.8802871704102
9000000.00032875,-69.9552841186523
9000000.00032875,-70.0312728881836
9000000.00032876,-70.1055450439453
9000000.00032876,-70.175407409668
9000000.00032877,-70.2381744384766
9000000.00032877,-70.2911376953125
9000000.00032878,-70.3315963745117
9000000.00032878,-70.3568649291992
9000000.00032879,-70.3642349243164
9000000.00032879,-70.3510131835938
9000000.0003288,-70.3161468505859
9000000.0003288,-70.2641067504883
9000000.00032881,-70.1964569091797
9000000.00032881,-70.1144256591797
9000000.00032882,-70.0192413330078
9000000.00032882,-69.9121246337891
9000000.00032883,-69.7943115234375
9000000.00032883,-69.6670303344727
9000000.00032884,-69.5315017700195
9000000.00032884,-69.3889617919922
9000000.00032885,-69.2406311035156
9000000.00032885,-69.0877380371094
9000000.00032886,-68.9315185546875
9000000.00032886,-68.7721176147461
9000000.00032887,-68.597412109375
9000000.00032887,-68.4061279296875
9000000.00032888,-68.2014236450195
9000000.00032888,-67.9864654541016
9000000.00032889,-67.7644119262695
9000000.00032889,-67.5384292602539
9000000.0003289,-67.3116760253906
9000000.0003289,-67.0873107910156
9000000.00032891,-66.8684997558594
9000000.00032891,-66.6584014892578
9000000.00032892,-66.4601745605469
9000000.00032892,-66.2769927978516
9000000.00032893,-66.1120071411133
9000000.00032893,-65.9565963745117
9000000.00032894,-65.8014144897461
9000000.00032894,-65.6485061645508
9000000.00032895,-65.4999389648438
9000000.00032895,-65.3577651977539
9000000.00032896,-65.2240371704102
9000000.00032896,-65.100830078125
9000000.00032897,-64.9901809692383
9000000.00032897,-64.894157409668
9000000.00032898,-64.8148193359375
9000000.00032898,-64.7542190551758
9000000.00032899,-64.7144165039063
9000000.00032899,-64.6974639892578
9000000.000329,-64.7034072875977
9000000.000329,-64.7266998291016
9000000.00032901,-64.7667617797852
9000000.00032901,-64.8234939575195
9000000.00032902,-64.8967590332031
9000000.00032902,-64.986457824707
9000000.00032903,-65.0924606323242
9000000.00032903,-65.2146682739258
9000000.00032904,-65.3529586791992
9000000.00032904,-65.507209777832
9000000.00032905,-65.6773147583008
9000000.00032905,-65.8631591796875
9000000.00032906,-66.0646209716797
9000000.00032906,-66.2830657958984
9000000.00032907,-66.5358505249023
9000000.00032907,-66.8233184814453
9000000.00032908,-67.1394348144531
9000000.00032908,-67.4781875610352
9000000.00032909,-67.8335418701172
9000000.00032909,-68.1994934082031
9000000.0003291,-68.5700073242188
9000000.0003291,-68.9390640258789
9000000.00032911,-69.3006439208984
9000000.00032911,-69.6487274169922
9000000.00032912,-69.9772872924805
9000000.00032912,-70.2803039550781
9000000.00032913,-70.5517578125
9000000.00032913,-70.8038330078125
9000000.00032914,-71.0514907836914
9000000.00032914,-71.2928771972656
9000000.00032915,-71.5261306762695
9000000.00032915,-71.749382019043
9000000.00032916,-71.9607772827148
9000000.00032916,-72.1584625244141
9000000.00032917,-72.3405609130859
9000000.00032917,-72.5052261352539
9000000.00032918,-72.6505966186523
9000000.00032918,-72.7748107910156
9000000.00032919,-72.8759994506836
9000000.00032919,-72.9523162841797
9000000.0003292,-73.0015106201172
9000000.0003292,-73.0225143432617
9000000.00032921,-73.0176010131836
9000000.00032921,-72.9892349243164
9000000.00032922,-72.9398574829102
9000000.00032922,-72.871940612793
9000000.00032923,-72.7879409790039
9000000.00032923,-72.690299987793
9000000.00032924,-72.5814895629883
9000000.00032924,-72.4639587402344
9000000.00032925,-72.3401641845703
9000000.00032925,-72.2125625610352
9000000.00032926,-72.083610534668
9000000.00032926,-71.9545288085938
9000000.00032927,-71.8116073608398
9000000.00032927,-71.6524505615234
9000000.00032928,-71.4796447753906
9000000.00032928,-71.2957992553711
9000000.00032929,-71.1034851074219
9000000.00032929,-70.9052963256836
9000000.0003293,-70.7038345336914
9000000.0003293,-70.5016937255859
9000000.00032931,-70.3014450073242
9000000.00032931,-70.1056976318359
9000000.00032932,-69.9170379638672
9000000.00032932,-69.7380599975586
9000000.00032933,-69.5713500976563
9000000.00032933,-69.4085388183594
9000000.00032934,-69.241081237793
9000000.00032934,-69.0712966918945
9000000.00032935,-68.9015045166016
9000000.00032935,-68.7340240478516
9000000.00032936,-68.571174621582
9000000.00032936,-68.415283203125
9000000.00032937,-68.2686614990234
9000000.00032937,-68.1336364746094
9000000.00032938,-68.0125350952148
9000000.00032938,-67.9076690673828
9000000.00032939,-67.8213577270508
9000000.00032939,-67.7559204101563
9000000.0003294,-67.7104263305664
9000000.0003294,-67.6759338378906
9000000.00032941,-67.6525650024414
9000000.00032941,-67.6412353515625
9000000.00032942,-67.6428527832031
9000000.00032942,-67.658332824707
9000000.00032943,-67.6885833740234
9000000.00032943,-67.7345199584961
9000000.00032944,-67.7970581054688
9000000.00032944,-67.8771057128906
9000000.00032945,-67.9755783081055
9000000.00032945,-68.093391418457
9000000.00032946,-68.2314453125
9000000.00032946,-68.3925857543945
9000000.00032947,-68.5997009277344
9000000.00032947,-68.8522796630859
9000000.00032948,-69.1413955688477
9000000.00032948,-69.458137512207
9000000.00032949,-69.7935791015625
9000000.00032949,-70.1388092041016
9000000.0003295,-70.4849090576172
9000000.0003295,-70.8229675292969
9000000.00032951,-71.1440582275391
9000000.00032951,-71.4392623901367
9000000.00032952,-71.6996765136719
9000000.00032952,-71.9163665771484
9000000.00032953,-72.0804214477539
9000000.00032953,-72.1996536254883
9000000.00032954,-72.2892761230469
9000000.00032954,-72.3515396118164
9000000.00032955,-72.3886566162109
9000000.00032955,-72.4028701782227
9000000.00032956,-72.3964004516602
9000000.00032956,-72.3714828491211
9000000.00032957,-72.3303451538086
9000000.00032957,-72.2752151489258
9000000.00032958,-72.2083206176758
9000000.00032958,-72.1318969726563
9000000.00032959,-72.0481719970703
9000000.00032959,-71.9593658447266
9000000.0003296,-71.8637237548828
9000000.0003296,-71.7502365112305
9000000.00032961,-71.6197280883789
9000000.00032961,-71.4739990234375
9000000.00032962,-71.3148574829102
9000000.00032962,-71.1441040039063
9000000.00032963,-70.9635543823242
9000000.00032963,-70.7750015258789
9000000.00032964,-70.5802612304688
9000000.00032964,-70.3811264038086
9000000.00032965,-70.1794204711914
9000000.00032965,-69.976936340332
9000000.00032966,-69.7754821777344
9000000.00032966,-69.5756912231445
9000000.00032967,-69.3644790649414
9000000.00032967,-69.1400527954102
9000000.00032968,-68.9053802490234
9000000.00032968,-68.6634140014648
9000000.00032969,-68.4171447753906
9000000.00032969,-68.1695175170898
9000000.0003297,-67.9235153198242
9000000.00032971,-67.6821060180664
9000000.00032971,-67.4482498168945
9000000.00032971,-67.2249221801758
9000000.00032972,-67.0150909423828
9000000.00032972,-66.8217163085938
9000000.00032973,-66.6477737426758
9000000.00032973,-66.4864273071289
9000000.00032974,-66.3297576904297
9000000.00032974,-66.179069519043
9000000.00032975,-66.0356903076172
9000000.00032975,-65.9009323120117
9000000.00032976,-65.7761077880859
9000000.00032976,-65.6625366210938
9000000.00032977,-65.5615463256836
9000000.00032977,-65.4744415283203
9000000.00032978,-65.4025421142578
9000000.00032978,-65.3471603393555
9000000.00032979,-65.3096313476563
9000000.00032979,-65.2912521362305
9000000.0003298,-65.2931442260742
9000000.0003298,-65.3147506713867
9000000.00032981,-65.3548431396484
9000000.00032981,-65.4121856689453
9000000.00032982,-65.4855499267578
9000000.00032982,-65.5736999511719
9000000.00032983,-65.675407409668
9000000.00032983,-65.7894287109375
9000000.00032984,-65.9145431518555
9000000.00032984,-66.0495147705078
9000000.00032985,-66.193115234375
9000000.00032985,-66.3441009521484
9000000.00032986,-66.5012435913086
9000000.00032986,-66.6642227172852
9000000.00032987,-66.8432235717773
9000000.00032987,-67.0394821166992
9000000.00032988,-67.2505416870117
9000000.00032988,-67.4739303588867
9000000.00032989,-67.7071685791016
9000000.00032989,-67.9477996826172
9000000.0003299,-68.1933441162109
9000000.0003299,-68.4413452148438
9000000.00032991,-68.6893157958984
9000000.00032991,-68.9348068237305
9000000.00032992,-69.1753234863281
9000000.00032992,-69.4084243774414
9000000.00032993,-69.6316146850586
9000000.00032993,-69.8595504760742
9000000.00032994,-70.1048736572266
9000000.00032994,-70.3621292114258
9000000.00032995,-70.6258697509766
9000000.00032995,-70.8906326293945
9000000.00032996,-71.1509857177734
9000000.00032996,-71.4014511108398
9000000.00032997,-71.6365966796875
9000000.00032997,-71.8509674072266
9000000.00032998,-72.0390930175781
9000000.00032998,-72.1955413818359
9000000.00032999,-72.3148498535156
9000000.00032999,-72.3915710449219
9000000.00033,-72.4229507446289
9000000.00033,-72.4163284301758
9000000.00033001,-72.375358581543
9000000.00033001,-72.3031768798828
9000000.00033002,-72.2029266357422
9000000.00033002,-72.0777435302734
9000000.00033003,-71.9307708740234
9000000.00033003,-71.7651519775391
9000000.00033004,-71.5840301513672
9000000.00033004,-71.3905334472656
9000000.00033005,-71.1878128051758
9000000.00033005,-70.97900390625
9000000.00033006,-70.7672424316406
9000000.00033006,-70.5536956787109
9000000.00033007,-70.316276550293
9000000.00033007,-70.0518493652344
9000000.00033008,-69.7653427124023
9000000.00033008,-69.4616928100586
9000000.00033009,-69.1458282470703
9000000.00033009,-68.8226699829102
9000000.0003301,-68.4971542358398
9000000.0003301,-68.1742095947266
9000000.00033011,-67.858757019043
9000000.00033011,-67.5557327270508
9000000.00033012,-67.2700653076172
9000000.00033012,-67.0066833496094
9000000.00033013,-66.7705078125
9000000.00033013,-66.552131652832
9000000.00033014,-66.3396682739258
9000000.00033014,-66.1343841552734
9000000.00033015,-65.9375228881836
9000000.00033015,-65.7503433227539
9000000.00033016,-65.5740966796875
9000000.00033016,-65.410026550293
9000000.00033017,-65.2593994140625
9000000.00033017,-65.1234664916992
9000000.00033018,-65.0034713745117
9000000.00033018,-64.9006805419922
9000000.00033019,-64.8163299560547
9000000.00033019,-64.7516860961914
9000000.0003302,-64.7080307006836
9000000.0003302,-64.6855010986328
9000000.00033021,-64.682731628418
9000000.00033021,-64.6982879638672
9000000.00033022,-64.7307662963867
9000000.00033022,-64.7787246704102
9000000.00033023,-64.8407516479492
9000000.00033023,-64.915412902832
9000000.00033024,-65.0013046264648
9000000.00033024,-65.0969848632813
9000000.00033025,-65.2010345458984
9000000.00033025,-65.3120422363281
9000000.00033026,-65.4285659790039
9000000.00033026,-65.5502700805664
9000000.00033027,-65.6891937255859
9000000.00033027,-65.8467788696289
9000000.00033028,-66.0200805664063
9000000.00033028,-66.2061386108398
9000000.00033029,-66.4020080566406
9000000.00033029,-66.6047286987305
9000000.0003303,-66.8113479614258
9000000.0003303,-67.0189208984375
9000000.00033031,-67.224494934082
9000000.00033031,-67.4251174926758
9000000.00033032,-67.6178283691406
9000000.00033032,-67.799674987793
9000000.00033033,-67.9677200317383
9000000.00033033,-68.1312408447266
9000000.00033034,-68.2998275756836
9000000.00033034,-68.470947265625
9000000.00033035,-68.6420669555664
9000000.00033035,-68.8106689453125
9000000.00033036,-68.9742279052734
9000000.00033036,-69.1302185058594
9000000.00033037,-69.2761077880859
9000000.00033037,-69.4093704223633
9000000.00033038,-69.5274810791016
9000000.00033038,-69.6279220581055
9000000.00033039,-69.7081527709961
9000000.00033039,-69.7656555175781
9000000.0003304,-69.8006439208984
9000000.0003304,-69.8206100463867
9000000.00033041,-69.826057434082
9000000.00033041,-69.8168640136719
9000000.00033042,-69.7929000854492
9000000.00033042,-69.754035949707
9000000.00033043,-69.7001495361328
9000000.00033043,-69.631103515625
9000000.00033044,-69.5467758178711
9000000.00033044,-69.4470367431641
9000000.00033045,-69.3317565917969
9000000.00033045,-69.2008056640625
9000000.00033046,-69.0540618896484
9000000.00033046,-68.8900985717773
9000000.00033047,-68.693717956543
9000000.00033047,-68.4648361206055
9000000.00033048,-68.2089385986328
9000000.00033048,-67.9315032958984
9000000.00033049,-67.6380233764648
9000000.00033049,-67.3339691162109
9000000.0003305,-67.0248413085938
9000000.0003305,-66.7161102294922
9000000.00033051,-66.4132690429688
9000000.00033051,-66.1217956542969
9000000.00033052,-65.8471832275391
9000000.00033052,-65.5949096679688
9000000.00033053,-65.3704528808594
9000000.00033053,-65.1617126464844
9000000.00033054,-64.9543685913086
9000000.00033054,-64.7506103515625
9000000.00033055,-64.552619934082
9000000.00033055,-64.3625946044922
9000000.00033056,-64.1827239990234
9000000.00033056,-64.0151824951172
9000000.00033057,-63.8621711730957
9000000.00033057,-63.7258682250977
9000000.00033058,-63.6084671020508
9000000.00033058,-63.5121536254883
9000000.00033059,-63.4391136169434
9000000.00033059,-63.3915367126465
9000000.0003306,-63.369457244873
9000000.0003306,-63.3669776916504
9000000.00033061,-63.3834838867188
9000000.00033061,-63.4188613891602
9000000.00033062,-63.4729881286621
9000000.00033062,-63.5457458496094
9000000.00033063,-63.6370162963867
9000000.00033063,-63.7466735839844
9000000.00033064,-63.8746070861816
9000000.00033064,-64.0206985473633
9000000.00033065,-64.1848220825195
9000000.00033065,-64.3668594360352
9000000.00033066,-64.5666961669922
9000000.00033066,-64.7858047485352
9000000.00033067,-65.0429153442383
9000000.00033067,-65.33837890625
9000000.00033068,-65.6657028198242
9000000.00033068,-66.0183792114258
9000000.00033069,-66.3899002075195
9000000.00033069,-66.7737731933594
9000000.0003307,-67.1634902954102
9000000.0003307,-67.5525512695313
9000000.00033071,-67.934455871582
9000000.00033071,-68.3027038574219
9000000.00033072,-68.6507873535156
9000000.00033072,-68.9722137451172
9000000.00033073,-69.2604751586914
9000000.00033073,-69.5342330932617
9000000.00033074,-69.8133697509766
9000000.00033074,-70.0931930541992
9000000.00033075,-70.3690185546875
9000000.00033075,-70.6361541748047
9000000.00033076,-70.8899230957031
9000000.00033076,-71.1256256103516
9000000.00033077,-71.3385848999023
9000000.00033077,-71.5241088867188
9000000.00033078,-71.6775131225586
9000000.00033078,-71.7941055297852
9000000.00033079,-71.8692092895508
9000000.00033079,-71.8981246948242
9000000.0003308,-71.8751449584961
9000000.0003308,-71.7973251342773
9000000.00033081,-71.6704788208008
9000000.00033081,-71.5008773803711
9000000.00033082,-71.294792175293
9000000.00033082,-71.0585021972656
9000000.00033083,-70.7982788085938
9000000.00033083,-70.5204010009766
9000000.00033084,-70.2311401367188
9000000.00033084,-69.9367599487305
9000000.00033085,-69.6435546875
9000000.00033085,-69.357780456543
9000000.00033086,-69.0857162475586
9000000.00033086,-68.8311767578125
9000000.00033087,-68.5676879882813
9000000.00033087,-68.2892303466797
9000000.00033088,-67.9994201660156
9000000.00033088,-67.7018737792969
9000000.00033089,-67.4002075195313
9000000.00033089,-67.0980377197266
9000000.0003309,-66.7989883422852
9000000.0003309,-66.5066757202148
9000000.00033091,-66.2247085571289
9000000.00033091,-65.9567108154297
9000000.00033092,-65.706298828125
9000000.00033092,-65.4770965576172
9000000.00033093,-65.272705078125
9000000.00033093,-65.0870666503906
9000000.00033094,-64.9120178222656
9000000.00033094,-64.7480850219727
9000000.00033095,-64.5957794189453
9000000.00033095,-64.4555969238281
9000000.00033096,-64.3280639648438
9000000.00033096,-64.2136840820313
9000000.00033097,-64.1129760742188
9000000.00033097,-64.0264511108398
9000000.00033098,-63.9546089172363
9000000.00033098,-63.8979759216309
9000000.00033099,-63.8570556640625
9000000.00033099,-63.8323593139648
9000000.000331,-63.8244094848633
9000000.000331,-63.8332405090332
9000000.00033101,-63.8583030700684
9000000.00033101,-63.8990173339844
9000000.00033102,-63.9548110961914
9000000.00033102,-64.0251159667969
9000000.00033103,-64.1093521118164
9000000.00033103,-64.2069396972656
9000000.00033104,-64.3173217773438
9000000.00033104,-64.4399108886719
9000000.00033105,-64.5741424560547
9000000.00033105,-64.7194366455078
9000000.00033106,-64.8752136230469
9000000.00033106,-65.0405654907227
9000000.00033107,-65.2112045288086
9000000.00033107,-65.3876037597656
9000000.00033108,-65.57177734375
9000000.00033108,-65.7657852172852
9000000.00033109,-65.9716415405273
9000000.00033109,-66.1913986206055
9000000.0003311,-66.4270782470703
9000000.0003311,-66.6807250976563
9000000.00033111,-66.9543685913086
9000000.00033111,-67.2500381469727
9000000.00033112,-67.5697860717773
9000000.00033112,-67.9156341552734
9000000.00033113,-68.2896194458008
9000000.00033113,-68.7249755859375
9000000.00033114,-69.2418746948242
9000000.00033114,-69.8227767944336
9000000.00033115,-70.4501419067383
9000000.00033115,-71.1064376831055
9000000.00033116,-71.7741088867188
9000000.00033116,-72.4356307983398
9000000.00033117,-73.0734558105469
9000000.00033117,-73.670051574707
9000000.00033118,-74.2078628540039
9000000.00033118,-74.6693649291992
9000000.00033119,-75.0370101928711
9000000.00033119,-75.2932586669922
9000000.0003312,-75.4292221069336
9000000.0003312,-75.4682922363281
9000000.00033121,-75.4222946166992
9000000.00033121,-75.301383972168
9000000.00033122,-75.1157379150391
9000000.00033122,-74.8755264282227
9000000.00033123,-74.5909194946289
9000000.00033123,-74.272087097168
9000000.00033124,-73.9291915893555
9000000.00033124,-73.5724105834961
9000000.00033125,-73.2119064331055
9000000.00033125,-72.8578567504883
9000000.00033126,-72.5204238891602
9000000.00033126,-72.2056732177734
9000000.00033127,-71.869270324707
9000000.00033127,-71.5014343261719
9000000.00033128,-71.1085357666016
9000000.00033128,-70.6969299316406
9000000.00033129,-70.2729949951172
9000000.00033129,-69.8430786132813
9000000.0003313,-69.4135665893555
9000000.00033131,-68.9908065795898
9000000.00033131,-68.5811767578125
9000000.00033131,-68.191032409668
9000000.00033132,-67.8267364501953
9000000.00033132,-67.4946670532227
9000000.00033133,-67.2011795043945
9000000.00033133,-66.9350891113281
9000000.00033134,-66.6817092895508
9000000.00033134,-66.4421997070313
9000000.00033135,-66.2176895141602
9000000.00033135,-66.0093383789063
9000000.00033136,-65.8182830810547
9000000.00033136,-65.6456604003906
9000000.00033137,-65.4926300048828
9000000.00033137,-65.3603210449219
9000000.00033138,-65.2498931884766
9000000.00033138,-65.1624755859375
9000000.00033139,-65.0992126464844
9000000.00033139,-65.0612640380859
9000000.0003314,-65.0496215820313
9000000.0003314,-65.0639572143555
9000000.00033141,-65.103157043457
9000000.00033141,-65.1660919189453
9000000.00033142,-65.2516403198242
9000000.00033142,-65.3586959838867
9000000.00033143,-65.4861145019531
9000000.00033143,-65.6327896118164
9000000.00033144,-65.7975921630859
9000000.00033144,-65.9794082641602
9000000.00033145,-66.1771087646484
9000000.00033145,-66.3895721435547
9000000.00033146,-66.6156845092773
9000000.00033146,-66.8564147949219
9000000.00033147,-67.1360168457031
9000000.00033147,-67.4558258056641
9000000.00033148,-67.8083114624023
9000000.00033148,-68.1859283447266
9000000.00033149,-68.5811462402344
9000000.0003315,-68.9864196777344
9000000.0003315,-69.3942184448242
9000000.0003315,-69.7969970703125
9000000.00033151,-70.1872253417969
9000000.00033151,-70.557373046875
9000000.00033152,-70.8998870849609
9000000.00033152,-71.2072448730469
9000000.00033153,-71.4718933105469
9000000.00033153,-71.7040405273438
9000000.00033154,-71.9189834594727
9000000.00033154,-72.1168594360352
9000000.00033155,-72.2978057861328
9000000.00033155,-72.4619445800781
9000000.00033156,-72.6094207763672
9000000.00033156,-72.7403717041016
9000000.00033157,-72.8549270629883
9000000.00033157,-72.9532241821289
9000000.00033158,-73.035400390625
9000000.00033158,-73.1015853881836
9000000.00033159,-73.1519088745117
9000000.00033159,-73.1865234375
9000000.0003316,-73.2037048339844
9000000.0003316,-73.1984100341797
9000000.00033161,-73.1719436645508
9000000.00033161,-73.1261138916016
9000000.00033162,-73.062744140625
9000000.00033162,-72.9836349487305
9000000.00033163,-72.8906021118164
9000000.00033163,-72.7854461669922
9000000.00033164,-72.6699905395508
9000000.00033164,-72.5460357666016
9000000.00033165,-72.4153900146484
9000000.00033165,-72.2798690795898
9000000.00033166,-72.1412887573242
9000000.00033166,-72.0003433227539
9000000.00033167,-71.8448181152344
9000000.00033167,-71.6729049682617
9000000.00033168,-71.4872665405273
9000000.00033168,-71.2905807495117
9000000.00033169,-71.0854949951172
9000000.00033169,-70.8746871948242
9000000.0003317,-70.6608200073242
9000000.0003317,-70.4465637207031
9000000.00033171,-70.2345657348633
9000000.00033171,-70.0275039672852
9000000.00033172,-69.8280487060547
9000000.00033172,-69.6388473510742
9000000.00033173,-69.4625778198242
9000000.00033173,-69.2929153442383
9000000.00033174,-69.1226043701172
9000000.00033174,-68.9529266357422
9000000.00033175,-68.7851486206055
9000000.00033175,-68.6205596923828
9000000.00033176,-68.4604263305664
9000000.00033176,-68.3060302734375
9000000.00033177,-68.1586380004883
9000000.00033177,-68.0195388793945
9000000.00033178,-67.8899993896484
9000000.00033178,-67.7713012695313
9000000.00033179,-67.6647186279297
9000000.00033179,-67.5715255737305
9000000.0003318,-67.4898910522461
9000000.0003318,-67.4112777709961
9000000.00033181,-67.336784362793
9000000.00033181,-67.2683334350586
9000000.00033182,-67.2078170776367
9000000.00033182,-67.1571426391602
9000000.00033183,-67.1182250976563
9000000.00033183,-67.0929565429688
9000000.00033184,-67.083251953125
9000000.00033184,-67.0910110473633
9000000.00033185,-67.1181411743164
9000000.00033185,-67.1665420532227
9000000.00033186,-67.2381210327148
9000000.00033186,-67.3347854614258
9000000.00033187,-67.4572601318359
9000000.00033187,-67.6038208007813
9000000.00033188,-67.7724761962891
9000000.00033188,-67.9612426757813
9000000.00033189,-68.1681137084961
9000000.00033189,-68.3911056518555
9000000.0003319,-68.6282119750977
9000000.0003319,-68.8774490356445
9000000.00033191,-69.1368179321289
9000000.00033191,-69.4043273925781
9000000.00033192,-69.677978515625
9000000.00033192,-69.9557800292969
9000000.00033193,-70.2357330322266
9000000.00033193,-70.544303894043
9000000.00033194,-70.9016036987305
9000000.00033194,-71.2960968017578
9000000.00033195,-71.7162628173828
9000000.00033195,-72.1505813598633
9000000.00033196,-72.587516784668
9000000.00033196,-73.0155487060547
9000000.00033197,-73.4231491088867
9000000.00033197,-73.7987976074219
9000000.00033198,-74.1309585571289
9000000.00033198,-74.4081192016602
9000000.00033199,-74.6187515258789
9000000.00033199,-74.7513198852539
9000000.000332,-74.7993316650391
9000000.000332,-74.7763366699219
9000000.00033201,-74.6906356811523
9000000.00033201,-74.5496063232422
9000000.00033202,-74.3606338500977
9000000.00033202,-74.1310958862305
9000000.00033203,-73.8683853149414
9000000.00033203,-73.5798873901367
9000000.00033204,-73.2729873657227
9000000.00033204,-72.9550552368164
9000000.00033205,-72.6334991455078
9000000.00033205,-72.3156814575195
9000000.00033206,-72.0090026855469
9000000.00033206,-71.7176971435547
9000000.00033207,-71.4076995849609
9000000.00033207,-71.0718841552734
9000000.00033208,-70.7155303955078
9000000.00033208,-70.3439331054688
9000000.00033209,-69.9623641967773
9000000.00033209,-69.5761184692383
9000000.0003321,-69.1904678344727
9000000.0003321,-68.8106994628906
9000000.00033211,-68.4420928955078
9000000.00033211,-68.0899429321289
9000000.00033212,-67.759521484375
9000000.00033212,-67.4561157226563
9000000.00033213,-67.1850128173828
9000000.00033213,-66.9355697631836
9000000.00033214,-66.6946868896484
9000000.00033214,-66.463981628418
9000000.00033215,-66.2450637817383
9000000.00033215,-66.0395278930664
9000000.00033216,-65.8489837646484
9000000.00033216,-65.6750411987305
9000000.00033217,-65.5193023681641
9000000.00033217,-65.3833847045898
9000000.00033218,-65.2688751220703
9000000.00033218,-65.1773986816406
9000000.00033219,-65.1105499267578
9000000.00033219,-65.0699462890625
9000000.0003322,-65.0569152832031
9000000.0003322,-65.0707778930664
9000000.00033221,-65.1100311279297
9000000.00033221,-65.1731872558594
9000000.00033222,-65.2587356567383
9000000.00033222,-65.3651962280273
9000000.00033223,-65.4910736083984
9000000.00033223,-65.6348724365234
9000000.00033224,-65.7950973510742
9000000.00033224,-65.9702529907227
9000000.00033225,-66.1588516235352
9000000.00033225,-66.3593978881836
9000000.00033226,-66.5703887939453
9000000.00033226,-66.7924194335938
9000000.00033227,-67.0492782592773
9000000.00033227,-67.3426361083984
9000000.00033228,-67.6654586791992
9000000.00033228,-68.0107040405273
9000000.00033229,-68.3713302612305
9000000.00033229,-68.7403030395508
9000000.0003323,-69.1105804443359
9000000.0003323,-69.4751205444336
9000000.00033231,-69.8268966674805
9000000.00033231,-70.1588668823242
9000000.00033232,-70.463981628418
9000000.00033232,-70.7352142333984
9000000.00033233,-70.9655227661133
9000000.00033233,-71.1609649658203
9000000.00033234,-71.33349609375
9000000.00033234,-71.4849243164063
9000000.00033235,-71.6170501708984
9000000.00033235,-71.7316970825195
9000000.00033236,-71.8306732177734
9000000.00033236,-71.915771484375
9000000.00033237,-71.9888229370117
9000000.00033237,-72.0516204833984
9000000.00033238,-72.1059799194336
9000000.00033238,-72.1537094116211
9000000.00033239,-72.1966171264648
9000000.00033239,-72.2365188598633
9000000.0003324,-72.2731323242188
9000000.0003324,-72.30078125
9000000.00033241,-72.3191833496094
9000000.00033241,-72.3285675048828
9000000.00033242,-72.3291320800781
9000000.00033242,-72.3211135864258
9000000.00033243,-72.3047180175781
9000000.00033243,-72.2801666259766
9000000.00033244,-72.2476654052734
9000000.00033244,-72.2074432373047
9000000.00033245,-72.1597137451172
9000000.00033245,-72.1046905517578
9000000.00033246,-72.042594909668
9000000.00033246,-71.9736404418945
9000000.00033247,-71.8979263305664
9000000.00033247,-71.8152465820313
9000000.00033248,-71.7253799438477
9000000.00033248,-71.6280899047852
9000000.00033249,-71.5231552124023
9000000.00033249,-71.4103317260742
9000000.0003325,-71.2893981933594
9000000.0003325,-71.1601257324219
9000000.00033251,-71.0222702026367
9000000.00033251,-70.875617980957
9000000.00033252,-70.7199249267578
9000000.00033252,-70.5549697875977
9000000.00033253,-70.3805160522461
9000000.00033253,-70.1897354125977
9000000.00033254,-69.9782791137695
9000000.00033254,-69.7496109008789
9000000.00033255,-69.5072250366211
9000000.00033255,-69.2545852661133
9000000.00033256,-68.9951782226563
9000000.00033256,-68.7324829101563
9000000.00033257,-68.469970703125
9000000.00033257,-68.2111206054688
9000000.00033258,-67.9594116210938
9000000.00033258,-67.7183227539063
9000000.00033259,-67.4913330078125
9000000.00033259,-67.2819137573242
9000000.0003326,-67.087272644043
9000000.0003326,-66.8902053833008
9000000.00033261,-66.6919937133789
9000000.00033261,-66.4954833984375
9000000.00033262,-66.3035125732422
9000000.00033262,-66.1189270019531
9000000.00033263,-65.944580078125
9000000.00033263,-65.7833023071289
9000000.00033264,-65.637939453125
9000000.00033264,-65.5113372802734
9000000.00033265,-65.4063415527344
9000000.00033265,-65.325798034668
9000000.00033266,-65.2725372314453
9000000.00033266,-65.2493286132813
9000000.00033267,-65.2562561035156
9000000.00033267,-65.2907562255859
9000000.00033268,-65.3501892089844
9000000.00033268,-65.4319381713867
9000000.00033269,-65.5333786010742
9000000.00033269,-65.6518630981445
9000000.0003327,-65.784782409668
9000000.0003327,-65.9295043945313
9000000.00033271,-66.0834045410156
9000000.00033272,-66.2438430786133
9000000.00033272,-66.408203125
9000000.00033272,-66.573860168457
9000000.00033273,-66.7381744384766
9000000.00033273,-66.9190216064453
9000000.00033274,-67.1314163208008
9000000.00033274,-67.3684463500977
9000000.00033275,-67.6231842041016
9000000.00033275,-67.8887023925781
9000000.00033276,-68.1580963134766
9000000.00033276,-68.424446105957
9000000.00033277,-68.6808166503906
9000000.00033277,-68.9203109741211
9000000.00033278,-69.135986328125
9000000.00033278,-69.3209381103516
9000000.00033279,-69.4682464599609
9000000.00033279,-69.5709838867188
9000000.0003328,-69.6268692016602
9000000.0003328,-69.6484680175781
9000000.00033281,-69.6394805908203
9000000.00033281,-69.6026306152344
9000000.00033282,-69.5406188964844
9000000.00033282,-69.4561767578125
9000000.00033283,-69.3520202636719
9000000.00033283,-69.2308578491211
9000000.00033284,-69.0954132080078
9000000.00033284,-68.9484024047852
9000000.00033285,-68.7925338745117
9000000.00033285,-68.6305389404297
9000000.00033286,-68.4651260375977
9000000.00033286,-68.2973175048828
9000000.00033287,-68.1081466674805
9000000.00033287,-67.8949203491211
9000000.00033288,-67.6618347167969
9000000.00033288,-67.4131164550781
9000000.00033289,-67.152961730957
9000000.00033289,-66.8855895996094
9000000.0003329,-66.6152038574219
9000000.00033291,-66.3460159301758
9000000.00033291,-66.0822372436523
9000000.00033291,-65.8280792236328
9000000.00033292,-65.5877456665039
9000000.00033292,-65.3654556274414
9000000.00033293,-65.1654052734375
9000000.00033293,-64.9775772094727
9000000.00033294,-64.7904815673828
9000000.00033294,-64.6061553955078
9000000.00033295,-64.426628112793
9000000.00033295,-64.2539520263672
9000000.00033296,-64.0901489257813
9000000.00033296,-63.9372673034668
9000000.00033297,-63.7973327636719
9000000.00033297,-63.6723823547363
9000000.00033298,-63.5644569396973
9000000.00033298,-63.4755897521973
9000000.00033299,-63.4078178405762
9000000.00033299,-63.3631782531738
9000000.000333,-63.3404312133789
9000000.000333,-63.3306159973145
9000000.00033301,-63.3341636657715
9000000.00033301,-63.3523101806641
9000000.00033302,-63.386287689209
9000000.00033302,-63.4373397827148
9000000.00033303,-63.5067024230957
9000000.00033303,-63.5956039428711
9000000.00033304,-63.7052879333496
9000000.00033304,-63.836986541748
9000000.00033305,-63.9919357299805
9000000.00033305,-64.1713790893555
9000000.00033306,-64.3765411376953
9000000.00033306,-64.608642578125
9000000.00033307,-64.8678894042969
9000000.00033307,-65.1531677246094
9000000.00033308,-65.4632797241211
9000000.00033308,-65.7970199584961
9000000.00033309,-66.1531829833984
9000000.0003331,-66.5305633544922
9000000.0003331,-66.9279632568359
9000000.0003331,-67.3441848754883
9000000.00033311,-67.7780151367188
9000000.00033311,-68.2282562255859
9000000.00033312,-68.6937103271484
9000000.00033312,-69.1731643676758
9000000.00033313,-69.6654205322266
9000000.00033313,-70.2164154052734
9000000.00033314,-70.8585052490234
9000000.00033314,-71.5701751708984
9000000.00033315,-72.3298873901367
9000000.00033315,-73.1161193847656
9000000.00033316,-73.9073257446289
9000000.00033316,-74.6819915771484
9000000.00033317,-75.4185791015625
9000000.00033317,-76.0955657958984
9000000.00033318,-76.6914138793945
9000000.00033318,-77.1845855712891
9000000.00033319,-77.5535659790039
9000000.00033319,-77.7768249511719
9000000.0003332,-77.8378448486328
9000000.0003332,-77.7499313354492
9000000.00033321,-77.5320510864258
9000000.00033321,-77.2026443481445
9000000.00033322,-76.7801513671875
9000000.00033322,-76.2830047607422
9000000.00033323,-75.7296600341797
9000000.00033323,-75.1385498046875
9000000.00033324,-74.5281143188477
9000000.00033324,-73.9167938232422
9000000.00033325,-73.3230361938477
9000000.00033325,-72.7652816772461
9000000.00033326,-72.261962890625
9000000.00033326,-71.8261947631836
9000000.00033327,-71.40234375
9000000.00033327,-70.9730072021484
9000000.00033328,-70.5409774780273
9000000.00033329,-70.1090621948242
9000000.00033329,-69.6800537109375
9000000.00033329,-69.2567443847656
9000000.0003333,-68.8419342041016
9000000.0003333,-68.4384231567383
9000000.00033331,-68.0490036010742
9000000.00033331,-67.6764678955078
9000000.00033332,-67.3236312866211
9000000.00033332,-66.9932708740234
9000000.00033333,-66.6881942749023
9000000.00033333,-66.4028244018555
9000000.00033334,-66.130256652832
9000000.00033334,-65.8713226318359
9000000.00033335,-65.6268463134766
9000000.00033335,-65.3976516723633
9000000.00033336,-65.1845626831055
9000000.00033336,-64.9884033203125
9000000.00033337,-64.8099975585938
9000000.00033337,-64.6501693725586
9000000.00033338,-64.5097427368164
9000000.00033338,-64.3895416259766
9000000.00033339,-64.2903823852539
9000000.00033339,-64.2131042480469
9000000.0003334,-64.1572189331055
9000000.0003334,-64.1191329956055
9000000.00033341,-64.0990142822266
9000000.00033341,-64.0973434448242
9000000.00033342,-64.1146087646484
9000000.00033342,-64.1512908935547
9000000.00033343,-64.207878112793
9000000.00033343,-64.2848434448242
9000000.00033344,-64.382682800293
9000000.00033344,-64.5018692016602
9000000.00033345,-64.6428985595703
9000000.00033345,-64.8062438964844
9000000.00033346,-64.9923858642578
9000000.00033346,-65.2027587890625
9000000.00033347,-65.4484939575195
9000000.00033347,-65.7293167114258
9000000.00033348,-66.0408401489258
9000000.00033348,-66.3786849975586
9000000.00033349,-66.7384796142578
9000000.00033349,-67.115837097168
9000000.0003335,-67.5063858032227
9000000.0003335,-67.9057540893555
9000000.00033351,-68.3095474243164
9000000.00033351,-68.7133941650391
9000000.00033352,-69.112922668457
9000000.00033352,-69.5037460327148
9000000.00033353,-69.8814926147461
9000000.00033353,-70.2649536132813
9000000.00033354,-70.6717224121094
9000000.00033354,-71.0956115722656
9000000.00033355,-71.5304412841797
9000000.00033355,-71.9700164794922
9000000.00033356,-72.4081497192383
9000000.00033356,-72.8386688232422
9000000.00033357,-73.2553787231445
9000000.00033357,-73.652099609375
9000000.00033358,-74.0226440429688
9000000.00033358,-74.3608245849609
9000000.00033359,-74.6604537963867
9000000.00033359,-74.9153442382813
9000000.0003336,-75.1262283325195
9000000.0003336,-75.3119506835938
9000000.00033361,-75.4736328125
9000000.00033361,-75.6107406616211
9000000.00033362,-75.722770690918
9000000.00033362,-75.8091888427734
9000000.00033363,-75.8694839477539
9000000.00033363,-75.9031295776367
9000000.00033364,-75.9096221923828
9000000.00033364,-75.888427734375
9000000.00033365,-75.8390274047852
9000000.00033365,-75.7609176635742
9000000.00033366,-75.653564453125
9000000.00033366,-75.5147171020508
9000000.00033367,-75.3237228393555
9000000.00033367,-75.0807952880859
9000000.00033368,-74.7936859130859
9000000.00033368,-74.4701614379883
9000000.00033369,-74.1179733276367
9000000.00033369,-73.7448883056641
9000000.0003337,-73.3586654663086
9000000.0003337,-72.9670562744141
9000000.00033371,-72.5778350830078
9000000.00033371,-72.1987533569336
9000000.00033372,-71.8375778198242
9000000.00033372,-71.5020599365234
9000000.00033373,-71.1999740600586
9000000.00033373,-70.9163055419922
9000000.00033374,-70.6322708129883
9000000.00033374,-70.3499145507813
9000000.00033375,-70.0712890625
9000000.00033375,-69.7984466552734
9000000.00033376,-69.5334320068359
9000000.00033376,-69.2783050537109
9000000.00033377,-69.0351104736328
9000000.00033377,-68.8059005737305
9000000.00033378,-68.5927352905273
9000000.00033378,-68.3976440429688
9000000.00033379,-68.2227020263672
9000000.00033379,-68.0699462890625
9000000.0003338,-67.9405746459961
9000000.0003338,-67.8322906494141
9000000.00033381,-67.7435913085938
9000000.00033381,-67.6731185913086
9000000.00033382,-67.6195068359375
9000000.00033382,-67.5813980102539
9000000.00033383,-67.5574417114258
9000000.00033383,-67.546272277832
9000000.00033384,-67.5465393066406
9000000.00033384,-67.556884765625
9000000.00033385,-67.5759429931641
9000000.00033385,-67.6023559570313
9000000.00033386,-67.6347732543945
9000000.00033386,-67.6724090576172
9000000.00033387,-67.7215423583984
9000000.00033387,-67.7834701538086
9000000.00033388,-67.8572311401367
9000000.00033388,-67.9418487548828
9000000.00033389,-68.0363464355469
9000000.00033389,-68.1397476196289
9000000.0003339,-68.2510833740234
9000000.0003339,-68.369384765625
9000000.00033391,-68.4936676025391
9000000.00033391,-68.6229629516602
9000000.00033392,-68.7562942504883
9000000.00033392,-68.8926849365234
9000000.00033393,-69.0311737060547
9000000.00033393,-69.1780700683594
9000000.00033394,-69.338737487793
9000000.00033394,-69.5107650756836
9000000.00033395,-69.6917190551758
9000000.00033395,-69.8791961669922
9000000.00033396,-70.0707778930664
9000000.00033396,-70.264045715332
9000000.00033397,-70.4565734863281
9000000.00033397,-70.6459503173828
9000000.00033398,-70.8297653198242
9000000.00033398,-71.0055847167969
9000000.00033399,-71.171012878418
9000000.00033399,-71.3236083984375
9000000.000334,-71.4641799926758
9000000.000334,-71.6014938354492
9000000.00033401,-71.7355728149414
9000000.00033401,-71.8656845092773
9000000.00033402,-71.9910659790039
9000000.00033402,-72.1109924316406
9000000.00033403,-72.2247009277344
9000000.00033403,-72.3314590454102
9000000.00033404,-72.4305114746094
9000000.00033404,-72.521125793457
9000000.00033405,-72.6025390625
9000000.00033405,-72.6740264892578
9000000.00033406,-72.7348251342773
9000000.00033406,-72.7846450805664
9000000.00033407,-72.8284149169922
9000000.00033407,-72.8668670654297
9000000.00033408,-72.8989410400391
9000000.00033408,-72.923583984375
9000000.00033409,-72.9397354125977
9000000.00033409,-72.9463348388672
9000000.0003341,-72.9423141479492
9000000.0003341,-72.926628112793
9000000.00033411,-72.8982086181641
9000000.00033411,-72.8560028076172
9000000.00033412,-72.798942565918
9000000.00033412,-72.7259750366211
9000000.00033413,-72.6360397338867
9000000.00033413,-72.5234451293945
9000000.00033414,-72.3855514526367
9000000.00033414,-72.2258224487305
9000000.00033415,-72.0477447509766
9000000.00033415,-71.8548049926758
9000000.00033416,-71.6504821777344
9000000.00033416,-71.4382476806641
9000000.00033417,-71.2215881347656
9000000.00033417,-71.0039901733398
9000000.00033418,-70.7889251708984
9000000.00033418,-70.5798721313477
9000000.00033419,-70.3803253173828
9000000.00033419,-70.1937561035156
9000000.0003342,-70.0160522460938
9000000.0003342,-69.8263778686523
9000000.00033421,-69.627067565918
9000000.00033421,-69.42236328125
9000000.00033422,-69.2165069580078
9000000.00033422,-69.0137405395508
9000000.00033423,-68.8183135986328
9000000.00033423,-68.6344680786133
9000000.00033424,-68.4664459228516
9000000.00033424,-68.318489074707
9000000.00033425,-68.1948394775391
9000000.00033425,-68.099739074707
9000000.00033426,-68.0374450683594
9000000.00033426,-68.0071868896484
9000000.00033427,-67.9518585205078
9000000.00033427,-67.8668594360352
9000000.00033428,-67.7684936523438
9000000.00033428,-67.6730422973633
9000000.00033429,-67.5967788696289
9000000.00033429,-67.5560150146484
9000000.0003343,-67.5670166015625
9000000.0003343,-67.6460800170898
9000000.00033431,-67.8094940185547
9000000.00033432,-68.0735397338867
9000000.00033432,-68.4545059204102
9000000.00033432,-68.9686813354492
9000000.00033433,-69.6323547363281
9000000.00033433,-70.5467681884766
9000000.00033434,-71.7621459960938
9000000.00033434,-73.2182312011719
9000000.00033435,-74.8547592163086
9000000.00033435,-76.6114654541016
9000000.00033436,-78.4280853271484
9000000.00033436,-80.2443618774414
9000000.00033437,-82.0000305175781
9000000.00033437,-83.6348266601563
9000000.00033438,-85.088493347168
9000000.00033438,-86.3007736206055
9000000.00033439,-87.2113952636719
9000000.00033439,-87.7601013183594
9000000.0003344,-87.9059600830078
9000000.0003344,-87.7007293701172
9000000.00033441,-87.1932830810547
9000000.00033441,-86.4296188354492
9000000.00033442,-85.4557342529297
9000000.00033442,-84.3176422119141
9000000.00033443,-83.0613403320313
9000000.00033443,-81.7328338623047
9000000.00033444,-80.3781204223633
9000000.00033444,-79.0432052612305
9000000.00033445,-77.7740859985352
9000000.00033445,-76.6167755126953
9000000.00033446,-75.6172790527344
9000000.00033446,-74.8100891113281
9000000.00033447,-74.0779724121094
9000000.00033447,-73.377799987793
9000000.00033448,-72.7089462280273
9000000.00033448,-72.0707931518555
9000000.00033449,-71.4627380371094
9000000.00033449,-70.8841552734375
9000000.0003345,-70.3344268798828
9000000.00033451,-69.8129425048828
9000000.00033451,-69.3190841674805
9000000.00033451,-68.8522338867188
9000000.00033452,-68.4117813110352
9000000.00033452,-67.9971084594727
9000000.00033453,-67.6075973510742
9000000.00033453,-67.2444610595703
9000000.00033454,-66.9092025756836
9000000.00033454,-66.6016540527344
9000000.00033455,-66.3216323852539
9000000.00033455,-66.0689697265625
9000000.00033456,-65.8434982299805
9000000.00033456,-65.6450424194336
9000000.00033457,-65.4734344482422
9000000.00033457,-65.328498840332
9000000.00033458,-65.2100601196289
9000000.00033458,-65.1179504394531
9000000.00033459,-65.052001953125
9000000.00033459,-65.0120315551758
9000000.0003346,-64.9945220947266
9000000.0003346,-64.9902114868164
9000000.00033461,-65.0019607543945
9000000.00033461,-65.0335235595703
9000000.00033462,-65.0886840820313
9000000.00033462,-65.1711959838867
9000000.00033463,-65.2848358154297
9000000.00033463,-65.4333648681641
9000000.00033464,-65.6205520629883
9000000.00033464,-65.8501663208008
9000000.00033465,-66.1259689331055
9000000.00033465,-66.4517364501953
9000000.00033466,-66.8312225341797
9000000.00033466,-67.2734375
9000000.00033467,-67.8413619995117
9000000.00033467,-68.5324172973633
9000000.00033468,-69.320930480957
9000000.00033468,-70.1812210083008
9000000.00033469,-71.0876388549805
9000000.0003347,-72.0144958496094
9000000.0003347,-72.9361190795898
9000000.0003347,-73.8268508911133
9000000.00033471,-74.6610107421875
9000000.00033471,-75.4129257202148
9000000.00033472,-76.0569305419922
9000000.00033472,-76.5673446655273
9000000.00033473,-76.9185104370117
9000000.00033473,-77.1199569702148
9000000.00033474,-77.2068176269531
9000000.00033474,-77.1917877197266
9000000.00033475,-77.0875778198242
9000000.00033475,-76.9068908691406
9000000.00033476,-76.6624221801758
9000000.00033476,-76.3668899536133
9000000.00033477,-76.0329895019531
9000000.00033477,-75.6734237670898
9000000.00033478,-75.3009033203125
9000000.00033478,-74.9281311035156
9000000.00033479,-74.5678024291992
9000000.00033479,-74.2326278686523
9000000.0003348,-73.9176635742188
9000000.0003348,-73.5745468139648
9000000.00033481,-73.2037887573242
9000000.00033481,-72.810173034668
9000000.00033482,-72.3984756469727
9000000.00033482,-71.9734649658203
9000000.00033483,-71.539924621582
9000000.00033483,-71.1026306152344
9000000.00033484,-70.6663513183594
9000000.00033484,-70.2358703613281
9000000.00033485,-69.8159637451172
9000000.00033485,-69.4114151000977
9000000.00033486,-69.0269775390625
9000000.00033486,-68.6659240722656
9000000.00033487,-68.3121643066406
9000000.00033487,-67.9611740112305
9000000.00033488,-67.6142578125
9000000.00033489,-67.2727355957031
9000000.00033489,-66.9379272460938
9000000.00033489,-66.6111450195313
9000000.0003349,-66.2937088012695
9000000.0003349,-65.9869384765625
9000000.00033491,-65.692138671875
9000000.00033491,-65.4106292724609
9000000.00033492,-65.1437377929688
9000000.00033492,-64.8927688598633
9000000.00033493,-64.6590347290039
9000000.00033493,-64.4393539428711
9000000.00033494,-64.2300872802734
9000000.00033494,-64.0319061279297
9000000.00033495,-63.8454666137695
9000000.00033495,-63.671443939209
9000000.00033496,-63.5104942321777
9000000.00033496,-63.3632926940918
9000000.00033497,-63.2304954528809
9000000.00033497,-63.1127700805664
9000000.00033498,-63.0107841491699
9000000.00033498,-62.9252014160156
9000000.00033499,-62.8566856384277
9000000.00033499,-62.8059043884277
9000000.000335,-62.7734031677246
9000000.000335,-62.7588806152344
9000000.00033501,-62.76171875
9000000.00033501,-62.781307220459
9000000.00033502,-62.8170318603516
9000000.00033502,-62.8682899475098
9000000.00033503,-62.9344596862793
9000000.00033503,-63.0149383544922
9000000.00033504,-63.1091117858887
9000000.00033504,-63.2163696289063
9000000.00033505,-63.3360977172852
9000000.00033505,-63.4676856994629
9000000.00033506,-63.6105270385742
9000000.00033506,-63.7650184631348
9000000.00033507,-63.9428062438965
9000000.00033508,-64.1445999145508
9000000.00033508,-64.3668441772461
9000000.00033508,-64.6059875488281
9000000.00033509,-64.8584747314453
9000000.00033509,-65.1207504272461
9000000.0003351,-65.3892517089844
9000000.0003351,-65.6604461669922
9000000.00033511,-65.9307556152344
9000000.00033511,-66.196647644043
9000000.00033512,-66.4545516967773
9000000.00033512,-66.7009201049805
9000000.00033513,-66.9321975708008
9000000.00033513,-67.160758972168
9000000.00033514,-67.3989410400391
9000000.00033514,-67.6431198120117
9000000.00033515,-67.8896789550781
9000000.00033515,-68.1349945068359
9000000.00033516,-68.3754577636719
9000000.00033516,-68.6074371337891
9000000.00033517,-68.8273239135742
9000000.00033517,-69.031494140625
9000000.00033518,-69.2163238525391
9000000.00033518,-69.3782043457031
9000000.00033519,-69.5135040283203
9000000.00033519,-69.6186141967773
9000000.0003352,-69.6920928955078
9000000.0003352,-69.7398529052734
9000000.00033521,-69.764030456543
9000000.00033521,-69.7662887573242
9000000.00033522,-69.7483139038086
9000000.00033522,-69.7117767333984
9000000.00033523,-69.6583480834961
9000000.00033523,-69.589714050293
9000000.00033524,-69.5075531005859
9000000.00033524,-69.4135284423828
9000000.00033525,-69.309326171875
9000000.00033525,-69.1966171264648
9000000.00033526,-69.0770797729492
9000000.00033527,-68.9510269165039
9000000.00033527,-68.8030548095703
9000000.00033527,-68.6314315795898
9000000.00033528,-68.4400863647461
9000000.00033528,-68.2329025268555
9000000.00033529,-68.0138092041016
9000000.00033529,-67.7867050170898
9000000.0003353,-67.5554885864258
9000000.0003353,-67.324089050293
9000000.00033531,-67.0963897705078
9000000.00033531,-66.8763198852539
9000000.00033532,-66.6677703857422
9000000.00033532,-66.4746551513672
9000000.00033533,-66.3008804321289
9000000.00033533,-66.1379852294922
9000000.00033534,-65.9758682250977
9000000.00033534,-65.8160095214844
9000000.00033535,-65.6598968505859
9000000.00033535,-65.5090103149414
9000000.00033536,-65.3648300170898
9000000.00033536,-65.2288360595703
9000000.00033537,-65.1025085449219
9000000.00033537,-64.9873275756836
9000000.00033538,-64.8847732543945
9000000.00033538,-64.7963333129883
9000000.00033539,-64.7234802246094
9000000.00033539,-64.6677017211914
9000000.0003354,-64.6297760009766
9000000.0003354,-64.6078414916992
9000000.00033541,-64.6008682250977
9000000.00033541,-64.6079559326172
9000000.00033542,-64.6282043457031
9000000.00033542,-64.6607208251953
9000000.00033543,-64.7046051025391
9000000.00033543,-64.7589492797852
9000000.00033544,-64.822868347168
9000000.00033544,-64.8954544067383
9000000.00033545,-64.9758071899414
9000000.00033545,-65.0630416870117
9000000.00033546,-65.15625
9000000.00033546,-65.2554016113281
9000000.00033547,-65.3703384399414
9000000.00033547,-65.5020141601563
9000000.00033548,-65.6477584838867
9000000.00033548,-65.804931640625
9000000.00033549,-65.9708709716797
9000000.00033549,-66.1429138183594
9000000.0003355,-66.3184127807617
9000000.0003355,-66.4947128295898
9000000.00033551,-66.6691589355469
9000000.00033551,-66.8390884399414
9000000.00033552,-67.0018539428711
9000000.00033552,-67.1547927856445
9000000.00033553,-67.2952499389648
9000000.00033553,-67.4297790527344
9000000.00033554,-67.5657577514648
9000000.00033554,-67.7018051147461
9000000.00033555,-67.8365249633789
9000000.00033555,-67.9685363769531
9000000.00033556,-68.096435546875
9000000.00033556,-68.2188415527344
9000000.00033557,-68.3343734741211
9000000.00033557,-68.4416198730469
9000000.00033558,-68.5392150878906
9000000.00033558,-68.6257476806641
9000000.00033559,-68.6998443603516
9000000.00033559,-68.7601089477539
9000000.0003356,-68.8036499023438
9000000.0003356,-68.8262634277344
9000000.00033561,-68.8306503295898
9000000.00033561,-68.819938659668
9000000.00033562,-68.7972717285156
9000000.00033562,-68.7658004760742
9000000.00033563,-68.7286529541016
9000000.00033563,-68.6889877319336
9000000.00033564,-68.6499328613281
9000000.00033564,-68.6146392822266
9000000.00033565,-68.5862503051758
9000000.00033565,-68.5678939819336
9000000.00033566,-68.5627288818359
9000000.00033566,-68.5728149414063
9000000.00033567,-68.5867156982422
9000000.00033567,-68.6014404296875
9000000.00033568,-68.6181564331055
9000000.00033568,-68.6380310058594
9000000.00033569,-68.6622314453125
9000000.00033569,-68.6919326782227
9000000.0003357,-68.7282867431641
9000000.0003357,-68.7724761962891
9000000.00033571,-68.8256607055664
9000000.00033571,-68.8890075683594
9000000.00033572,-68.9636840820313
9000000.00033573,-69.0508575439453
9000000.00033573,-69.1517028808594
9000000.00033573,-69.2761306762695
9000000.00033574,-69.4295349121094
9000000.00033574,-69.6063003540039
9000000.00033575,-69.8008270263672
9000000.00033575,-70.0074920654297
9000000.00033576,-70.2206802368164
9000000.00033576,-70.4347839355469
9000000.00033577,-70.6441802978516
9000000.00033577,-70.8432693481445
9000000.00033578,-71.0264282226563
9000000.00033578,-71.1880493164063
9000000.00033579,-71.322509765625
9000000.00033579,-71.424201965332
9000000.0003358,-71.4897918701172
9000000.0003358,-71.5254211425781
9000000.00033581,-71.5352478027344
9000000.00033581,-71.523063659668
9000000.00033582,-71.4926300048828
9000000.00033582,-71.4477386474609
9000000.00033583,-71.3921585083008
9000000.00033583,-71.3296585083008
9000000.00033584,-71.264030456543
9000000.00033584,-71.1990432739258
9000000.00033585,-71.1384735107422
9000000.00033585,-71.0860900878906
9000000.00033586,-71.0456848144531
9000000.00033586,-71.0202255249023
9000000.00033587,-71.0018005371094
9000000.00033587,-70.9869003295898
9000000.00033588,-70.9748687744141
9000000.00033588,-70.9650421142578
9000000.00033589,-70.9567642211914
9000000.00033589,-70.9493865966797
9000000.0003359,-70.942253112793
9000000.0003359,-70.934700012207
9000000.00033591,-70.9260787963867
9000000.00033592,-70.9157333374023
9000000.00033592,-70.9030075073242
9000000.00033592,-70.8872375488281
9000000.00033593,-70.8677825927734
9000000.00033593,-70.8464279174805
9000000.00033594,-70.8251342773438
9000000.00033594,-70.803466796875
9000000.00033595,-70.7809906005859
9000000.00033595,-70.7572784423828
9000000.00033596,-70.7318801879883
9000000.00033596,-70.7043838500977
9000000.00033597,-70.6743392944336
9000000.00033597,-70.6413192749023
9000000.00033598,-70.6048889160156
9000000.00033598,-70.5646209716797
9000000.00033599,-70.5200729370117
9000000.00033599,-70.470817565918
9000000.000336,-70.4148788452148
9000000.000336,-70.3480224609375
9000000.00033601,-70.2719345092773
9000000.00033601,-70.188720703125
9000000.00033602,-70.1005020141602
9000000.00033602,-70.009391784668
9000000.00033603,-69.9175033569336
9000000.00033603,-69.8269577026367
9000000.00033604,-69.7398681640625
9000000.00033604,-69.6583480834961
9000000.00033605,-69.5845108032227
9000000.00033605,-69.5204696655273
9000000.00033606,-69.4683532714844
9000000.00033606,-69.4298477172852
9000000.00033607,-69.4009323120117
9000000.00033607,-69.379638671875
9000000.00033608,-69.3654632568359
9000000.00033608,-69.3578872680664
9000000.00033609,-69.3564071655273
9000000.00033609,-69.3605194091797
9000000.0003361,-69.3697052001953
9000000.00033611,-69.3834686279297
9000000.00033611,-69.4012832641602
9000000.00033611,-69.4226608276367
9000000.00033612,-69.4470748901367
9000000.00033612,-69.4740219116211
9000000.00033613,-69.5030059814453
9000000.00033613,-69.5409393310547
9000000.00033614,-69.5931015014648
9000000.00033614,-69.6564483642578
9000000.00033615,-69.7279586791992
9000000.00033615,-69.8045883178711
9000000.00033616,-69.8833160400391
9000000.00033616,-69.9611053466797
9000000.00033617,-70.0349273681641
9000000.00033617,-70.1017456054688
9000000.00033618,-70.1585388183594
9000000.00033618,-70.202262878418
9000000.00033619,-70.2298965454102
9000000.00033619,-70.2384033203125
9000000.0003362,-70.2245788574219
9000000.0003362,-70.1878280639648
9000000.00033621,-70.1315383911133
9000000.00033621,-70.0592498779297
9000000.00033622,-69.9745178222656
9000000.00033622,-69.8808670043945
9000000.00033623,-69.781867980957
9000000.00033623,-69.6810455322266
9000000.00033624,-69.5819473266602
9000000.00033624,-69.4881286621094
9000000.00033625,-69.4031219482422
9000000.00033625,-69.3304824829102
9000000.00033626,-69.2737426757813
9000000.00033626,-69.2359619140625
9000000.00033627,-69.2126541137695
9000000.00033627,-69.200553894043
9000000.00033628,-69.1980056762695
9000000.00033628,-69.2033615112305
9000000.00033629,-69.214958190918
9000000.0003363,-69.2311477661133
9000000.0003363,-69.2502670288086
9000000.0003363,-69.2706680297852
9000000.00033631,-69.2906951904297
9000000.00033631,-69.3086929321289
9000000.00033632,-69.3230133056641
9000000.00033632,-69.3319854736328
9000000.00033633,-69.3339691162109
9000000.00033633,-69.3362121582031
9000000.00033634,-69.345458984375
9000000.00033634,-69.3593139648438
9000000.00033635,-69.3753509521484
9000000.00033635,-69.3911743164063
9000000.00033636,-69.4043579101563
9000000.00033636,-69.4124984741211
9000000.00033637,-69.4131774902344
9000000.00033637,-69.4039993286133
9000000.00033638,-69.3825378417969
9000000.00033638,-69.3463973999023
9000000.00033639,-69.2931518554688
9000000.00033639,-69.2203903198242
9000000.0003364,-69.1264877319336
9000000.0003364,-69.0134963989258
9000000.00033641,-68.8833694458008
9000000.00033641,-68.7379608154297
9000000.00033642,-68.5791015625
9000000.00033642,-68.4086456298828
9000000.00033643,-68.2284393310547
9000000.00033643,-68.0403137207031
9000000.00033644,-67.8461227416992
9000000.00033644,-67.647705078125
9000000.00033645,-67.446907043457
9000000.00033645,-67.2455749511719
9000000.00033646,-67.045539855957
9000000.00033646,-66.8474960327148
9000000.00033647,-66.6384506225586
9000000.00033647,-66.4165802001953
9000000.00033648,-66.1847839355469
9000000.00033649,-65.9459457397461
9000000.00033649,-65.7029724121094
9000000.00033649,-65.4587554931641
9000000.0003365,-65.216194152832
9000000.0003365,-64.9781951904297
9000000.00033651,-64.7476425170898
9000000.00033651,-64.5274429321289
9000000.00033652,-64.3204879760742
9000000.00033652,-64.1296768188477
9000000.00033653,-63.9579048156738
9000000.00033653,-63.798095703125
9000000.00033654,-63.6422157287598
9000000.00033654,-63.491756439209
9000000.00033655,-63.3482093811035
9000000.00033655,-63.213062286377
9000000.00033656,-63.0878028869629
9000000.00033656,-62.9739227294922
9000000.00033657,-62.8729095458984
9000000.00033657,-62.7862548828125
9000000.00033658,-62.7154426574707
9000000.00033658,-62.6619682312012
9000000.00033659,-62.6273193359375
9000000.00033659,-62.612979888916
9000000.0003366,-62.6188087463379
9000000.0003366,-62.6403388977051
9000000.00033661,-62.6772766113281
9000000.00033661,-62.7297248840332
9000000.00033662,-62.7977752685547
9000000.00033662,-62.8815307617188
9000000.00033663,-62.9810829162598
9000000.00033663,-63.0965309143066
9000000.00033664,-63.2279739379883
9000000.00033664,-63.3754997253418
9000000.00033665,-63.5392150878906
9000000.00033665,-63.7192115783691
9000000.00033666,-63.9155883789063
9000000.00033666,-64.1293716430664
9000000.00033667,-64.37158203125
9000000.00033668,-64.6422653198242
9000000.00033668,-64.9374465942383
9000000.00033668,-65.2531661987305
9000000.00033669,-65.5854339599609
9000000.00033669,-65.9302749633789
9000000.0003367,-66.2837219238281
9000000.0003367,-66.6417922973633
9000000.00033671,-67.0005111694336
9000000.00033671,-67.3559036254883
9000000.00033672,-67.7039947509766
9000000.00033672,-68.0408172607422
9000000.00033673,-68.3623809814453
9000000.00033673,-68.685676574707
9000000.00033674,-69.026611328125
9000000.00033674,-69.3796157836914
9000000.00033675,-69.7391128540039
9000000.00033675,-70.0995254516602
9000000.00033676,-70.4552917480469
9000000.00033676,-70.8008193969727
9000000.00033677,-71.1305465698242
9000000.00033677,-71.4388961791992
9000000.00033678,-71.7202911376953
9000000.00033678,-71.9691543579102
9000000.00033679,-72.1799240112305
9000000.00033679,-72.3470077514648
9000000.0003368,-72.4671783447266
9000000.0003368,-72.5466918945313
9000000.00033681,-72.5896530151367
9000000.00033681,-72.599739074707
9000000.00033682,-72.5806198120117
9000000.00033682,-72.5359954833984
9000000.00033683,-72.4695281982422
9000000.00033683,-72.3849105834961
9000000.00033684,-72.2858123779297
9000000.00033684,-72.1759262084961
9000000.00033685,-72.0589294433594
9000000.00033685,-71.9384994506836
9000000.00033686,-71.8183135986328
9000000.00033687,-71.7003707885742
9000000.00033687,-71.5662460327148
9000000.00033687,-71.4123687744141
9000000.00033688,-71.2418823242188
9000000.00033688,-71.0579223632813
9000000.00033689,-70.863639831543
9000000.00033689,-70.6621780395508
9000000.0003369,-70.456672668457
9000000.0003369,-70.2502746582031
9000000.00033691,-70.0461273193359
9000000.00033691,-69.8473663330078
9000000.00033692,-69.6571426391602
9000000.00033692,-69.4785919189453
9000000.00033693,-69.3148574829102
9000000.00033693,-69.15966796875
9000000.00033694,-69.005256652832
9000000.00033694,-68.8525619506836
9000000.00033695,-68.7025146484375
9000000.00033695,-68.5560455322266
9000000.00033696,-68.4140930175781
9000000.00033696,-68.2775726318359
9000000.00033697,-68.1474380493164
9000000.00033697,-68.0246047973633
9000000.00033698,-67.9100189208984
9000000.00033698,-67.8045959472656
9000000.00033699,-67.7092819213867
9000000.00033699,-67.625
9000000.000337,-67.5506896972656
9000000.000337,-67.4809036254883
9000000.00033701,-67.4162139892578
9000000.00033701,-67.3577270507813
9000000.00033702,-67.306526184082
9000000.00033702,-67.2637023925781
9000000.00033703,-67.2303466796875
9000000.00033703,-67.2075576782227
9000000.00033704,-67.1964111328125
9000000.00033704,-67.1980133056641
9000000.00033705,-67.2134475708008
9000000.00033706,-67.2438049316406
9000000.00033706,-67.2901763916016
9000000.00033706,-67.3522186279297
9000000.00033707,-67.413459777832
9000000.00033707,-67.4726791381836
9000000.00033708,-67.5347137451172
9000000.00033708,-67.604377746582
9000000.00033709,-67.6864929199219
9000000.00033709,-67.7858734130859
9000000.0003371,-67.9073486328125
9000000.0003371,-68.0557250976563
9000000.00033711,-68.23583984375
9000000.00033711,-68.4524993896484
9000000.00033712,-68.7105255126953
9000000.00033712,-69.0147476196289
9000000.00033713,-69.3699798583984
9000000.00033714,-69.8152847290039
9000000.00033714,-70.3716659545898
9000000.00033714,-71.0168762207031
9000000.00033715,-71.728645324707
9000000.00033715,-72.4847106933594
9000000.00033716,-73.262825012207
9000000.00033716,-74.0407104492188
9000000.00033717,-74.7961196899414
9000000.00033717,-75.5067901611328
9000000.00033718,-76.1504592895508
9000000.00033718,-76.7048645019531
9000000.00033719,-77.1477432250977
9000000.00033719,-77.4568481445313
9000000.0003372,-77.6233978271484
9000000.0003372,-77.6840133666992
9000000.00033721,-77.6516952514648
9000000.00033721,-77.5366744995117
9000000.00033722,-77.3491668701172
9000000.00033722,-77.0994033813477
9000000.00033723,-76.7976150512695
9000000.00033723,-76.4540176391602
9000000.00033724,-76.0788497924805
9000000.00033724,-75.6823272705078
9000000.00033725,-75.2746810913086
9000000.00033725,-74.8661346435547
9000000.00033726,-74.4669189453125
9000000.00033726,-74.0826797485352
9000000.00033727,-73.6636276245117
9000000.00033727,-73.1998596191406
9000000.00033728,-72.6996078491211
9000000.00033728,-72.1711273193359
9000000.00033729,-71.6226501464844
9000000.00033729,-71.0624160766602
9000000.0003373,-70.4986724853516
9000000.0003373,-69.9396591186523
9000000.00033731,-69.3936157226563
9000000.00033731,-68.8687896728516
9000000.00033732,-68.373405456543
9000000.00033733,-67.9157257080078
9000000.00033733,-67.5039749145508
9000000.00033733,-67.1255340576172
9000000.00033734,-66.7626647949219
9000000.00033734,-66.4159469604492
9000000.00033735,-66.0859451293945
9000000.00033735,-65.7732391357422
9000000.00033736,-65.4783935546875
9000000.00033736,-65.2019958496094
9000000.00033737,-64.9446105957031
9000000.00033737,-64.7068176269531
9000000.00033738,-64.4891891479492
9000000.00033738,-64.2922973632813
9000000.00033739,-64.1167144775391
9000000.00033739,-63.963020324707
9000000.0003374,-63.8303604125977
9000000.0003374,-63.71484375
9000000.00033741,-63.6169853210449
9000000.00033741,-63.5376625061035
9000000.00033742,-63.4777526855469
9000000.00033742,-63.4381408691406
9000000.00033743,-63.4197044372559
9000000.00033743,-63.4233169555664
9000000.00033744,-63.4498634338379
9000000.00033744,-63.5002212524414
9000000.00033745,-63.575267791748
9000000.00033745,-63.6758842468262
9000000.00033746,-63.8029479980469
9000000.00033746,-63.9558067321777
9000000.00033747,-64.1167755126953
9000000.00033747,-64.2848281860352
9000000.00033748,-64.4654006958008
9000000.00033748,-64.6639404296875
9000000.00033749,-64.8858795166016
9000000.00033749,-65.1366577148438
9000000.0003375,-65.4217224121094
9000000.0003375,-65.7464981079102
9000000.00033751,-66.1164398193359
9000000.00033752,-66.536979675293
9000000.00033752,-67.0135650634766
9000000.00033752,-67.5516204833984
9000000.00033753,-68.1566009521484
9000000.00033753,-68.8984985351563
9000000.00033754,-69.8185424804688
9000000.00033754,-70.8790054321289
9000000.00033755,-72.0421524047852
9000000.00033755,-73.2702484130859
9000000.00033756,-74.5255661010742
9000000.00033756,-75.7703704833984
9000000.00033757,-76.966926574707
9000000.00033757,-78.0775146484375
9000000.00033758,-79.0643920898438
9000000.00033758,-79.8898315429688
9000000.00033759,-80.5161056518555
9000000.00033759,-80.9054718017578
9000000.0003376,-81.0291748046875
9000000.0003376,-80.9109649658203
9000000.00033761,-80.5839538574219
9000000.00033761,-80.0802688598633
9000000.00033762,-79.4320678710938
9000000.00033762,-78.671501159668
9000000.00033763,-77.8307037353516
9000000.00033763,-76.9418334960938
9000000.00033764,-76.0370330810547
9000000.00033764,-75.1484527587891
9000000.00033765,-74.308235168457
9000000.00033765,-73.5485305786133
9000000.00033766,-72.901481628418
9000000.00033766,-72.3913726806641
9000000.00033767,-71.9382247924805
9000000.00033767,-71.5119247436523
9000000.00033768,-71.1113510131836
9000000.00033768,-70.7353744506836
9000000.00033769,-70.3828887939453
9000000.00033769,-70.0527648925781
9000000.0003377,-69.7438888549805
9000000.00033771,-69.4551467895508
9000000.00033771,-69.1854095458984
9000000.00033771,-68.9335632324219
9000000.00033772,-68.6984939575195
9000000.00033772,-68.4790725708008
9000000.00033773,-68.2741851806641
9000000.00033773,-68.0889129638672
9000000.00033774,-67.9279174804688
9000000.00033774,-67.7895050048828
9000000.00033775,-67.6719436645508
9000000.00033775,-67.5735397338867
9000000.00033776,-67.4925689697266
9000000.00033776,-67.4273223876953
9000000.00033777,-67.376091003418
9000000.00033777,-67.337158203125
9000000.00033778,-67.3088073730469
9000000.00033778,-67.2893371582031
9000000.00033779,-67.2770233154297
9000000.00033779,-67.2701644897461
9000000.0003378,-67.2673721313477
9000000.0003378,-67.2695083618164
9000000.00033781,-67.2781372070313
9000000.00033781,-67.2947998046875
9000000.00033782,-67.321044921875
9000000.00033782,-67.3584060668945
9000000.00033783,-67.4084320068359
9000000.00033783,-67.4726638793945
9000000.00033784,-67.5526351928711
9000000.00033784,-67.64990234375
9000000.00033785,-67.765998840332
9000000.00033785,-67.902473449707
9000000.00033786,-68.0608520507813
9000000.00033786,-68.2433853149414
9000000.00033787,-68.4588012695313
9000000.00033787,-68.7058029174805
9000000.00033788,-68.9799194335938
9000000.00033788,-69.2766571044922
9000000.00033789,-69.5915222167969
9000000.0003379,-69.9200286865234
9000000.0003379,-70.2576904296875
9000000.0003379,-70.6000137329102
9000000.00033791,-70.942512512207
9000000.00033791,-71.2806930541992
9000000.00033792,-71.6100769042969
9000000.00033792,-71.9261627197266
9000000.00033793,-72.2244720458984
9000000.00033793,-72.5260696411133
9000000.00033794,-72.8501968383789
9000000.00033794,-73.1896438598633
9000000.00033795,-73.5372009277344
9000000.00033795,-73.8856430053711
9000000.00033796,-74.2277603149414
9000000.00033796,-74.5563278198242
9000000.00033797,-74.864143371582
9000000.00033797,-75.1439743041992
9000000.00033798,-75.3886184692383
9000000.00033798,-75.5908432006836
9000000.00033799,-75.7434539794922
9000000.00033799,-75.8392181396484
9000000.000338,-75.8713455200195
9000000.000338,-75.8407821655273
9000000.00033801,-75.7548980712891
9000000.00033801,-75.6212387084961
9000000.00033802,-75.4473190307617
9000000.00033802,-75.2406845092773
9000000.00033803,-75.0088729858398
9000000.00033803,-74.759407043457
9000000.00033804,-74.4998321533203
9000000.00033804,-74.2376708984375
9000000.00033805,-73.98046875
9000000.00033805,-73.7357559204102
9000000.00033806,-73.5110702514648
9000000.00033806,-73.311408996582
9000000.00033807,-73.1100692749023
9000000.00033807,-72.8998718261719
9000000.00033808,-72.6833801269531
9000000.00033809,-72.4631500244141
9000000.00033809,-72.2417221069336
9000000.00033809,-72.0216598510742
9000000.0003381,-71.8055191040039
9000000.0003381,-71.5958557128906
9000000.00033811,-71.3952178955078
9000000.00033811,-71.2061614990234
9000000.00033812,-71.0312347412109
9000000.00033812,-70.8730087280273
9000000.00033813,-70.7340240478516
9000000.00033813,-70.6136169433594
9000000.00033814,-70.5084991455078
9000000.00033814,-70.4172592163086
9000000.00033815,-70.3385009765625
9000000.00033815,-70.2708053588867
9000000.00033816,-70.2127838134766
9000000.00033816,-70.1630172729492
9000000.00033817,-70.1201171875
9000000.00033817,-70.0826568603516
9000000.00033818,-70.0492553710938
9000000.00033818,-70.0184936523438
9000000.00033819,-69.9889678955078
9000000.00033819,-69.9592819213867
9000000.0003382,-69.9281387329102
9000000.0003382,-69.8957901000977
9000000.00033821,-69.8636627197266
9000000.00033821,-69.8331832885742
9000000.00033822,-69.805793762207
9000000.00033822,-69.7829284667969
9000000.00033823,-69.7660140991211
9000000.00033823,-69.7565078735352
9000000.00033824,-69.7558288574219
9000000.00033824,-69.7654113769531
9000000.00033825,-69.7867050170898
9000000.00033825,-69.8211364746094
9000000.00033826,-69.8701477050781
9000000.00033826,-69.9358901977539
9000000.00033827,-70.0274124145508
9000000.00033828,-70.1435317993164
9000000.00033828,-70.2797470092773
9000000.00033828,-70.4315567016602
9000000.00033829,-70.5944519042969
9000000.00033829,-70.7639312744141
9000000.0003383,-70.9354934692383
9000000.0003383,-71.1046295166016
9000000.00033831,-71.2668380737305
9000000.00033831,-71.417610168457
9000000.00033832,-71.5524520874023
9000000.00033832,-71.6668548583984
9000000.00033833,-71.7563171386719
9000000.00033833,-71.8295516967773
9000000.00033834,-71.8974838256836
9000000.00033834,-71.9589157104492
9000000.00033835,-72.0126495361328
9000000.00033835,-72.0574798583984
9000000.00033836,-72.0922164916992
9000000.00033836,-72.1156616210938
9000000.00033837,-72.1266174316406
9000000.00033837,-72.1238861083984
9000000.00033838,-72.1062622070313
9000000.00033838,-72.0725555419922
9000000.00033839,-72.0215606689453
9000000.00033839,-71.9520874023438
9000000.0003384,-71.8598175048828
9000000.0003384,-71.7360992431641
9000000.00033841,-71.5847091674805
9000000.00033841,-71.4103012084961
9000000.00033842,-71.2175140380859
9000000.00033842,-71.0110092163086
9000000.00033843,-70.7954330444336
9000000.00033843,-70.575439453125
9000000.00033844,-70.3556823730469
9000000.00033844,-70.1408157348633
9000000.00033845,-69.9354782104492
9000000.00033845,-69.7443389892578
9000000.00033846,-69.5720367431641
9000000.00033847,-69.4221420288086
9000000.00033847,-69.2837905883789
9000000.00033847,-69.1526184082031
9000000.00033848,-69.0282287597656
9000000.00033848,-68.9102096557617
9000000.00033849,-68.7981491088867
9000000.00033849,-68.691650390625
9000000.0003385,-68.5903091430664
9000000.0003385,-68.4937133789063
9000000.00033851,-68.4014511108398
9000000.00033851,-68.3131256103516
9000000.00033852,-68.2283172607422
9000000.00033852,-68.1466369628906
9000000.00033853,-68.0676727294922
9000000.00033853,-67.9960327148438
9000000.00033854,-67.9352951049805
9000000.00033854,-67.8834915161133
9000000.00033855,-67.8386459350586
9000000.00033855,-67.7987899780273
9000000.00033856,-67.7619552612305
9000000.00033856,-67.7261657714844
9000000.00033857,-67.689453125
9000000.00033857,-67.6498413085938
9000000.00033858,-67.6053695678711
9000000.00033858,-67.5540542602539
9000000.00033859,-67.4939422607422
9000000.00033859,-67.4230422973633
9000000.0003386,-67.3377685546875
9000000.0003386,-67.2335662841797
9000000.00033861,-67.1138381958008
9000000.00033861,-66.9825057983398
9000000.00033862,-66.8434829711914
9000000.00033862,-66.70068359375
9000000.00033863,-66.5580215454102
9000000.00033863,-66.4194107055664
9000000.00033864,-66.2887802124023
9000000.00033864,-66.1700286865234
9000000.00033865,-66.0670852661133
9000000.00033866,-65.9838638305664
9000000.00033866,-65.9242706298828
9000000.00033866,-65.8904190063477
9000000.00033867,-65.8625030517578
9000000.00033867,-65.8367309570313
9000000.00033868,-65.8165054321289
9000000.00033868,-65.8052444458008
9000000.00033869,-65.8063583374023
9000000.00033869,-65.8232727050781
9000000.0003387,-65.8593826293945
9000000.0003387,-65.9181213378906
9000000.00033871,-66.0028839111328
9000000.00033871,-66.1170959472656
9000000.00033872,-66.2641754150391
9000000.00033872,-66.4475250244141
9000000.00033873,-66.6705551147461
9000000.00033874,-66.9553298950195
9000000.00033874,-67.3129348754883
9000000.00033874,-67.730339050293
9000000.00033875,-68.1944961547852
9000000.00033875,-68.6923751831055
9000000.00033876,-69.2109375
9000000.00033876,-69.7371597290039
9000000.00033877,-70.2579956054688
9000000.00033877,-70.7604141235352
9000000.00033878,-71.2313766479492
9000000.00033878,-71.6578521728516
9000000.00033879,-72.0268096923828
9000000.00033879,-72.3252029418945
9000000.0003388,-72.5511322021484
9000000.0003388,-72.7349243164063
9000000.00033881,-72.8816299438477
9000000.00033881,-72.9937973022461
9000000.00033882,-73.073974609375
9000000.00033882,-73.1247100830078
9000000.00033883,-73.1485595703125
9000000.00033883,-73.148078918457
9000000.00033884,-73.1258087158203
9000000.00033885,-73.0842971801758
9000000.00033885,-73.0261077880859
9000000.00033885,-72.9537811279297
9000000.00033886,-72.8698654174805
9000000.00033886,-72.7745742797852
9000000.00033887,-72.6413116455078
9000000.00033887,-72.467414855957
9000000.00033888,-72.2599563598633
9000000.00033888,-72.0259857177734
9000000.00033889,-71.7725601196289
9000000.00033889,-71.5067367553711
9000000.0003389,-71.2355728149414
9000000.0003389,-70.9661407470703
9000000.00033891,-70.7054748535156
9000000.00033891,-70.4606552124023
9000000.00033892,-70.2387237548828
9000000.00033893,-70.046745300293
9000000.00033893,-69.8917846679688
9000000.00033893,-69.7629013061523
9000000.00033894,-69.6448364257813
9000000.00033894,-69.5381317138672
9000000.00033895,-69.4433364868164
9000000.00033895,-69.3610000610352
9000000.00033896,-69.2916717529297
9000000.00033896,-69.2358856201172
9000000.00033897,-69.1941986083984
9000000.00033897,-69.1671600341797
9000000.00033898,-69.1553115844727
9000000.00033898,-69.1591949462891
9000000.00033899,-69.1793670654297
9000000.00033899,-69.2163772583008
9000000.000339,-69.2716445922852
9000000.000339,-69.3476333618164
9000000.00033901,-69.4430465698242
9000000.00033901,-69.5563507080078
9000000.00033902,-69.6859817504883
9000000.00033902,-69.8303985595703
9000000.00033903,-69.9880599975586
9000000.00033903,-70.1574096679688
9000000.00033904,-70.3369064331055
9000000.00033904,-70.5249938964844
9000000.00033905,-70.7201309204102
9000000.00033905,-70.9207611083984
9000000.00033906,-71.1253509521484
9000000.00033906,-71.3327941894531
9000000.00033907,-71.5477447509766
9000000.00033907,-71.7716751098633
9000000.00033908,-72.0043487548828
9000000.00033908,-72.2455291748047
9000000.00033909,-72.494987487793
9000000.00033909,-72.7524948120117
9000000.0003391,-73.0178070068359
9000000.0003391,-73.2907028198242
9000000.00033911,-73.5709457397461
9000000.00033912,-73.8582992553711
9000000.00033912,-74.1525421142578
9000000.00033912,-74.4534301757813
9000000.00033913,-74.7607345581055
9000000.00033913,-75.1023864746094
9000000.00033914,-75.4975128173828
9000000.00033914,-75.9326705932617
9000000.00033915,-76.3944549560547
9000000.00033915,-76.8694229125977
9000000.00033916,-77.3441467285156
9000000.00033916,-77.8051986694336
9000000.00033917,-78.2391510009766
9000000.00033917,-78.6325759887695
9000000.00033918,-78.9720458984375
9000000.00033918,-79.2441253662109
9000000.00033919,-79.4353942871094
9000000.00033919,-79.5324249267578
9000000.0003392,-79.5262603759766
9000000.0003392,-79.4289474487305
9000000.00033921,-79.2512283325195
9000000.00033921,-79.0031585693359
9000000.00033922,-78.6948013305664
9000000.00033922,-78.3362121582031
9000000.00033923,-77.9374542236328
9000000.00033923,-77.5085906982422
9000000.00033924,-77.0596694946289
9000000.00033924,-76.6007614135742
9000000.00033925,-76.1419219970703
9000000.00033925,-75.6932067871094
9000000.00033926,-75.2646789550781
9000000.00033926,-74.8625106811523
9000000.00033927,-74.4448394775391
9000000.00033927,-74.0020065307617
9000000.00033928,-73.5396194458008
9000000.00033928,-73.0632553100586
9000000.00033929,-72.5785217285156
9000000.00033929,-72.0910034179688
9000000.0003393,-71.6062927246094
9000000.00033931,-71.1299743652344
9000000.00033931,-70.6676559448242
9000000.00033931,-70.2249145507813
9000000.00033932,-69.8073501586914
9000000.00033932,-69.4205627441406
9000000.00033933,-69.0701217651367
9000000.00033933,-68.7485504150391
9000000.00033934,-68.4445190429688
9000000.00033934,-68.1578979492188
9000000.00033935,-67.8885650634766
9000000.00033935,-67.6363906860352
9000000.00033936,-67.401237487793
9000000.00033936,-67.1829833984375
9000000.00033937,-66.9814987182617
9000000.00033937,-66.7966537475586
9000000.00033938,-66.6283187866211
9000000.00033938,-66.4763565063477
9000000.00033939,-66.3406524658203
9000000.00033939,-66.221061706543
9000000.0003394,-66.1157684326172
9000000.0003394,-66.0200653076172
9000000.00033941,-65.9354476928711
9000000.00033941,-65.8638687133789
9000000.00033942,-65.8072891235352
9000000.00033942,-65.7676696777344
9000000.00033943,-65.7469711303711
9000000.00033943,-65.7471466064453
9000000.00033944,-65.770149230957
9000000.00033944,-65.8179473876953
9000000.00033945,-65.8924942016602
9000000.00033945,-65.9957504272461
9000000.00033946,-66.1296615600586
9000000.00033946,-66.295539855957
9000000.00033947,-66.4863433837891
9000000.00033947,-66.7002029418945
9000000.00033948,-66.9378204345703
9000000.00033948,-67.1998901367188
9000000.00033949,-67.4871139526367
9000000.0003395,-67.800178527832
9000000.0003395,-68.139778137207
9000000.0003395,-68.5066223144531
9000000.00033951,-68.9013900756836
9000000.00033951,-69.3247909545898
9000000.00033952,-69.7775115966797
9000000.00033952,-70.26025390625
9000000.00033953,-70.7737045288086
9000000.00033953,-71.3749084472656
9000000.00033954,-72.1016006469727
9000000.00033954,-72.9255752563477
9000000.00033955,-73.8186264038086
9000000.00033955,-74.7525329589844
9000000.00033956,-75.699089050293
9000000.00033956,-76.6300659179688
9000000.00033957,-77.5172653198242
9000000.00033957,-78.3324661254883
9000000.00033958,-79.0474624633789
9000000.00033958,-79.634033203125
9000000.00033959,-80.06396484375
9000000.00033959,-80.3090438842773
9000000.0003396,-80.3475952148438
9000000.0003396,-80.196891784668
9000000.00033961,-79.8818283081055
9000000.00033961,-79.4266204833984
9000000.00033962,-78.8555068969727
9000000.00033962,-78.1926879882813
9000000.00033963,-77.4624099731445
9000000.00033963,-76.6888885498047
9000000.00033964,-75.8963394165039
9000000.00033964,-75.109001159668
9000000.00033965,-74.3510894775391
9000000.00033965,-73.6468276977539
9000000.00033966,-73.0204467773438
9000000.00033966,-72.4897155761719
9000000.00033967,-71.9882431030273
9000000.00033967,-71.4932479858398
9000000.00033968,-71.0060577392578
9000000.00033969,-70.5279846191406
9000000.00033969,-70.0603561401367
9000000.00033969,-69.6044845581055
9000000.0003397,-69.1616973876953
9000000.0003397,-68.7333068847656
9000000.00033971,-68.3206329345703
9000000.00033971,-67.9250030517578
9000000.00033972,-67.547737121582
9000000.00033972,-67.1901473999023
9000000.00033973,-66.8535537719727
9000000.00033973,-66.5350875854492
9000000.00033974,-66.231315612793
9000000.00033974,-65.942756652832
9000000.00033975,-65.669921875
9000000.00033975,-65.4133071899414
9000000.00033976,-65.1734313964844
9000000.00033976,-64.950798034668
9000000.00033977,-64.7459182739258
9000000.00033977,-64.5593032836914
9000000.00033978,-64.3914566040039
9000000.00033978,-64.2428894042969
9000000.00033979,-64.1141128540039
9000000.00033979,-64.0056381225586
9000000.0003398,-63.9174728393555
9000000.0003398,-63.8482894897461
9000000.00033981,-63.7979316711426
9000000.00033981,-63.766357421875
9000000.00033982,-63.753532409668
9000000.00033982,-63.7594108581543
9000000.00033983,-63.7839546203613
9000000.00033983,-63.8271255493164
9000000.00033984,-63.8888816833496
9000000.00033984,-63.9691848754883
9000000.00033985,-64.0679931640625
9000000.00033985,-64.1852645874023
9000000.00033986,-64.3209686279297
9000000.00033986,-64.4760589599609
9000000.00033987,-64.6623840332031
9000000.00033988,-64.8801345825195
9000000.00033988,-65.1251602172852
9000000.00033988,-65.3933334350586
9000000.00033989,-65.6804962158203
9000000.00033989,-65.9825210571289
9000000.0003399,-66.2952499389648
9000000.0003399,-66.6145553588867
9000000.00033991,-66.9362945556641
9000000.00033991,-67.2563171386719
9000000.00033992,-67.5704803466797
9000000.00033992,-67.8746490478516
9000000.00033993,-68.164680480957
9000000.00033993,-68.4603576660156
9000000.00033994,-68.779655456543
9000000.00033994,-69.1157684326172
9000000.00033995,-69.4618682861328
9000000.00033995,-69.8111267089844
9000000.00033996,-70.1567153930664
9000000.00033996,-70.491828918457
9000000.00033997,-70.8096237182617
9000000.00033997,-71.1032867431641
9000000.00033998,-71.3659973144531
9000000.00033998,-71.5909271240234
9000000.00033999,-71.7712478637695
9000000.00033999,-71.9001388549805
9000000.00034,-71.9734878540039
9000000.00034,-71.9985580444336
9000000.00034001,-71.9804916381836
9000000.00034001,-71.9239349365234
9000000.00034002,-71.8335571289063
9000000.00034002,-71.7140121459961
9000000.00034003,-71.5699615478516
9000000.00034003,-71.4060745239258
9000000.00034004,-71.2270126342773
9000000.00034004,-71.0374221801758
9000000.00034005,-70.8419799804688
9000000.00034005,-70.6453399658203
9000000.00034006,-70.4521636962891
9000000.00034007,-70.2648773193359
9000000.00034007,-70.0590591430664
9000000.00034007,-69.8301773071289
9000000.00034008,-69.5825958251953
9000000.00034008,-69.3206787109375
9000000.00034009,-69.0487899780273
9000000.00034009,-68.7713012695313
9000000.0003401,-68.4925689697266
9000000.0003401,-68.2169799804688
9000000.00034011,-67.9488754272461
9000000.00034011,-67.6926422119141
9000000.00034012,-67.4526290893555
9000000.00034012,-67.2332153320313
9000000.00034013,-67.0387573242188
9000000.00034013,-66.8596801757813
9000000.00034014,-66.6846160888672
9000000.00034015,-66.5152816772461
9000000.00034015,-66.3533935546875
9000000.00034015,-66.2006607055664
9000000.00034016,-66.0588073730469
9000000.00034016,-65.9295425415039
9000000.00034017,-65.814582824707
9000000.00034017,-65.7156295776367
9000000.00034018,-65.6344146728516
9000000.00034018,-65.5726470947266
9000000.00034019,-65.5320358276367
9000000.00034019,-65.5142974853516
9000000.0003402,-65.5204086303711
9000000.0003402,-65.5483474731445
9000000.00034021,-65.5968933105469
9000000.00034021,-65.6649322509766
9000000.00034022,-65.7513656616211
9000000.00034022,-65.8551025390625
9000000.00034023,-65.9750289916992
9000000.00034023,-66.1100540161133
9000000.00034024,-66.2590637207031
9000000.00034024,-66.4209671020508
9000000.00034025,-66.5946655273438
9000000.00034026,-66.7790451049805
9000000.00034026,-66.973014831543
9000000.00034026,-67.1773529052734
9000000.00034027,-67.4138031005859
9000000.00034027,-67.6836471557617
9000000.00034028,-67.9802093505859
9000000.00034028,-68.2968292236328
9000000.00034029,-68.6268310546875
9000000.00034029,-68.9635620117188
9000000.0003403,-69.3003387451172
9000000.0003403,-69.6304931640625
9000000.00034031,-69.9473648071289
9000000.00034031,-70.2442779541016
9000000.00034032,-70.5145721435547
9000000.00034032,-70.751579284668
9000000.00034033,-70.9486236572266
9000000.00034034,-71.1110992431641
9000000.00034034,-71.250114440918
9000000.00034034,-71.3675384521484
9000000.00034035,-71.4652481079102
9000000.00034035,-71.5451431274414
9000000.00034036,-71.6090850830078
9000000.00034036,-71.6589584350586
9000000.00034037,-71.6966552734375
9000000.00034037,-71.7240447998047
9000000.00034038,-71.7430114746094
9000000.00034038,-71.7554321289063
9000000.00034039,-71.7631988525391
9000000.00034039,-71.768180847168
9000000.0003404,-71.7686996459961
9000000.0003404,-71.7549819946289
9000000.00034041,-71.7278518676758
9000000.00034041,-71.6890411376953
9000000.00034042,-71.6402587890625
9000000.00034042,-71.5832290649414
9000000.00034043,-71.5196685791016
9000000.00034043,-71.4512939453125
9000000.00034044,-71.3798294067383
9000000.00034045,-71.3069839477539
9000000.00034045,-71.234489440918
9000000.00034045,-71.1640548706055
9000000.00034046,-71.0974044799805
9000000.00034046,-71.0363082885742
9000000.00034047,-70.9820098876953
9000000.00034047,-70.9329681396484
9000000.00034048,-70.8871841430664
9000000.00034048,-70.8426361083984
9000000.00034049,-70.7973175048828
9000000.00034049,-70.7492294311523
9000000.0003405,-70.6963424682617
9000000.0003405,-70.6366577148438
9000000.00034051,-70.5681686401367
9000000.00034051,-70.4888610839844
9000000.00034052,-70.3967208862305
9000000.00034053,-70.2897415161133
9000000.00034053,-70.1659164428711
9000000.00034053,-70.0217437744141
9000000.00034054,-69.8571014404297
9000000.00034054,-69.6750640869141
9000000.00034055,-69.4786758422852
9000000.00034055,-69.2710037231445
9000000.00034056,-69.0551071166992
9000000.00034056,-68.8340454101563
9000000.00034057,-68.6108703613281
9000000.00034057,-68.3886489868164
9000000.00034058,-68.1704406738281
9000000.00034058,-67.9593048095703
9000000.00034059,-67.7582931518555
9000000.00034059,-67.5704727172852
9000000.0003406,-67.3928070068359
9000000.0003406,-67.2085876464844
9000000.00034061,-67.019401550293
9000000.00034061,-66.8283538818359
9000000.00034062,-66.638557434082
9000000.00034062,-66.453125
9000000.00034063,-66.2751617431641
9000000.00034064,-66.107780456543
9000000.00034064,-65.9541015625
9000000.00034064,-65.8172149658203
9000000.00034065,-65.7002487182617
9000000.00034065,-65.6063079833984
9000000.00034066,-65.5385055541992
9000000.00034066,-65.4985733032227
9000000.00034067,-65.4715957641602
9000000.00034067,-65.4545745849609
9000000.00034068,-65.4499206542969
9000000.00034068,-65.4600677490234
9000000.00034069,-65.4874420166016
9000000.00034069,-65.5344619750977
9000000.0003407,-65.6035614013672
9000000.0003407,-65.6971664428711
9000000.00034071,-65.8177032470703
9000000.00034072,-65.9675903320313
9000000.00034072,-66.1492614746094
9000000.00034072,-66.3651351928711
9000000.00034073,-66.6176376342773
9000000.00034073,-66.9332122802734
9000000.00034074,-67.3269958496094
9000000.00034074,-67.7844924926758
9000000.00034075,-68.2912063598633
9000000.00034075,-68.8326416015625
9000000.00034076,-69.3943023681641
9000000.00034076,-69.9616851806641
9000000.00034077,-70.5202941894531
9000000.00034077,-71.0556335449219
9000000.00034078,-71.5532073974609
9000000.00034078,-71.9985198974609
9000000.00034079,-72.377067565918
9000000.00034079,-72.6743545532227
9000000.0003408,-72.8892822265625
9000000.0003408,-73.0584030151367
9000000.00034081,-73.1865158081055
9000000.00034081,-73.2753601074219
9000000.00034082,-73.3266906738281
9000000.00034082,-73.3422546386719
9000000.00034083,-73.3237991333008
9000000.00034083,-73.2730712890625
9000000.00034084,-73.1918182373047
9000000.00034084,-73.081787109375
9000000.00034085,-72.9447250366211
9000000.00034085,-72.7823867797852
9000000.00034086,-72.5965118408203
9000000.00034086,-72.3861541748047
9000000.00034087,-72.120231628418
9000000.00034087,-71.7967681884766
9000000.00034088,-71.4251174926758
9000000.00034088,-71.0146713256836
9000000.00034089,-70.5747909545898
9000000.00034089,-70.114860534668
9000000.0003409,-69.6442413330078
9000000.00034091,-69.1723098754883
9000000.00034091,-68.7084426879883
9000000.00034091,-68.2620162963867
9000000.00034092,-67.8423919677734
9000000.00034092,-67.4589538574219
9000000.00034093,-67.1210708618164
9000000.00034093,-66.8133010864258
9000000.00034094,-66.5147171020508
9000000.00034094,-66.2265243530273
9000000.00034095,-65.9498901367188
9000000.00034095,-65.6859970092773
9000000.00034096,-65.43603515625
9000000.00034096,-65.2011795043945
9000000.00034097,-64.9826202392578
9000000.00034097,-64.7815322875977
9000000.00034098,-64.5990982055664
9000000.00034098,-64.4365005493164
9000000.00034099,-64.2949295043945
9000000.00034099,-64.1755599975586
9000000.000341,-64.0779266357422
9000000.000341,-63.9975204467773
9000000.00034101,-63.9343948364258
9000000.00034101,-63.8889961242676
9000000.00034102,-63.8617744445801
9000000.00034102,-63.8531761169434
9000000.00034103,-63.8636512756348
9000000.00034103,-63.8936462402344
9000000.00034104,-63.9436111450195
9000000.00034104,-64.0139923095703
9000000.00034105,-64.1052398681641
9000000.00034105,-64.2178039550781
9000000.00034106,-64.3521270751953
9000000.00034106,-64.5076751708984
9000000.00034107,-64.6730194091797
9000000.00034107,-64.8475952148438
9000000.00034108,-65.0350341796875
9000000.00034108,-65.2389678955078
9000000.00034109,-65.4630126953125
9000000.0003411,-65.7107925415039
9000000.0003411,-65.9859390258789
9000000.0003411,-66.2920837402344
9000000.00034111,-66.6328430175781
9000000.00034111,-67.0118408203125
9000000.00034112,-67.4327087402344
9000000.00034112,-67.8990783691406
9000000.00034113,-68.4145584106445
9000000.00034113,-69.0336532592773
9000000.00034114,-69.7891311645508
9000000.00034114,-70.6520156860352
9000000.00034115,-71.5933685302734
9000000.00034115,-72.5842208862305
9000000.00034116,-73.5956192016602
9000000.00034116,-74.5986022949219
9000000.00034117,-75.564208984375
9000000.00034117,-76.4634857177734
9000000.00034118,-77.2674713134766
9000000.00034118,-77.9472122192383
9000000.00034119,-78.4737396240234
9000000.00034119,-78.8181076049805
9000000.0003412,-78.9619140625
9000000.0003412,-78.9335784912109
9000000.00034121,-78.7555618286133
9000000.00034121,-78.448600769043
9000000.00034122,-78.0334396362305
9000000.00034122,-77.5308151245117
9000000.00034123,-76.9614562988281
9000000.00034123,-76.3461227416992
9000000.00034124,-75.7055358886719
9000000.00034124,-75.0604553222656
9000000.00034125,-74.4315948486328
9000000.00034125,-73.8397216796875
9000000.00034126,-73.305549621582
9000000.00034126,-72.8436126708984
9000000.00034127,-72.388801574707
9000000.00034127,-71.921501159668
9000000.00034128,-71.4457550048828
9000000.00034129,-70.9656219482422
9000000.00034129,-70.4851379394531
9000000.00034129,-70.0083541870117
9000000.0003413,-69.5393218994141
9000000.0003413,-69.0820846557617
9000000.00034131,-68.6406860351563
9000000.00034131,-68.2191772460938
9000000.00034132,-67.8216018676758
9000000.00034132,-67.452018737793
9000000.00034133,-67.1144561767578
9000000.00034133,-66.8023223876953
9000000.00034134,-66.5066299438477
9000000.00034134,-66.2278594970703
9000000.00034135,-65.9664840698242
9000000.00034135,-65.7229919433594
9000000.00034136,-65.4978485107422
9000000.00034136,-65.2915420532227
9000000.00034137,-65.1045532226563
9000000.00034137,-64.9373550415039
9000000.00034138,-64.7904357910156
9000000.00034138,-64.6642608642578
9000000.00034139,-64.5593185424805
9000000.00034139,-64.4760894775391
9000000.0003414,-64.4151077270508
9000000.0003414,-64.3765335083008
9000000.00034141,-64.3598175048828
9000000.00034141,-64.364372253418
9000000.00034142,-64.3896026611328
9000000.00034142,-64.4349212646484
9000000.00034143,-64.4997406005859
9000000.00034143,-64.5834655761719
9000000.00034144,-64.6855087280273
9000000.00034144,-64.805290222168
9000000.00034145,-64.9422073364258
9000000.00034145,-65.0956726074219
9000000.00034146,-65.2650985717773
9000000.00034146,-65.4512710571289
9000000.00034147,-65.6701583862305
9000000.00034148,-65.9225082397461
9000000.00034148,-66.2032241821289
9000000.00034148,-66.5072021484375
9000000.00034149,-66.8293380737305
9000000.00034149,-67.1645431518555
9000000.0003415,-67.5077209472656
9000000.0003415,-67.8537673950195
9000000.00034151,-68.1975860595703
9000000.00034151,-68.5340805053711
9000000.00034152,-68.8581466674805
9000000.00034152,-69.1646881103516
9000000.00034153,-69.448616027832
9000000.00034153,-69.7291870117188
9000000.00034154,-70.0251007080078
9000000.00034154,-70.3304443359375
9000000.00034155,-70.639289855957
9000000.00034155,-70.9457092285156
9000000.00034156,-71.2437744140625
9000000.00034156,-71.5275650024414
9000000.00034157,-71.791145324707
9000000.00034157,-72.0286026000977
9000000.00034158,-72.234001159668
9000000.00034158,-72.4014129638672
9000000.00034159,-72.5249176025391
9000000.00034159,-72.5985870361328
9000000.0003416,-72.6182250976563
9000000.0003416,-72.5884170532227
9000000.00034161,-72.5141220092773
9000000.00034161,-72.4000396728516
9000000.00034162,-72.2509002685547
9000000.00034162,-72.0714111328125
9000000.00034163,-71.8662796020508
9000000.00034163,-71.6402359008789
9000000.00034164,-71.3979721069336
9000000.00034164,-71.1442184448242
9000000.00034165,-70.8836898803711
9000000.00034165,-70.62109375
9000000.00034166,-70.3611373901367
9000000.00034167,-70.1062393188477
9000000.00034167,-69.8310317993164
9000000.00034167,-69.5309219360352
9000000.00034168,-69.210563659668
9000000.00034168,-68.8745880126953
9000000.00034169,-68.5276565551758
9000000.00034169,-68.1744003295898
9000000.0003417,-67.8194808959961
9000000.0003417,-67.467529296875
9000000.00034171,-67.1232070922852
9000000.00034171,-66.791145324707
9000000.00034172,-66.4760055541992
9000000.00034172,-66.1824188232422
9000000.00034173,-65.9150390625
9000000.00034173,-65.6632843017578
9000000.00034174,-65.4148101806641
9000000.00034175,-65.1716232299805
9000000.00034175,-64.9357299804688
9000000.00034175,-64.7091522216797
9000000.00034176,-64.4938888549805
9000000.00034176,-64.2919616699219
9000000.00034177,-64.1053695678711
9000000.00034177,-63.9361267089844
9000000.00034178,-63.786247253418
9000000.00034178,-63.6577339172363
9000000.00034179,-63.552604675293
9000000.00034179,-63.4728622436523
9000000.0003418,-63.415943145752
9000000.0003418,-63.3692779541016
9000000.00034181,-63.3343734741211
9000000.00034181,-63.3138809204102
9000000.00034182,-63.3104629516602
9000000.00034182,-63.3267669677734
9000000.00034183,-63.3654556274414
9000000.00034183,-63.4291839599609
9000000.00034184,-63.5206069946289
9000000.00034184,-63.6423873901367
9000000.00034185,-63.7971725463867
9000000.00034186,-63.9876251220703
9000000.00034186,-64.2164001464844
9000000.00034186,-64.4875335693359
9000000.00034187,-64.8183059692383
9000000.00034187,-65.20654296875
9000000.00034188,-65.6437149047852
9000000.00034188,-66.1212997436523
9000000.00034189,-66.6307754516602
9000000.00034189,-67.1636199951172
9000000.0003419,-67.7113037109375
9000000.0003419,-68.2653121948242
9000000.00034191,-68.8171081542969
9000000.00034191,-69.3581771850586
9000000.00034192,-69.8799896240234
9000000.00034192,-70.3740310668945
9000000.00034193,-70.8317642211914
9000000.00034194,-71.2892303466797
9000000.00034194,-71.7802886962891
9000000.00034194,-72.2931747436523
9000000.00034195,-72.8161239624023
9000000.00034195,-73.3373489379883
9000000.00034196,-73.8451080322266
9000000.00034196,-74.3276138305664
9000000.00034197,-74.7731018066406
9000000.00034197,-75.169807434082
9000000.00034198,-75.5059661865234
9000000.00034198,-75.7697982788086
9000000.00034199,-75.9495391845703
9000000.00034199,-76.0334320068359
9000000.000342,-76.0079116821289
9000000.000342,-75.867790222168
9000000.00034201,-75.6270141601563
9000000.00034201,-75.3005065917969
9000000.00034202,-74.9031600952148
9000000.00034202,-74.4498748779297
9000000.00034203,-73.95556640625
9000000.00034203,-73.4351348876953
9000000.00034204,-72.9034805297852
9000000.00034205,-72.3755111694336
9000000.00034205,-71.8661193847656
9000000.00034205,-71.3902282714844
9000000.00034206,-70.9627304077148
9000000.00034206,-70.5943756103516
9000000.00034207,-70.2421798706055
9000000.00034207,-69.8921051025391
9000000.00034208,-69.5457077026367
9000000.00034208,-69.2045669555664
9000000.00034209,-68.870246887207
9000000.00034209,-68.5443115234375
9000000.0003421,-68.2283401489258
9000000.0003421,-67.9238891601563
9000000.00034211,-67.6325302124023
9000000.00034211,-67.3558349609375
9000000.00034212,-67.0953674316406
9000000.00034213,-66.8526992797852
9000000.00034213,-66.6294021606445
9000000.00034213,-66.4216156005859
9000000.00034214,-66.2249984741211
9000000.00034214,-66.0403594970703
9000000.00034215,-65.8685073852539
9000000.00034215,-65.7102584838867
9000000.00034216,-65.5664291381836
9000000.00034216,-65.4378204345703
9000000.00034217,-65.3252639770508
9000000.00034217,-65.2295608520508
9000000.00034218,-65.1515197753906
9000000.00034218,-65.0919647216797
9000000.00034219,-65.0517044067383
9000000.00034219,-65.0315551757813
9000000.0003422,-65.0303573608398
9000000.0003422,-65.0427398681641
9000000.00034221,-65.0693817138672
9000000.00034221,-65.1114883422852
9000000.00034222,-65.1702499389648
9000000.00034222,-65.2468490600586
9000000.00034223,-65.3424835205078
9000000.00034224,-65.4583435058594
9000000.00034224,-65.5956192016602
9000000.00034224,-65.755500793457
9000000.00034225,-65.9391860961914
9000000.00034225,-66.1478652954102
9000000.00034226,-66.3827285766602
9000000.00034226,-66.6453094482422
9000000.00034227,-66.9401779174805
9000000.00034227,-67.2663116455078
9000000.00034228,-67.6210098266602
9000000.00034228,-68.0015869140625
9000000.00034229,-68.4053268432617
9000000.00034229,-68.8295516967773
9000000.0003423,-69.2715530395508
9000000.0003423,-69.728630065918
9000000.00034231,-70.1980972290039
9000000.00034232,-70.67724609375
9000000.00034232,-71.1633834838867
9000000.00034232,-71.65380859375
9000000.00034233,-72.1458358764648
9000000.00034233,-72.6803131103516
9000000.00034234,-73.2878723144531
9000000.00034234,-73.9504470825195
9000000.00034235,-74.6499938964844
9000000.00034235,-75.3684463500977
9000000.00034236,-76.0877532958984
9000000.00034236,-76.7898635864258
9000000.00034237,-77.4567108154297
9000000.00034237,-78.0702438354492
9000000.00034238,-78.6124038696289
9000000.00034238,-79.0651397705078
9000000.00034239,-79.4103851318359
9000000.00034239,-79.6300964355469
9000000.0003424,-79.7082824707031
9000000.0003424,-79.6501693725586
9000000.00034241,-79.4733657836914
9000000.00034241,-79.1956405639648
9000000.00034242,-78.8347320556641
9000000.00034243,-78.4084091186523
9000000.00034243,-77.9344253540039
9000000.00034243,-77.4305267333984
9000000.00034244,-76.9144821166992
9000000.00034244,-76.4040374755859
9000000.00034245,-75.9169540405273
9000000.00034245,-75.4709930419922
9000000.00034246,-75.0838928222656
9000000.00034246,-74.7692565917969
9000000.00034247,-74.4849700927734
9000000.00034247,-74.2144317626953
9000000.00034248,-73.9562911987305
9000000.00034248,-73.7091979980469
9000000.00034249,-73.471809387207
9000000.00034249,-73.2427673339844
9000000.0003425,-73.0207214355469
9000000.00034251,-72.8043365478516
9000000.00034251,-72.5922546386719
9000000.00034251,-72.3831253051758
9000000.00034252,-72.1756057739258
9000000.00034252,-71.9683456420898
9000000.00034253,-71.7599945068359
9000000.00034253,-71.5529174804688
9000000.00034254,-71.350212097168
9000000.00034254,-71.1516571044922
9000000.00034255,-70.9570007324219
9000000.00034255,-70.765998840332
9000000.00034256,-70.5784225463867
9000000.00034256,-70.3940353393555
9000000.00034257,-70.2125854492188
9000000.00034257,-70.0338439941406
9000000.00034258,-69.8575668334961
9000000.00034258,-69.6835174560547
9000000.00034259,-69.5114593505859
9000000.00034259,-69.3411483764648
9000000.0003426,-69.1694564819336
9000000.0003426,-68.9884033203125
9000000.00034261,-68.8005447387695
9000000.00034261,-68.6092300415039
9000000.00034262,-68.4178085327148
9000000.00034262,-68.2296142578125
9000000.00034263,-68.0480117797852
9000000.00034263,-67.876335144043
9000000.00034264,-67.7179412841797
9000000.00034264,-67.5761642456055
9000000.00034265,-67.4543609619141
9000000.00034265,-67.3558731079102
9000000.00034266,-67.2840423583984
9000000.00034266,-67.2415237426758
9000000.00034267,-67.2212905883789
9000000.00034267,-67.2202301025391
9000000.00034268,-67.2377700805664
9000000.00034268,-67.2733154296875
9000000.00034269,-67.3262939453125
9000000.0003427,-67.3961181640625
9000000.0003427,-67.4822158813477
9000000.0003427,-67.5840072631836
9000000.00034271,-67.7009048461914
9000000.00034271,-67.8323364257813
9000000.00034272,-67.9777145385742
9000000.00034272,-68.1364593505859
9000000.00034273,-68.3079986572266
9000000.00034273,-68.5117492675781
9000000.00034274,-68.7615051269531
9000000.00034274,-69.0481948852539
9000000.00034275,-69.3627700805664
9000000.00034275,-69.6961517333984
9000000.00034276,-70.0392913818359
9000000.00034276,-70.3831176757813
9000000.00034277,-70.7185745239258
9000000.00034277,-71.0366058349609
9000000.00034278,-71.3281402587891
9000000.00034278,-71.584114074707
9000000.00034279,-71.7954788208008
9000000.00034279,-71.9531631469727
9000000.0003428,-72.0542907714844
9000000.0003428,-72.1156616210938
9000000.00034281,-72.1420211791992
9000000.00034281,-72.1367950439453
9000000.00034282,-72.1034164428711
9000000.00034282,-72.0453109741211
9000000.00034283,-71.9659118652344
9000000.00034283,-71.86865234375
9000000.00034284,-71.756950378418
9000000.00034284,-71.6342468261719
9000000.00034285,-71.5039672851563
9000000.00034285,-71.3695373535156
9000000.00034286,-71.2343902587891
9000000.00034286,-71.100212097168
9000000.00034287,-70.9478988647461
9000000.00034287,-70.7740859985352
9000000.00034288,-70.5823974609375
9000000.00034289,-70.3764419555664
9000000.00034289,-70.1598434448242
9000000.00034289,-69.9362106323242
9000000.0003429,-69.7091674804688
9000000.0003429,-69.4823303222656
9000000.00034291,-69.2593154907227
9000000.00034291,-69.0437316894531
9000000.00034292,-68.8392028808594
9000000.00034292,-68.6493377685547
9000000.00034293,-68.4777679443359
9000000.00034293,-68.3170013427734
9000000.00034294,-68.1579437255859
9000000.00034294,-68.0018005371094
9000000.00034295,-67.8497619628906
9000000.00034295,-67.7030258178711
9000000.00034296,-67.5627746582031
9000000.00034296,-67.4302139282227
9000000.00034297,-67.3065338134766
9000000.00034297,-67.1929321289063
9000000.00034298,-67.0905990600586
9000000.00034298,-67.0007247924805
9000000.00034299,-66.9245147705078
9000000.00034299,-66.863151550293
9000000.000343,-66.8138046264648
9000000.000343,-66.7653656005859
9000000.00034301,-66.7197723388672
9000000.00034301,-66.6800155639648
9000000.00034302,-66.6490783691406
9000000.00034302,-66.6299438476563
9000000.00034303,-66.6255874633789
9000000.00034303,-66.6389999389648
9000000.00034304,-66.6731567382813
9000000.00034304,-66.7310485839844
9000000.00034305,-66.8156585693359
9000000.00034305,-66.9299621582031
9000000.00034306,-67.0769500732422
9000000.00034306,-67.2590179443359
9000000.00034307,-67.4705200195313
9000000.00034308,-67.7086791992188
9000000.00034308,-67.9727783203125
9000000.00034308,-68.262077331543
9000000.00034309,-68.5758514404297
9000000.00034309,-68.9133758544922
9000000.0003431,-69.2739181518555
9000000.0003431,-69.6567535400391
9000000.00034311,-70.061149597168
9000000.00034311,-70.4863739013672
9000000.00034312,-70.9317092895508
9000000.00034312,-71.3964233398438
9000000.00034313,-71.8797836303711
9000000.00034313,-72.4334335327148
9000000.00034314,-73.0930633544922
9000000.00034314,-73.8340606689453
9000000.00034315,-74.6317825317383
9000000.00034316,-75.4616088867188
9000000.00034316,-76.2989120483398
9000000.00034316,-77.1190643310547
9000000.00034317,-77.8974380493164
9000000.00034317,-78.6093978881836
9000000.00034318,-79.2303314208984
9000000.00034318,-79.735595703125
9000000.00034319,-80.1005706787109
9000000.00034319,-80.3006286621094
9000000.0003432,-80.316535949707
9000000.0003432,-80.1625442504883
9000000.00034321,-79.8606033325195
9000000.00034321,-79.4321975708008
9000000.00034322,-78.898796081543
9000000.00034322,-78.2818603515625
9000000.00034323,-77.6028747558594
9000000.00034323,-76.88330078125
9000000.00034324,-76.1446151733398
9000000.00034324,-75.4082794189453
9000000.00034325,-74.6957778930664
9000000.00034325,-74.028564453125
9000000.00034326,-73.4281234741211
9000000.00034327,-72.9099502563477
9000000.00034327,-72.4121246337891
9000000.00034327,-71.914421081543
9000000.00034328,-71.4190979003906
9000000.00034328,-70.9283981323242
9000000.00034329,-70.4445724487305
9000000.00034329,-69.9698791503906
9000000.0003433,-69.5065612792969
9000000.0003433,-69.0568771362305
9000000.00034331,-68.6230697631836
9000000.00034331,-68.2073974609375
9000000.00034332,-67.8121032714844
9000000.00034332,-67.4394454956055
9000000.00034333,-67.0916748046875
9000000.00034333,-66.7637786865234
9000000.00034334,-66.4498672485352
9000000.00034335,-66.1508560180664
9000000.00034335,-65.8676528930664
9000000.00034335,-65.6011734008789
9000000.00034336,-65.3523330688477
9000000.00034336,-65.1220397949219
9000000.00034337,-64.9112243652344
9000000.00034337,-64.7207870483398
9000000.00034338,-64.5516510009766
9000000.00034338,-64.4047164916992
9000000.00034339,-64.2809143066406
9000000.00034339,-64.18115234375
9000000.0003434,-64.1052017211914
9000000.0003434,-64.049934387207
9000000.00034341,-64.0152816772461
9000000.00034341,-64.00146484375
9000000.00034342,-64.008674621582
9000000.00034342,-64.0371246337891
9000000.00034343,-64.087028503418
9000000.00034343,-64.1585845947266
9000000.00034344,-64.2519989013672
9000000.00034344,-64.3674926757813
9000000.00034345,-64.5052642822266
9000000.00034346,-64.6655197143555
9000000.00034346,-64.8484649658203
9000000.00034346,-65.0554656982422
9000000.00034347,-65.3001251220703
9000000.00034347,-65.5824432373047
9000000.00034348,-65.8974227905273
9000000.00034348,-66.2400665283203
9000000.00034349,-66.6053771972656
9000000.00034349,-66.9883651733398
9000000.0003435,-67.3840408325195
9000000.0003435,-67.7874069213867
9000000.00034351,-68.193473815918
9000000.00034351,-68.5972366333008
9000000.00034352,-68.9937057495117
9000000.00034352,-69.3778915405273
9000000.00034353,-69.7447967529297
9000000.00034354,-70.1209411621094
9000000.00034354,-70.5298156738281
9000000.00034354,-70.9619064331055
9000000.00034355,-71.4076766967773
9000000.00034355,-71.8576049804688
9000000.00034356,-72.3021545410156
9000000.00034356,-72.7318115234375
9000000.00034357,-73.1370468139648
9000000.00034357,-73.5083236694336
9000000.00034358,-73.8361282348633
9000000.00034358,-74.1109313964844
9000000.00034359,-74.3231964111328
9000000.00034359,-74.4634094238281
9000000.0003436,-74.5251770019531
9000000.0003436,-74.5169219970703
9000000.00034361,-74.4463043212891
9000000.00034361,-74.3204956054688
9000000.00034362,-74.1466903686523
9000000.00034362,-73.9320526123047
9000000.00034363,-73.6837768554688
9000000.00034363,-73.4090423583984
9000000.00034364,-73.1150283813477
9000000.00034365,-72.8089065551758
9000000.00034365,-72.4978713989258
9000000.00034365,-72.189094543457
9000000.00034366,-71.8897552490234
9000000.00034366,-71.6039581298828
9000000.00034367,-71.298210144043
9000000.00034367,-70.9655609130859
9000000.00034368,-70.6112976074219
9000000.00034368,-70.2406768798828
9000000.00034369,-69.8589630126953
9000000.00034369,-69.4714279174805
9000000.0003437,-69.0833358764648
9000000.0003437,-68.6999588012695
9000000.00034371,-68.3265533447266
9000000.00034371,-67.968391418457
9000000.00034372,-67.6307373046875
9000000.00034373,-67.3188629150391
9000000.00034373,-67.0380249023438
9000000.00034373,-66.7779006958008
9000000.00034374,-66.525634765625
9000000.00034374,-66.2826766967773
9000000.00034375,-66.0505065917969
9000000.00034375,-65.8305816650391
9000000.00034376,-65.624382019043
9000000.00034376,-65.4333572387695
9000000.00034377,-65.2589874267578
9000000.00034377,-65.1027374267578
9000000.00034378,-64.9660720825195
9000000.00034378,-64.850456237793
9000000.00034379,-64.7573623657227
9000000.00034379,-64.6882476806641
9000000.0003438,-64.6426239013672
9000000.0003438,-64.6150970458984
9000000.00034381,-64.6056671142578
9000000.00034381,-64.6148147583008
9000000.00034382,-64.6430206298828
9000000.00034382,-64.6907501220703
9000000.00034383,-64.7584838867188
9000000.00034384,-64.8466949462891
9000000.00034384,-64.9558563232422
9000000.00034384,-65.0864486694336
9000000.00034385,-65.2389450073242
9000000.00034385,-65.413818359375
9000000.00034386,-65.6115417480469
9000000.00034386,-65.8340911865234
9000000.00034387,-66.0991516113281
9000000.00034387,-66.4065322875977
9000000.00034388,-66.7495498657227
9000000.00034388,-67.1215286254883
9000000.00034389,-67.5157775878906
9000000.00034389,-67.9256210327148
9000000.0003439,-68.3443832397461
9000000.0003439,-68.765380859375
9000000.00034391,-69.1819305419922
9000000.00034392,-69.5873565673828
9000000.00034392,-69.9749755859375
9000000.00034392,-70.3381118774414
9000000.00034393,-70.6700820922852
9000000.00034393,-70.9946823120117
9000000.00034394,-71.33544921875
9000000.00034394,-71.6853256225586
9000000.00034395,-72.0372467041016
9000000.00034395,-72.384147644043
9000000.00034396,-72.7189712524414
9000000.00034396,-73.0346527099609
9000000.00034397,-73.3241271972656
9000000.00034397,-73.5803298950195
9000000.00034398,-73.7962112426758
9000000.00034398,-73.9646911621094
9000000.00034399,-74.0787200927734
9000000.00034399,-74.1312255859375
9000000.000344,-74.1142959594727
9000000.000344,-74.0253753662109
9000000.00034401,-73.872688293457
9000000.00034401,-73.6649475097656
9000000.00034402,-73.4108810424805
9000000.00034403,-73.1192016601563
9000000.00034403,-72.7986450195313
9000000.00034403,-72.4579086303711
9000000.00034404,-72.1057357788086
9000000.00034404,-71.7508392333984
9000000.00034405,-71.4019393920898
9000000.00034405,-71.0677642822266
9000000.00034406,-70.7570190429688
9000000.00034406,-70.4755172729492
9000000.00034407,-70.1922302246094
9000000.00034407,-69.8988800048828
9000000.00034408,-69.5984344482422
9000000.00034408,-69.2938919067383
9000000.00034409,-68.9882278442383
9000000.00034409,-68.6844329833984
9000000.0003441,-68.385498046875
9000000.00034411,-68.0943908691406
9000000.00034411,-67.8141098022461
9000000.00034411,-67.5476379394531
9000000.00034412,-67.2979507446289
9000000.00034412,-67.0680465698242
9000000.00034413,-66.8609085083008
9000000.00034413,-66.6710357666016
9000000.00034414,-66.4914016723633
9000000.00034414,-66.3226623535156
9000000.00034415,-66.1654510498047
9000000.00034415,-66.0204391479492
9000000.00034416,-65.8882598876953
9000000.00034416,-65.7695846557617
9000000.00034417,-65.6650543212891
9000000.00034417,-65.5753173828125
9000000.00034418,-65.5010375976563
9000000.00034418,-65.4428558349609
9000000.00034419,-65.4014358520508
9000000.00034419,-65.3774185180664
9000000.0003442,-65.3728866577148
9000000.0003442,-65.3917922973633
9000000.00034421,-65.4322967529297
9000000.00034422,-65.4921646118164
9000000.00034422,-65.5691528320313
9000000.00034422,-65.661018371582
9000000.00034423,-65.7655258178711
9000000.00034423,-65.8804397583008
9000000.00034424,-66.0035018920898
9000000.00034424,-66.1324844360352
9000000.00034425,-66.2651519775391
9000000.00034425,-66.3992462158203
9000000.00034426,-66.5325393676758
9000000.00034426,-66.664176940918
9000000.00034427,-66.8096618652344
9000000.00034427,-66.9712219238281
9000000.00034428,-67.1454315185547
9000000.00034428,-67.3288650512695
9000000.00034429,-67.5180969238281
9000000.0003443,-67.7097091674805
9000000.0003443,-67.9002685546875
9000000.0003443,-68.0863494873047
9000000.00034431,-68.2645416259766
9000000.00034431,-68.4314041137695
9000000.00034432,-68.5835189819336
9000000.00034432,-68.7174606323242
9000000.00034433,-68.8298034667969
9000000.00034433,-68.9255142211914
9000000.00034434,-69.0117950439453
9000000.00034434,-69.0885238647461
9000000.00034435,-69.1556091308594
9000000.00034435,-69.2129364013672
9000000.00034436,-69.2603988647461
9000000.00034436,-69.2979049682617
9000000.00034437,-69.3253326416016
9000000.00034437,-69.3425903320313
9000000.00034438,-69.3495635986328
9000000.00034438,-69.3461532592773
9000000.00034439,-69.3322525024414
9000000.00034439,-69.3077621459961
9000000.0003444,-69.2702941894531
9000000.00034441,-69.2136077880859
9000000.00034441,-69.1396255493164
9000000.00034441,-69.0508728027344
9000000.00034442,-68.9498748779297
9000000.00034442,-68.8391799926758
9000000.00034443,-68.721305847168
9000000.00034443,-68.5987854003906
9000000.00034444,-68.4741592407227
9000000.00034444,-68.3499603271484
9000000.00034445,-68.2287063598633
9000000.00034445,-68.1129379272461
9000000.00034446,-68.0051879882813
9000000.00034446,-67.9069290161133
9000000.00034447,-67.8067092895508
9000000.00034447,-67.7020950317383
9000000.00034448,-67.5948104858398
9000000.00034449,-67.4865875244141
9000000.00034449,-67.379150390625
9000000.00034449,-67.2742462158203
9000000.0003445,-67.173583984375
9000000.0003445,-67.0789108276367
9000000.00034451,-66.991943359375
9000000.00034451,-66.914421081543
9000000.00034452,-66.8480758666992
9000000.00034452,-66.7946243286133
9000000.00034453,-66.7558059692383
9000000.00034453,-66.7335891723633
9000000.00034454,-66.7273712158203
9000000.00034454,-66.7350158691406
9000000.00034455,-66.7544021606445
9000000.00034455,-66.7834091186523
9000000.00034456,-66.8199081420898
9000000.00034456,-66.8617782592773
9000000.00034457,-66.9068832397461
9000000.00034457,-66.9531097412109
9000000.00034458,-66.9983215332031
9000000.00034458,-67.040397644043
9000000.00034459,-67.0772247314453
9000000.00034459,-67.1066589355469
9000000.0003446,-67.1288070678711
9000000.0003446,-67.1497650146484
9000000.00034461,-67.1700134277344
9000000.00034461,-67.1895370483398
9000000.00034462,-67.2083053588867
9000000.00034462,-67.2262954711914
9000000.00034463,-67.2434844970703
9000000.00034463,-67.2598419189453
9000000.00034464,-67.2753524780273
9000000.00034464,-67.2899780273438
9000000.00034465,-67.3036956787109
9000000.00034465,-67.3164901733398
9000000.00034466,-67.3283233642578
9000000.00034466,-67.3388366699219
9000000.00034467,-67.3438873291016
9000000.00034468,-67.3434677124023
9000000.00034468,-67.3390350341797
9000000.00034468,-67.3320770263672
9000000.00034469,-67.3240661621094
9000000.00034469,-67.3164901733398
9000000.0003447,-67.3108215332031
9000000.0003447,-67.3085327148438
9000000.00034471,-67.3111114501953
9000000.00034471,-67.3200302124023
9000000.00034472,-67.3367691040039
9000000.00034472,-67.3628005981445
9000000.00034473,-67.3996124267578
9000000.00034473,-67.4502258300781
9000000.00034474,-67.515022277832
9000000.00034474,-67.5915451049805
9000000.00034475,-67.6773147583008
9000000.00034476,-67.7698669433594
9000000.00034476,-67.8667373657227
9000000.00034476,-67.965446472168
9000000.00034477,-68.0635223388672
9000000.00034477,-68.1585083007813
9000000.00034478,-68.247932434082
9000000.00034478,-68.3293151855469
9000000.00034479,-68.4001922607422
9000000.00034479,-68.4580993652344
9000000.0003448,-68.5042343139648
9000000.0003448,-68.5486755371094
9000000.00034481,-68.5911254882813
9000000.00034481,-68.6304016113281
9000000.00034482,-68.6653060913086
9000000.00034482,-68.6946563720703
9000000.00034483,-68.7172622680664
9000000.00034483,-68.73193359375
9000000.00034484,-68.7374877929688
9000000.00034484,-68.7327270507813
9000000.00034485,-68.7164688110352
9000000.00034485,-68.6875228881836
9000000.00034486,-68.6446990966797
9000000.00034487,-68.58642578125
9000000.00034487,-68.5077896118164
9000000.00034487,-68.409797668457
9000000.00034488,-68.2952651977539
9000000.00034488,-68.1670227050781
9000000.00034489,-68.0278930664063
9000000.00034489,-67.8806991577148
9000000.0003449,-67.7282638549805
9000000.0003449,-67.5734100341797
9000000.00034491,-67.4189529418945
9000000.00034491,-67.2677307128906
9000000.00034492,-67.1225509643555
9000000.00034492,-66.9862518310547
9000000.00034493,-66.8616409301758
9000000.00034493,-66.7404098510742
9000000.00034494,-66.6137847900391
9000000.00034495,-66.4838943481445
9000000.00034495,-66.3528900146484
9000000.00034495,-66.2229080200195
9000000.00034496,-66.0960845947266
9000000.00034496,-65.9745635986328
9000000.00034497,-65.860481262207
9000000.00034497,-65.755973815918
9000000.00034498,-65.6631851196289
9000000.00034498,-65.5842590332031
9000000.00034499,-65.5213241577148
9000000.00034499,-65.4765319824219
9000000.000345,-65.4486236572266
9000000.000345,-65.4283447265625
9000000.00034501,-65.4160995483398
9000000.00034501,-65.4131317138672
9000000.00034502,-65.4206848144531
9000000.00034502,-65.4399871826172
9000000.00034503,-65.4722900390625
9000000.00034503,-65.5188217163086
9000000.00034504,-65.5808334350586
9000000.00034504,-65.6595611572266
9000000.00034505,-65.7562408447266
9000000.00034506,-65.8721160888672
9000000.00034506,-66.008430480957
9000000.00034506,-66.1637191772461
9000000.00034507,-66.3067626953125
9000000.00034507,-66.4360275268555
9000000.00034508,-66.5614013671875
9000000.00034508,-66.6927795410156
9000000.00034509,-66.8400421142578
9000000.00034509,-67.0130920410156
9000000.0003451,-67.2218170166016
9000000.0003451,-67.4761047363281
9000000.00034511,-67.7858428955078
9000000.00034511,-68.1609268188477
9000000.00034512,-68.6112365722656
9000000.00034512,-69.1466827392578
9000000.00034513,-69.7771301269531
9000000.00034514,-70.5770874023438
9000000.00034514,-71.5858306884766
9000000.00034514,-72.7604370117188
9000000.00034515,-74.0579833984375
9000000.00034515,-75.4355545043945
9000000.00034516,-76.850227355957
9000000.00034516,-78.2590866088867
9000000.00034517,-79.6192092895508
9000000.00034517,-80.8876724243164
9000000.00034518,-82.0215606689453
9000000.00034518,-82.9779510498047
9000000.00034519,-83.7139205932617
9000000.00034519,-84.1865615844727
9000000.0003452,-84.3659744262695
9000000.0003452,-84.2870407104492
9000000.00034521,-83.9851226806641
9000000.00034521,-83.493782043457
9000000.00034522,-82.8465423583984
9000000.00034522,-82.0769424438477
9000000.00034523,-81.2185363769531
9000000.00034523,-80.3048477172852
9000000.00034524,-79.3694229125977
9000000.00034525,-78.44580078125
9000000.00034525,-77.5675277709961
9000000.00034525,-76.7681274414063
9000000.00034526,-76.0811538696289
9000000.00034526,-75.5315780639648
9000000.00034527,-75.0317611694336
9000000.00034527,-74.5502166748047
9000000.00034528,-74.087272644043
9000000.00034528,-73.6432342529297
9000000.00034529,-73.2184143066406
9000000.00034529,-72.8131256103516
9000000.0003453,-72.4276962280273
9000000.0003453,-72.0624237060547
9000000.00034531,-71.7176361083984
9000000.00034531,-71.3936386108398
9000000.00034532,-71.0907516479492
9000000.00034533,-70.8092803955078
9000000.00034533,-70.5495529174805
9000000.00034533,-70.3195419311523
9000000.00034534,-70.1242980957031
9000000.00034534,-69.9597320556641
9000000.00034535,-69.8217239379883
9000000.00034535,-69.7061996459961
9000000.00034536,-69.6090545654297
9000000.00034536,-69.5261840820313
9000000.00034537,-69.453498840332
9000000.00034537,-69.3868942260742
9000000.00034538,-69.3222808837891
9000000.00034538,-69.2555618286133
9000000.00034539,-69.1826324462891
9000000.00034539,-69.0993957519531
9000000.0003454,-69.0043411254883
9000000.0003454,-68.9044494628906
9000000.00034541,-68.8020553588867
9000000.00034541,-68.6989288330078
9000000.00034542,-68.5968627929688
9000000.00034542,-68.4976348876953
9000000.00034543,-68.4030303955078
9000000.00034544,-68.3148345947266
9000000.00034544,-68.2348251342773
9000000.00034544,-68.1647796630859
9000000.00034545,-68.1064987182617
9000000.00034545,-68.0617523193359
9000000.00034546,-68.0323257446289
9000000.00034546,-68.0195083618164
9000000.00034547,-68.0181274414063
9000000.00034547,-68.0265045166016
9000000.00034548,-68.0448379516602
9000000.00034548,-68.0733184814453
9000000.00034549,-68.1121444702148
9000000.00034549,-68.1615142822266
9000000.0003455,-68.2216186523438
9000000.0003455,-68.2926635742188
9000000.00034551,-68.3748397827148
9000000.00034552,-68.4683380126953
9000000.00034552,-68.5733642578125
9000000.00034552,-68.6901168823242
9000000.00034553,-68.8187789916992
9000000.00034553,-68.974479675293
9000000.00034554,-69.1672134399414
9000000.00034554,-69.3894882202148
9000000.00034555,-69.6338272094727
9000000.00034555,-69.8927383422852
9000000.00034556,-70.1587219238281
9000000.00034556,-70.4243011474609
9000000.00034557,-70.6819839477539
9000000.00034557,-70.9242782592773
9000000.00034558,-71.1436996459961
9000000.00034558,-71.3327560424805
9000000.00034559,-71.4839553833008
9000000.00034559,-71.5898208618164
9000000.0003456,-71.6493301391602
9000000.0003456,-71.6801605224609
9000000.00034561,-71.6851196289063
9000000.00034561,-71.6656036376953
9000000.00034562,-71.6229705810547
9000000.00034563,-71.5586013793945
9000000.00034563,-71.4738693237305
9000000.00034563,-71.3701477050781
9000000.00034564,-71.2488174438477
9000000.00034564,-71.1112365722656
9000000.00034565,-70.9587860107422
9000000.00034565,-70.7928466796875
9000000.00034566,-70.6147842407227
9000000.00034566,-70.4242095947266
9000000.00034567,-70.2008743286133
9000000.00034567,-69.9432754516602
9000000.00034568,-69.6573028564453
9000000.00034568,-69.3488464355469
9000000.00034569,-69.0238037109375
9000000.00034569,-68.6880493164063
9000000.0003457,-68.3474960327148
9000000.00034571,-68.0080261230469
9000000.00034571,-67.6755294799805
9000000.00034571,-67.3558959960938
9000000.00034572,-67.0550231933594
9000000.00034572,-66.7788009643555
9000000.00034573,-66.5331268310547
9000000.00034573,-66.3051071166992
9000000.00034574,-66.079475402832
9000000.00034574,-65.8585052490234
9000000.00034575,-65.6444931030273
9000000.00034575,-65.4397048950195
9000000.00034576,-65.2464447021484
9000000.00034576,-65.0669784545898
9000000.00034577,-64.9035949707031
9000000.00034577,-64.7585754394531
9000000.00034578,-64.6342163085938
9000000.00034578,-64.5327835083008
9000000.00034579,-64.4565734863281
9000000.00034579,-64.4078674316406
9000000.0003458,-64.3838043212891
9000000.0003458,-64.3703155517578
9000000.00034581,-64.3690338134766
9000000.00034582,-64.3829193115234
9000000.00034582,-64.4149017333984
9000000.00034582,-64.4679489135742
9000000.00034583,-64.5449829101563
9000000.00034583,-64.6489639282227
9000000.00034584,-64.7828369140625
9000000.00034584,-64.9495391845703
9000000.00034585,-65.1520233154297
9000000.00034585,-65.3932342529297
9000000.00034586,-65.6761245727539
9000000.00034586,-66.0058670043945
9000000.00034587,-66.410041809082
9000000.00034587,-66.8863372802734
9000000.00034588,-67.4223403930664
9000000.00034588,-68.0056228637695
9000000.00034589,-68.623779296875
9000000.0003459,-69.2643890380859
9000000.0003459,-69.9150314331055
9000000.0003459,-70.5632934570313
9000000.00034591,-71.1967544555664
9000000.00034591,-71.8029937744141
9000000.00034592,-72.3695983886719
9000000.00034592,-72.884147644043
9000000.00034593,-73.334228515625
9000000.00034593,-73.7501373291016
9000000.00034594,-74.1662292480469
9000000.00034594,-74.5761489868164
9000000.00034595,-74.9735488891602
9000000.00034595,-75.3520660400391
9000000.00034596,-75.7053527832031
9000000.00034596,-76.0270614624023
9000000.00034597,-76.3108444213867
9000000.00034597,-76.5503387451172
9000000.00034598,-76.7391891479492
9000000.00034598,-76.8710632324219
9000000.00034599,-76.9395904541016
9000000.00034599,-76.9384231567383
9000000.000346,-76.8550567626953
9000000.00034601,-76.6723403930664
9000000.00034601,-76.4019546508789
9000000.00034601,-76.057487487793
9000000.00034602,-75.6525268554688
9000000.00034602,-75.2006530761719
9000000.00034603,-74.715446472168
9000000.00034603,-74.2105026245117
9000000.00034604,-73.6994094848633
9000000.00034604,-73.1957473754883
9000000.00034605,-72.7130966186523
9000000.00034605,-72.2650527954102
9000000.00034606,-71.8652038574219
9000000.00034606,-71.5235214233398
9000000.00034607,-71.2029418945313
9000000.00034607,-70.8907012939453
9000000.00034608,-70.5874710083008
9000000.00034609,-70.2939300537109
9000000.00034609,-70.0107727050781
9000000.00034609,-69.7386703491211
9000000.0003461,-69.4783020019531
9000000.0003461,-69.2303466796875
9000000.00034611,-68.9954986572266
9000000.00034611,-68.7744216918945
9000000.00034612,-68.5678100585938
9000000.00034612,-68.3763427734375
9000000.00034613,-68.2006912231445
9000000.00034613,-68.042594909668
9000000.00034614,-67.9024353027344
9000000.00034614,-67.778938293457
9000000.00034615,-67.670783996582
9000000.00034615,-67.5766906738281
9000000.00034616,-67.4953536987305
9000000.00034617,-67.4254684448242
9000000.00034617,-67.3657455444336
9000000.00034617,-67.3148803710938
9000000.00034618,-67.2715759277344
9000000.00034618,-67.2345352172852
9000000.00034619,-67.2024612426758
9000000.0003462,-67.1740493774414
9000000.0003462,-67.150032043457
9000000.0003462,-67.1359786987305
9000000.00034621,-67.1316528320313
9000000.00034621,-67.1363220214844
9000000.00034622,-67.1492614746094
9000000.00034622,-67.1697463989258
9000000.00034623,-67.1970443725586
9000000.00034623,-67.2304382324219
9000000.00034624,-67.2691879272461
9000000.00034624,-67.3125762939453
9000000.00034625,-67.3598709106445
9000000.00034625,-67.4103469848633
9000000.00034626,-67.4632797241211
9000000.00034626,-67.5186614990234
9000000.00034627,-67.5847930908203
9000000.00034628,-67.6624374389648
9000000.00034628,-67.7493438720703
9000000.00034628,-67.8432312011719
9000000.00034629,-67.9418411254883
9000000.00034629,-68.0429153442383
9000000.0003463,-68.1441879272461
9000000.0003463,-68.2433929443359
9000000.00034631,-68.338264465332
9000000.00034631,-68.4265441894531
9000000.00034632,-68.5059585571289
9000000.00034632,-68.5742568969727
9000000.00034633,-68.6291656494141
9000000.00034633,-68.6773147583008
9000000.00034634,-68.7257308959961
9000000.00034634,-68.7726974487305
9000000.00034635,-68.816535949707
9000000.00034636,-68.8555297851563
9000000.00034636,-68.8880004882813
9000000.00034636,-68.912239074707
9000000.00034637,-68.9265441894531
9000000.00034637,-68.9292297363281
9000000.00034638,-68.9185943603516
9000000.00034638,-68.892936706543
9000000.00034639,-68.8505630493164
9000000.00034639,-68.7897720336914
9000000.0003464,-68.7085571289063
9000000.0003464,-68.6059951782227
9000000.00034641,-68.4841461181641
9000000.00034641,-68.3452301025391
9000000.00034642,-68.1914596557617
9000000.00034642,-68.0250396728516
9000000.00034643,-67.8481979370117
9000000.00034643,-67.6631469726563
9000000.00034644,-67.4720840454102
9000000.00034644,-67.2772445678711
9000000.00034645,-67.0808258056641
9000000.00034645,-66.8850555419922
9000000.00034646,-66.6921310424805
9000000.00034647,-66.503059387207
9000000.00034647,-66.3043518066406
9000000.00034647,-66.0938339233398
9000000.00034648,-65.8742446899414
9000000.00034648,-65.648323059082
9000000.00034649,-65.4187927246094
9000000.00034649,-65.1884078979492
9000000.0003465,-64.9598999023438
9000000.0003465,-64.7360000610352
9000000.00034651,-64.5194549560547
9000000.00034651,-64.3129959106445
9000000.00034652,-64.1193618774414
9000000.00034652,-63.941291809082
9000000.00034653,-63.7815208435059
9000000.00034653,-63.6332740783691
9000000.00034654,-63.4889144897461
9000000.00034655,-63.3498916625977
9000000.00034655,-63.2176475524902
9000000.00034655,-63.0936279296875
9000000.00034656,-62.9792900085449
9000000.00034656,-62.8760719299316
9000000.00034657,-62.7854232788086
9000000.00034657,-62.7087936401367
9000000.00034658,-62.6476287841797
9000000.00034658,-62.6033782958984
9000000.00034659,-62.5774841308594
9000000.00034659,-62.5713958740234
9000000.0003466,-62.5840682983398
9000000.0003466,-62.608642578125
9000000.00034661,-62.6455688476563
9000000.00034661,-62.6959075927734
9000000.00034662,-62.7607269287109
9000000.00034662,-62.8410835266113
9000000.00034663,-62.938045501709
9000000.00034663,-63.0526733398438
9000000.00034664,-63.1860313415527
9000000.00034664,-63.3391799926758
9000000.00034665,-63.5131874084473
9000000.00034666,-63.709114074707
9000000.00034666,-63.9280242919922
9000000.00034666,-64.1717300415039
9000000.00034667,-64.4495391845703
9000000.00034667,-64.760612487793
9000000.00034668,-65.1006851196289
9000000.00034668,-65.4655151367188
9000000.00034669,-65.8508529663086
9000000.00034669,-66.2524337768555
9000000.0003467,-66.6660079956055
9000000.0003467,-67.0873336791992
9000000.00034671,-67.5121459960938
9000000.00034671,-67.9361953735352
9000000.00034672,-68.3552322387695
9000000.00034672,-68.765007019043
9000000.00034673,-69.1612548828125
9000000.00034674,-69.5762939453125
9000000.00034674,-70.0366897583008
9000000.00034674,-70.5296020507813
9000000.00034675,-71.0421981811523
9000000.00034675,-71.5616302490234
9000000.00034676,-72.0750503540039
9000000.00034676,-72.5696258544922
9000000.00034677,-73.0325164794922
9000000.00034677,-73.4508743286133
9000000.00034678,-73.8118515014648
9000000.00034678,-74.1026229858398
9000000.00034679,-74.3103408813477
9000000.00034679,-74.4221572875977
9000000.0003468,-74.4263687133789
9000000.0003468,-74.325798034668
9000000.00034681,-74.1332168579102
9000000.00034681,-73.8616256713867
9000000.00034682,-73.5239868164063
9000000.00034682,-73.1332855224609
9000000.00034683,-72.7024993896484
9000000.00034683,-72.2446212768555
9000000.00034684,-71.7726211547852
9000000.00034685,-71.2994766235352
9000000.00034685,-70.8381729125977
9000000.00034685,-70.4016952514648
9000000.00034686,-70.0030136108398
9000000.00034686,-69.6511535644531
9000000.00034687,-69.3046035766602
9000000.00034687,-68.9510803222656
9000000.00034688,-68.5933837890625
9000000.00034688,-68.2343215942383
9000000.00034689,-67.8766860961914
9000000.00034689,-67.5232925415039
9000000.0003469,-67.1769332885742
9000000.0003469,-66.8404159545898
9000000.00034691,-66.5165405273438
9000000.00034691,-66.2081146240234
9000000.00034692,-65.9179306030273
9000000.00034693,-65.6488037109375
9000000.00034693,-65.4035263061523
9000000.00034693,-65.1769790649414
9000000.00034694,-64.9625549316406
9000000.00034694,-64.760871887207
9000000.00034695,-64.5725173950195
9000000.00034695,-64.3980941772461
9000000.00034696,-64.2382049560547
9000000.00034696,-64.0934524536133
9000000.00034697,-63.9644393920898
9000000.00034697,-63.8517570495605
9000000.00034698,-63.7560157775879
9000000.00034698,-63.6778144836426
9000000.00034699,-63.617748260498
9000000.00034699,-63.5764274597168
9000000.000347,-63.5542907714844
9000000.000347,-63.5509452819824
9000000.00034701,-63.565860748291
9000000.00034701,-63.5985450744629
9000000.00034702,-63.6484870910645
9000000.00034702,-63.7151908874512
9000000.00034703,-63.7981491088867
9000000.00034704,-63.8968620300293
9000000.00034704,-64.0108337402344
9000000.00034704,-64.1395492553711
9000000.00034705,-64.2825164794922
9000000.00034705,-64.4392242431641
9000000.00034706,-64.6091766357422
9000000.00034706,-64.7927856445313
9000000.00034707,-65.000617980957
9000000.00034707,-65.233268737793
9000000.00034708,-65.4874649047852
9000000.00034708,-65.7599334716797
9000000.00034709,-66.0474014282227
9000000.00034709,-66.3466033935547
9000000.0003471,-66.6542587280273
9000000.0003471,-66.9671096801758
9000000.00034711,-67.2818756103516
9000000.00034712,-67.5952835083008
9000000.00034712,-67.9040679931641
9000000.00034712,-68.204948425293
9000000.00034713,-68.4946670532227
9000000.00034713,-68.7933044433594
9000000.00034714,-69.1180725097656
9000000.00034714,-69.46142578125
9000000.00034715,-69.815803527832
9000000.00034715,-70.1736297607422
9000000.00034716,-70.5273590087891
9000000.00034716,-70.8694305419922
9000000.00034717,-71.1922836303711
9000000.00034717,-71.4883499145508
9000000.00034718,-71.7500686645508
9000000.00034718,-71.9698944091797
9000000.00034719,-72.140251159668
9000000.00034719,-72.2535858154297
9000000.0003472,-72.3054046630859
9000000.0003472,-72.3039779663086
9000000.00034721,-72.2549209594727
9000000.00034721,-72.1633224487305
9000000.00034722,-72.0342559814453
9000000.00034723,-71.8728256225586
9000000.00034723,-71.6841125488281
9000000.00034723,-71.4731903076172
9000000.00034724,-71.2451629638672
9000000.00034724,-71.0051040649414
9000000.00034725,-70.7581024169922
9000000.00034725,-70.5092468261719
9000000.00034726,-70.2636260986328
9000000.00034726,-70.0237274169922
9000000.00034727,-69.7610702514648
9000000.00034727,-69.4706954956055
9000000.00034728,-69.1579971313477
9000000.00034728,-68.8283920288086
9000000.00034729,-68.4872817993164
9000000.00034729,-68.1400909423828
9000000.0003473,-67.7922210693359
9000000.00034731,-67.4490814208984
9000000.00034731,-67.116081237793
9000000.00034731,-66.7986297607422
9000000.00034732,-66.5021362304688
9000000.00034732,-66.2320175170898
9000000.00034733,-65.9936828613281
9000000.00034733,-65.7753067016602
9000000.00034734,-65.562873840332
9000000.00034734,-65.3584747314453
9000000.00034735,-65.1641998291016
9000000.00034735,-64.9821395874023
9000000.00034736,-64.8143920898438
9000000.00034736,-64.6630401611328
9000000.00034737,-64.5301818847656
9000000.00034737,-64.4179077148438
9000000.00034738,-64.3283081054688
9000000.00034738,-64.2634811401367
9000000.00034739,-64.2255096435547
9000000.00034739,-64.2164916992188
9000000.0003474,-64.2362670898438
9000000.0003474,-64.278694152832
9000000.00034741,-64.3433227539063
9000000.00034742,-64.4302520751953
9000000.00034742,-64.5395584106445
9000000.00034742,-64.6713256835938
9000000.00034743,-64.8256378173828
9000000.00034743,-65.0025787353516
9000000.00034744,-65.2022476196289
9000000.00034744,-65.4247055053711
9000000.00034745,-65.6700592041016
9000000.00034745,-65.9383773803711
9000000.00034746,-66.2297515869141
9000000.00034746,-66.5472106933594
9000000.00034747,-66.9254531860352
9000000.00034747,-67.3648681640625
9000000.00034748,-67.8531188964844
9000000.00034748,-68.3778915405273
9000000.00034749,-68.9268493652344
9000000.0003475,-69.4876708984375
9000000.0003475,-70.0480270385742
9000000.0003475,-70.5956039428711
9000000.00034751,-71.1180572509766
9000000.00034751,-71.6030807495117
9000000.00034752,-72.0383377075195
9000000.00034752,-72.411506652832
9000000.00034753,-72.7102661132813
9000000.00034753,-72.9425506591797
9000000.00034754,-73.1275024414063
9000000.00034754,-73.2695846557617
9000000.00034755,-73.3732681274414
9000000.00034755,-73.443000793457
9000000.00034756,-73.4832534790039
9000000.00034756,-73.4984893798828
9000000.00034757,-73.4931640625
9000000.00034758,-73.4717559814453
9000000.00034758,-73.4387130737305
9000000.00034758,-73.3985061645508
9000000.00034759,-73.355598449707
9000000.00034759,-73.3144454956055
9000000.0003476,-73.2740859985352
9000000.00034761,-73.2196502685547
9000000.00034761,-73.1507186889648
9000000.00034761,-73.0681304931641
9000000.00034762,-72.9727554321289
9000000.00034762,-72.8654479980469
9000000.00034763,-72.7470550537109
9000000.00034763,-72.6184463500977
9000000.00034764,-72.4804763793945
9000000.00034764,-72.3339920043945
9000000.00034765,-72.1798553466797
9000000.00034765,-72.018928527832
9000000.00034766,-71.8520660400391
9000000.00034766,-71.6792297363281
9000000.00034767,-71.4903030395508
9000000.00034767,-71.2843933105469
9000000.00034768,-71.0642700195313
9000000.00034769,-70.8327331542969
9000000.00034769,-70.5925750732422
9000000.00034769,-70.3465728759766
9000000.0003477,-70.0975189208984
9000000.0003477,-69.8482055664063
9000000.00034771,-69.6014175415039
9000000.00034771,-69.3599472045898
9000000.00034772,-69.126579284668
9000000.00034772,-68.9040985107422
9000000.00034773,-68.6953048706055
9000000.00034773,-68.4913864135742
9000000.00034774,-68.2832565307617
9000000.00034774,-68.0733413696289
9000000.00034775,-67.8640213012695
9000000.00034775,-67.65771484375
9000000.00034776,-67.4568252563477
9000000.00034777,-67.2637405395508
9000000.00034777,-67.0808715820313
9000000.00034777,-66.9106292724609
9000000.00034778,-66.7554016113281
9000000.00034778,-66.6175994873047
9000000.00034779,-66.499626159668
9000000.0003478,-66.4038772583008
9000000.0003478,-66.330810546875
9000000.0003478,-66.2751159667969
9000000.00034781,-66.2357788085938
9000000.00034781,-66.2122268676758
9000000.00034782,-66.2038726806641
9000000.00034782,-66.2101440429688
9000000.00034783,-66.23046875
9000000.00034783,-66.2642593383789
9000000.00034784,-66.3109436035156
9000000.00034784,-66.3699493408203
9000000.00034785,-66.4406890869141
9000000.00034785,-66.5225830078125
9000000.00034786,-66.6150665283203
9000000.00034786,-66.7185134887695
9000000.00034787,-66.8439865112305
9000000.00034788,-66.9921646118164
9000000.00034788,-67.1596603393555
9000000.00034788,-67.3430938720703
9000000.00034789,-67.5390853881836
9000000.00034789,-67.744270324707
9000000.0003479,-67.9552536010742
9000000.0003479,-68.1686706542969
9000000.00034791,-68.3811340332031
9000000.00034791,-68.5892639160156
9000000.00034792,-68.7896881103516
9000000.00034792,-68.9790344238281
9000000.00034793,-69.1539077758789
9000000.00034793,-69.3240051269531
9000000.00034794,-69.4996490478516
9000000.00034794,-69.6784133911133
9000000.00034795,-69.8578491210938
9000000.00034796,-70.0355453491211
9000000.00034796,-70.2090606689453
9000000.00034796,-70.3759689331055
9000000.00034797,-70.5338363647461
9000000.00034797,-70.6802368164063
9000000.00034798,-70.8127365112305
9000000.00034799,-70.9289016723633
9000000.00034799,-71.0263061523438
9000000.00034799,-71.1025238037109
9000000.000348,-71.1559829711914
9000000.000348,-71.1890029907227
9000000.00034801,-71.203483581543
9000000.00034801,-71.2011871337891
9000000.00034802,-71.1838989257813
9000000.00034802,-71.1533660888672
9000000.00034803,-71.1113662719727
9000000.00034803,-71.0596618652344
9000000.00034804,-71.0000152587891
9000000.00034804,-70.934196472168
9000000.00034805,-70.8639755249023
9000000.00034805,-70.7911148071289
9000000.00034806,-70.7173767089844
9000000.00034807,-70.6436767578125
9000000.00034807,-70.5605010986328
9000000.00034807,-70.4661407470703
9000000.00034808,-70.3623352050781
9000000.00034808,-70.2508087158203
9000000.00034809,-70.1333160400391
9000000.00034809,-70.011589050293
9000000.0003481,-69.8873672485352
9000000.0003481,-69.7623901367188
9000000.00034811,-69.6383895874023
9000000.00034811,-69.5171127319336
9000000.00034812,-69.4002914428711
9000000.00034812,-69.289665222168
9000000.00034813,-69.1869812011719
9000000.00034813,-69.088249206543
9000000.00034814,-68.9888381958008
9000000.00034815,-68.8895263671875
9000000.00034815,-68.7910537719727
9000000.00034815,-68.6941909790039
9000000.00034816,-68.5997009277344
9000000.00034816,-68.5083389282227
9000000.00034817,-68.4208679199219
9000000.00034817,-68.3380508422852
9000000.00034818,-68.2606506347656
9000000.00034818,-68.1894226074219
9000000.00034819,-68.1251220703125
9000000.00034819,-68.0685272216797
9000000.0003482,-68.0175247192383
9000000.0003482,-67.9642562866211
9000000.00034821,-67.9101867675781
9000000.00034821,-67.8575134277344
9000000.00034822,-67.8084564208984
9000000.00034822,-67.7652206420898
9000000.00034823,-67.7300109863281
9000000.00034823,-67.7050399780273
9000000.00034824,-67.6925048828125
9000000.00034824,-67.6946182250977
9000000.00034825,-67.7135848999023
9000000.00034826,-67.7516174316406
9000000.00034826,-67.810920715332
9000000.00034826,-67.8921203613281
9000000.00034827,-67.9775924682617
9000000.00034827,-68.0650939941406
9000000.00034828,-68.1588516235352
9000000.00034828,-68.2630615234375
9000000.00034829,-68.3819427490234
9000000.00034829,-68.5197067260742
9000000.0003483,-68.6805648803711
9000000.0003483,-68.8687286376953
9000000.00034831,-69.0884094238281
9000000.00034831,-69.3438262939453
9000000.00034832,-69.6391754150391
9000000.00034832,-69.9786834716797
9000000.00034833,-70.3665542602539
9000000.00034834,-70.8419189453125
9000000.00034834,-71.426513671875
9000000.00034834,-72.0984497070313
9000000.00034835,-72.8358535766602
9000000.00034835,-73.6168441772461
9000000.00034836,-74.4195327758789
9000000.00034836,-75.222038269043
9000000.00034837,-76.0024871826172
9000000.00034837,-76.7389907836914
9000000.00034838,-77.4096603393555
9000000.00034838,-77.9926300048828
9000000.00034839,-78.4660034179688
9000000.00034839,-78.8079071044922
9000000.0003484,-79.008918762207
9000000.0003484,-79.1028442382813
9000000.00034841,-79.1030960083008
9000000.00034841,-79.0205688476563
9000000.00034842,-78.8661727905273
9000000.00034842,-78.6507949829102
9000000.00034843,-78.3853530883789
9000000.00034843,-78.0807418823242
9000000.00034844,-77.7478561401367
9000000.00034845,-77.3976058959961
9000000.00034845,-77.0408935546875
9000000.00034845,-76.6886138916016
9000000.00034846,-76.3516693115234
9000000.00034846,-76.0366058349609
9000000.00034847,-75.6963653564453
9000000.00034847,-75.3204727172852
9000000.00034848,-74.9155807495117
9000000.00034848,-74.4883499145508
9000000.00034849,-74.0454330444336
9000000.00034849,-73.5934906005859
9000000.0003485,-73.1391754150391
9000000.0003485,-72.6891479492188
9000000.00034851,-72.2500534057617
9000000.00034851,-71.8285598754883
9000000.00034852,-71.4313201904297
9000000.00034853,-71.0649871826172
9000000.00034853,-70.7362289428711
9000000.00034853,-70.4361114501953
9000000.00034854,-70.1511764526367
9000000.00034854,-69.8812713623047
9000000.00034855,-69.6262359619141
9000000.00034855,-69.3859100341797
9000000.00034856,-69.1601333618164
9000000.00034856,-68.9487533569336
9000000.00034857,-68.751594543457
9000000.00034857,-68.5685195922852
9000000.00034858,-68.3993530273438
9000000.00034858,-68.2439422607422
9000000.00034859,-68.1021270751953
9000000.00034859,-67.973747253418
9000000.0003486,-67.8570709228516
9000000.0003486,-67.7477340698242
9000000.00034861,-67.6471786499023
9000000.00034861,-67.557243347168
9000000.00034862,-67.4797973632813
9000000.00034862,-67.4167022705078
9000000.00034863,-67.3698043823242
9000000.00034864,-67.3409652709961
9000000.00034864,-67.3320465087891
9000000.00034864,-67.3448944091797
9000000.00034865,-67.3813781738281
9000000.00034865,-67.443359375
9000000.00034866,-67.5326766967773
9000000.00034866,-67.6513595581055
9000000.00034867,-67.8019409179688
9000000.00034867,-67.982780456543
9000000.00034868,-68.191276550293
9000000.00034868,-68.4248504638672
9000000.00034869,-68.6808929443359
9000000.00034869,-68.9568176269531
9000000.0003487,-69.2500305175781
9000000.0003487,-69.5579452514648
9000000.00034871,-69.8779525756836
9000000.00034872,-70.2074737548828
9000000.00034872,-70.5439147949219
9000000.00034872,-70.8846740722656
9000000.00034873,-71.227165222168
9000000.00034873,-71.5988616943359
9000000.00034874,-72.0212326049805
9000000.00034874,-72.482666015625
9000000.00034875,-72.9715423583984
9000000.00034875,-73.4762420654297
9000000.00034876,-73.9851455688477
9000000.00034876,-74.4866409301758
9000000.00034877,-74.9691162109375
9000000.00034877,-75.4209442138672
9000000.00034878,-75.8305130004883
9000000.00034878,-76.1862106323242
9000000.00034879,-76.4764099121094
9000000.00034879,-76.6895065307617
9000000.0003488,-76.8216171264648
9000000.0003488,-76.8937835693359
9000000.00034881,-76.9122467041016
9000000.00034881,-76.8815765380859
9000000.00034882,-76.8063735961914
9000000.00034883,-76.6912231445313
9000000.00034883,-76.5407104492188
9000000.00034883,-76.3594207763672
9000000.00034884,-76.1519546508789
9000000.00034884,-75.9228973388672
9000000.00034885,-75.6768264770508
9000000.00034885,-75.418342590332
9000000.00034886,-75.1520233154297
9000000.00034886,-74.8795928955078
9000000.00034887,-74.5689163208008
9000000.00034887,-74.2154388427734
9000000.00034888,-73.826301574707
9000000.00034888,-73.4086456298828
9000000.00034889,-72.9696273803711
9000000.00034889,-72.5163803100586
9000000.0003489,-72.0560607910156
9000000.00034891,-71.5958023071289
9000000.00034891,-71.1427612304688
9000000.00034891,-70.7040786743164
9000000.00034892,-70.2868957519531
9000000.00034892,-69.8983688354492
9000000.00034893,-69.5456314086914
9000000.00034893,-69.2147674560547
9000000.00034894,-68.8883895874023
9000000.00034894,-68.5684432983398
9000000.00034895,-68.2568740844727
9000000.00034895,-67.9556198120117
9000000.00034896,-67.666633605957
9000000.00034896,-67.391845703125
9000000.00034897,-67.1332168579102
9000000.00034897,-66.8926773071289
9000000.00034898,-66.6721725463867
9000000.00034898,-66.4736557006836
9000000.00034899,-66.299072265625
9000000.00034899,-66.1503524780273
9000000.000349,-66.0279922485352
9000000.000349,-65.9280548095703
9000000.00034901,-65.8496246337891
9000000.00034902,-65.7920837402344
9000000.00034902,-65.7548294067383
9000000.00034902,-65.7372741699219
9000000.00034903,-65.7387924194336
9000000.00034903,-65.7588043212891
9000000.00034904,-65.7966842651367
9000000.00034904,-65.8518371582031
9000000.00034905,-65.9236679077148
9000000.00034905,-66.0115585327148
9000000.00034906,-66.1149139404297
9000000.00034906,-66.2329330444336
9000000.00034907,-66.3630065917969
9000000.00034907,-66.5056457519531
9000000.00034908,-66.6623306274414
9000000.00034908,-66.8345184326172
9000000.00034909,-67.023681640625
9000000.0003491,-67.2312927246094
9000000.0003491,-67.4588241577148
9000000.0003491,-67.7077331542969
9000000.00034911,-67.9794921875
9000000.00034911,-68.2755661010742
9000000.00034912,-68.5974349975586
9000000.00034912,-68.9465637207031
9000000.00034913,-69.3244094848633
9000000.00034913,-69.7615661621094
9000000.00034914,-70.2770309448242
9000000.00034914,-70.8549423217773
9000000.00034915,-71.4794464111328
9000000.00034915,-72.1346664428711
9000000.00034916,-72.8047332763672
9000000.00034916,-73.4737930297852
9000000.00034917,-74.1259765625
9000000.00034918,-74.7454147338867
9000000.00034918,-75.3162384033203
9000000.00034918,-75.8225936889648
9000000.00034919,-76.2486038208008
9000000.00034919,-76.5784072875977
9000000.0003492,-76.8077697753906
9000000.00034921,-76.9683151245117
9000000.00034921,-77.0677185058594
9000000.00034921,-77.1111221313477
9000000.00034922,-77.1036758422852
9000000.00034922,-77.0505218505859
9000000.00034923,-76.9568176269531
9000000.00034923,-76.8277053833008
9000000.00034924,-76.6683349609375
9000000.00034924,-76.4838485717773
9000000.00034925,-76.2793960571289
9000000.00034925,-76.0601272583008
9000000.00034926,-75.8311920166016
9000000.00034926,-75.5942993164063
9000000.00034927,-75.3111038208008
9000000.00034927,-74.976448059082
9000000.00034928,-74.5991668701172
9000000.00034929,-74.188102722168
9000000.00034929,-73.752082824707
9000000.00034929,-73.2999496459961
9000000.0003493,-72.8405380249023
9000000.0003493,-72.3826904296875
9000000.00034931,-71.9352340698242
9000000.00034931,-71.5070037841797
9000000.00034932,-71.1068496704102
9000000.00034932,-70.7435913085938
9000000.00034933,-70.4260787963867
9000000.00034933,-70.1419448852539
9000000.00034934,-69.8729629516602
9000000.00034934,-69.6191711425781
9000000.00034935,-69.3806228637695
9000000.00034935,-69.1573486328125
9000000.00034936,-68.9494171142578
9000000.00034937,-68.7568511962891
9000000.00034937,-68.579704284668
9000000.00034937,-68.4180221557617
9000000.00034938,-68.271842956543
9000000.00034938,-68.1412200927734
9000000.00034939,-68.0261993408203
9000000.0003494,-67.9268112182617
9000000.0003494,-67.844612121582
9000000.0003494,-67.7837524414063
9000000.00034941,-67.7429885864258
9000000.00034941,-67.7206573486328
9000000.00034942,-67.7151184082031
9000000.00034942,-67.7247085571289
9000000.00034943,-67.7477874755859
9000000.00034943,-67.7826995849609
9000000.00034944,-67.8277893066406
9000000.00034944,-67.8814010620117
9000000.00034945,-67.94189453125
9000000.00034945,-68.0076141357422
9000000.00034946,-68.076904296875
9000000.00034946,-68.1493911743164
9000000.00034947,-68.2395477294922
9000000.00034948,-68.3490447998047
9000000.00034948,-68.4742889404297
9000000.00034948,-68.6116943359375
9000000.00034949,-68.7576599121094
9000000.00034949,-68.9085845947266
9000000.0003495,-69.0608825683594
9000000.0003495,-69.2109603881836
9000000.00034951,-69.3552093505859
9000000.00034951,-69.4900512695313
9000000.00034952,-69.6118774414063
9000000.00034952,-69.7171020507813
9000000.00034953,-69.8021240234375
9000000.00034953,-69.8739166259766
9000000.00034954,-69.9412155151367
9000000.00034954,-70.0030517578125
9000000.00034955,-70.0584564208984
9000000.00034956,-70.1064834594727
9000000.00034956,-70.1461486816406
9000000.00034956,-70.1764984130859
9000000.00034957,-70.1965713500977
9000000.00034957,-70.2053985595703
9000000.00034958,-70.202018737793
9000000.00034959,-70.1854705810547
9000000.00034959,-70.15478515625
9000000.00034959,-70.109001159668
9000000.0003496,-70.0461502075195
9000000.0003496,-69.9634323120117
9000000.00034961,-69.8626861572266
9000000.00034961,-69.7460403442383
9000000.00034962,-69.6156311035156
9000000.00034962,-69.4735946655273
9000000.00034963,-69.3220672607422
9000000.00034963,-69.1631927490234
9000000.00034964,-68.9990997314453
9000000.00034964,-68.8319320678711
9000000.00034965,-68.663818359375
9000000.00034965,-68.4968948364258
9000000.00034966,-68.3333053588867
9000000.00034967,-68.1739883422852
9000000.00034967,-68.0057067871094
9000000.00034967,-67.8263549804688
9000000.00034968,-67.6386566162109
9000000.00034968,-67.4453353881836
9000000.00034969,-67.2490997314453
9000000.00034969,-67.0526809692383
9000000.0003497,-66.8587951660156
9000000.0003497,-66.670166015625
9000000.00034971,-66.4895172119141
9000000.00034971,-66.3195571899414
9000000.00034972,-66.1630172729492
9000000.00034972,-66.0226211547852
9000000.00034973,-65.9010772705078
9000000.00034973,-65.7916412353516
9000000.00034974,-65.6867065429688
9000000.00034975,-65.5877227783203
9000000.00034975,-65.4961395263672
9000000.00034975,-65.4133911132813
9000000.00034976,-65.3409423828125
9000000.00034976,-65.2802276611328
9000000.00034977,-65.2327041625977
9000000.00034978,-65.1998138427734
9000000.00034978,-65.1829986572266
9000000.00034978,-65.1837158203125
9000000.00034979,-65.2034072875977
9000000.00034979,-65.243522644043
9000000.0003498,-65.3054046630859
9000000.0003498,-65.388786315918
9000000.00034981,-65.4922256469727
9000000.00034981,-65.6142196655273
9000000.00034982,-65.7532958984375
9000000.00034982,-65.907958984375
9000000.00034983,-66.0767288208008
9000000.00034983,-66.2581100463867
9000000.00034984,-66.4506301879883
9000000.00034984,-66.6527862548828
9000000.00034985,-66.8631057739258
9000000.00034986,-67.0800933837891
9000000.00034986,-67.3022689819336
9000000.00034986,-67.5301055908203
9000000.00034987,-67.7862014770508
9000000.00034987,-68.0721740722656
9000000.00034988,-68.3814315795898
9000000.00034988,-68.7073516845703
9000000.00034989,-69.0433120727539
9000000.00034989,-69.3827133178711
9000000.0003499,-69.7189407348633
9000000.0003499,-70.0453720092773
9000000.00034991,-70.3553924560547
9000000.00034991,-70.6424026489258
9000000.00034992,-70.8997802734375
9000000.00034992,-71.1209106445313
9000000.00034993,-71.299186706543
9000000.00034994,-71.4387741088867
9000000.00034994,-71.5498809814453
9000000.00034994,-71.6349487304688
9000000.00034995,-71.6964111328125
9000000.00034995,-71.7367172241211
9000000.00034996,-71.7582931518555
9000000.00034996,-71.7635879516602
9000000.00034997,-71.7550354003906
9000000.00034997,-71.7350769042969
9000000.00034998,-71.7061462402344
9000000.00034998,-71.6706848144531
9000000.00034999,-71.6311416625977
9000000.00034999,-71.5899353027344
9000000.00035,-71.5458984375
9000000.00035,-71.4890823364258
9000000.00035001,-71.4197845458984
9000000.00035001,-71.3391647338867
9000000.00035002,-71.2483901977539
9000000.00035002,-71.1486434936523
9000000.00035003,-71.0410842895508
9000000.00035003,-70.926887512207
9000000.00035004,-70.8072128295898
9000000.00035005,-70.6832427978516
9000000.00035005,-70.5561294555664
9000000.00035005,-70.4270553588867
9000000.00035006,-70.2971878051758
9000000.00035006,-70.1667098999023
9000000.00035007,-70.0244445800781
9000000.00035007,-69.8691940307617
9000000.00035008,-69.7038345336914
9000000.00035008,-69.5312423706055
9000000.00035009,-69.3542785644531
9000000.00035009,-69.1758346557617
9000000.0003501,-68.9987716674805
9000000.0003501,-68.8259735107422
9000000.00035011,-68.6603088378906
9000000.00035011,-68.5046463012695
9000000.00035012,-68.3618698120117
9000000.00035013,-68.2348556518555
9000000.00035013,-68.12646484375
9000000.00035013,-68.0302276611328
9000000.00035014,-67.9385375976563
9000000.00035014,-67.8526153564453
9000000.00035015,-67.7736663818359
9000000.00035015,-67.7029190063477
9000000.00035016,-67.6415710449219
9000000.00035016,-67.5908432006836
9000000.00035017,-67.5519485473633
9000000.00035017,-67.5260925292969
9000000.00035018,-67.5144958496094
9000000.00035018,-67.5183639526367
9000000.00035019,-67.5389175415039
9000000.00035019,-67.5773696899414
9000000.0003502,-67.6310348510742
9000000.0003502,-67.689208984375
9000000.00035021,-67.7536926269531
9000000.00035021,-67.8273086547852
9000000.00035022,-67.9128646850586
9000000.00035022,-68.0131607055664
9000000.00035023,-68.1310119628906
9000000.00035024,-68.2692337036133
9000000.00035024,-68.4306335449219
9000000.00035024,-68.6180114746094
9000000.00035025,-68.8341903686523
9000000.00035025,-69.0819778442383
9000000.00035026,-69.3641815185547
9000000.00035026,-69.6862335205078
9000000.00035027,-70.0801315307617
9000000.00035027,-70.5437622070313
9000000.00035028,-71.0632553100586
9000000.00035028,-71.624755859375
9000000.00035029,-72.2144088745117
9000000.00035029,-72.818359375
9000000.0003503,-73.422737121582
9000000.0003503,-74.0136947631836
9000000.00035031,-74.5773620605469
9000000.00035032,-75.0998992919922
9000000.00035032,-75.5674285888672
9000000.00035032,-75.9661026000977
9000000.00035033,-76.2820587158203
9000000.00035033,-76.5340042114258
9000000.00035034,-76.7500762939453
9000000.00035034,-76.9305191040039
9000000.00035035,-77.0756072998047
9000000.00035035,-77.1856002807617
9000000.00035036,-77.2607498168945
9000000.00035036,-77.3013305664063
9000000.00035037,-77.3075942993164
9000000.00035037,-77.2798004150391
9000000.00035038,-77.2182235717773
9000000.00035038,-77.1231079101563
9000000.00035039,-76.9947280883789
9000000.00035039,-76.8333435058594
9000000.0003504,-76.6308212280273
9000000.0003504,-76.3640518188477
9000000.00035041,-76.0394287109375
9000000.00035041,-75.6656036376953
9000000.00035042,-75.2512283325195
9000000.00035043,-74.8049545288086
9000000.00035043,-74.3354415893555
9000000.00035043,-73.8513259887695
9000000.00035044,-73.3612670898438
9000000.00035044,-72.8739166259766
9000000.00035045,-72.3979263305664
9000000.00035045,-71.9419479370117
9000000.00035046,-71.5146331787109
9000000.00035046,-71.1219635009766
9000000.00035047,-70.7360076904297
9000000.00035047,-70.3485794067383
9000000.00035048,-69.9616394042969
9000000.00035048,-69.5771408081055
9000000.00035049,-69.1970596313477
9000000.00035049,-68.823356628418
9000000.0003505,-68.4579849243164
9000000.00035051,-68.1029205322266
9000000.00035051,-67.7601089477539
9000000.00035051,-67.431526184082
9000000.00035052,-67.1191329956055
9000000.00035052,-66.8248901367188
9000000.00035053,-66.5507659912109
9000000.00035053,-66.2926712036133
9000000.00035054,-66.0456848144531
9000000.00035054,-65.8104553222656
9000000.00035055,-65.5876312255859
9000000.00035055,-65.3778686523438
9000000.00035056,-65.1818237304688
9000000.00035056,-65.0001525878906
9000000.00035057,-64.83349609375
9000000.00035057,-64.6825256347656
9000000.00035058,-64.5478820800781
9000000.00035059,-64.4302291870117
9000000.00035059,-64.330207824707
9000000.00035059,-64.2484893798828
9000000.0003506,-64.1846923828125
9000000.0003506,-64.1360168457031
9000000.00035061,-64.1025924682617
9000000.00035062,-64.0847778320313
9000000.00035062,-64.0829391479492
9000000.00035062,-64.0974349975586
9000000.00035063,-64.1286392211914
9000000.00035063,-64.1769180297852
9000000.00035064,-64.2426300048828
9000000.00035064,-64.3261489868164
9000000.00035065,-64.4278335571289
9000000.00035065,-64.5480499267578
9000000.00035066,-64.6871643066406
9000000.00035066,-64.8444213867188
9000000.00035067,-65.0067367553711
9000000.00035067,-65.1735992431641
9000000.00035068,-65.3492965698242
9000000.00035068,-65.5381164550781
9000000.00035069,-65.7443466186523
9000000.0003507,-65.9722747802734
9000000.0003507,-66.2261734008789
9000000.0003507,-66.5103378295898
9000000.00035071,-66.8290481567383
9000000.00035071,-67.1865997314453
9000000.00035072,-67.5872650146484
9000000.00035072,-68.0353317260742
9000000.00035073,-68.5350875854492
9000000.00035073,-69.1320419311523
9000000.00035074,-69.8521499633789
9000000.00035074,-70.6703872680664
9000000.00035075,-71.5616989135742
9000000.00035075,-72.5010757446289
9000000.00035076,-73.4634704589844
9000000.00035076,-74.4238586425781
9000000.00035077,-75.3571929931641
9000000.00035078,-76.2384567260742
9000000.00035078,-77.042610168457
9000000.00035078,-77.7446136474609
9000000.00035079,-78.3194427490234
9000000.00035079,-78.742057800293
9000000.0003508,-78.9992218017578
9000000.00035081,-79.1227798461914
9000000.00035081,-79.1300430297852
9000000.00035081,-79.0361175537109
9000000.00035082,-78.8561172485352
9000000.00035082,-78.6051483154297
9000000.00035083,-78.2983093261719
9000000.00035083,-77.9507141113281
9000000.00035084,-77.5774612426758
9000000.00035084,-77.1936645507813
9000000.00035085,-76.8144302368164
9000000.00035085,-76.4548568725586
9000000.00035086,-76.1300659179688
9000000.00035086,-75.8505096435547
9000000.00035087,-75.5674896240234
9000000.00035087,-75.2667236328125
9000000.00035088,-74.9515914916992
9000000.00035089,-74.6254959106445
9000000.00035089,-74.2918395996094
9000000.00035089,-73.9540100097656
9000000.0003509,-73.6154022216797
9000000.0003509,-73.279426574707
9000000.00035091,-72.9494705200195
9000000.00035091,-72.6289291381836
9000000.00035092,-72.3212051391602
9000000.00035092,-72.0296936035156
9000000.00035093,-71.7577896118164
9000000.00035093,-71.5005645751953
9000000.00035094,-71.2509002685547
9000000.00035094,-71.0088882446289
9000000.00035095,-70.7746429443359
9000000.00035095,-70.5482559204102
9000000.00035096,-70.329833984375
9000000.00035097,-70.1194839477539
9000000.00035097,-69.9172973632813
9000000.00035097,-69.723388671875
9000000.00035098,-69.5378570556641
9000000.00035098,-69.3607940673828
9000000.00035099,-69.1923141479492
9000000.000351,-69.0325164794922
9000000.000351,-68.8794326782227
9000000.000351,-68.7273635864258
9000000.00035101,-68.5778427124023
9000000.00035101,-68.432975769043
9000000.00035102,-68.2948379516602
9000000.00035102,-68.16552734375
9000000.00035103,-68.0471420288086
9000000.00035103,-67.941764831543
9000000.00035104,-67.8514862060547
9000000.00035104,-67.7784118652344
9000000.00035105,-67.7246170043945
9000000.00035105,-67.6922073364258
9000000.00035106,-67.6832733154297
9000000.00035106,-67.6985397338867
9000000.00035107,-67.7229385375977
9000000.00035108,-67.7543792724609
9000000.00035108,-67.7962646484375
9000000.00035108,-67.8520202636719
9000000.00035109,-67.9250564575195
9000000.00035109,-68.0187911987305
9000000.0003511,-68.1366348266602
9000000.0003511,-68.2819976806641
9000000.00035111,-68.4583053588867
9000000.00035111,-68.6689682006836
9000000.00035112,-68.9173965454102
9000000.00035112,-69.2070083618164
9000000.00035113,-69.5412216186523
9000000.00035113,-69.946907043457
9000000.00035114,-70.4384307861328
9000000.00035114,-71.0003890991211
9000000.00035115,-71.6174087524414
9000000.00035116,-72.2741088867188
9000000.00035116,-72.9550933837891
9000000.00035116,-73.6449813842773
9000000.00035117,-74.3283920288086
9000000.00035117,-74.9899368286133
9000000.00035118,-75.6142272949219
9000000.00035119,-76.1858901977539
9000000.00035119,-76.6895294189453
9000000.00035119,-77.1097717285156
9000000.0003512,-77.447265625
9000000.0003512,-77.7458877563477
9000000.00035121,-78.0092468261719
9000000.00035121,-78.2372512817383
9000000.00035122,-78.4297866821289
9000000.00035122,-78.5867691040039
9000000.00035123,-78.7080841064453
9000000.00035123,-78.7936248779297
9000000.00035124,-78.8433074951172
9000000.00035124,-78.8570098876953
9000000.00035125,-78.8346405029297
9000000.00035125,-78.7760925292969
9000000.00035126,-78.681266784668
9000000.00035127,-78.5476150512695
9000000.00035127,-78.3464202880859
9000000.00035127,-78.0773773193359
9000000.00035128,-77.750732421875
9000000.00035128,-77.3767242431641
9000000.00035129,-76.9655838012695
9000000.00035129,-76.5275421142578
9000000.0003513,-76.0728454589844
9000000.0003513,-75.6117172241211
9000000.00035131,-75.1544036865234
9000000.00035131,-74.7111282348633
9000000.00035132,-74.2921371459961
9000000.00035132,-73.9076614379883
9000000.00035133,-73.5679397583008
9000000.00035133,-73.2585754394531
9000000.00035134,-72.9584350585938
9000000.00035135,-72.6675872802734
9000000.00035135,-72.386116027832
9000000.00035135,-72.1141052246094
9000000.00035136,-71.8516387939453
9000000.00035136,-71.5987854003906
9000000.00035137,-71.3556442260742
9000000.00035138,-71.1222915649414
9000000.00035138,-70.8988037109375
9000000.00035138,-70.6852722167969
9000000.00035139,-70.4817657470703
9000000.00035139,-70.2883834838867
9000000.0003514,-70.1043014526367
9000000.0003514,-69.9270858764648
9000000.00035141,-69.7573471069336
9000000.00035141,-69.5959548950195
9000000.00035142,-69.4437484741211
9000000.00035142,-69.3015975952148
9000000.00035143,-69.1703491210938
9000000.00035143,-69.0508651733398
9000000.00035144,-68.9440002441406
9000000.00035144,-68.8506011962891
9000000.00035145,-68.7715377807617
9000000.00035146,-68.707649230957
9000000.00035146,-68.6598052978516
9000000.00035146,-68.6290817260742
9000000.00035147,-68.6184310913086
9000000.00035147,-68.6271209716797
9000000.00035148,-68.6533203125
9000000.00035148,-68.6952056884766
9000000.00035149,-68.7509613037109
9000000.00035149,-68.8187561035156
9000000.0003515,-68.8967742919922
9000000.0003515,-68.9831771850586
9000000.00035151,-69.0761566162109
9000000.00035151,-69.1738815307617
9000000.00035152,-69.2745208740234
9000000.00035152,-69.3762664794922
9000000.00035153,-69.4772796630859
9000000.00035154,-69.5897674560547
9000000.00035154,-69.7240142822266
9000000.00035154,-69.8753051757813
9000000.00035155,-70.038948059082
9000000.00035155,-70.2102432250977
9000000.00035156,-70.3844757080078
9000000.00035157,-70.5569458007813
9000000.00035157,-70.7229614257813
9000000.00035157,-70.8778076171875
9000000.00035158,-71.0167846679688
9000000.00035158,-71.1351928710938
9000000.00035159,-71.2283325195313
9000000.00035159,-71.2914886474609
9000000.0003516,-71.3232727050781
9000000.0003516,-71.3326644897461
9000000.00035161,-71.3220672607422
9000000.00035161,-71.2931365966797
9000000.00035162,-71.24755859375
9000000.00035162,-71.1870040893555
9000000.00035163,-71.1131591796875
9000000.00035163,-71.0276870727539
9000000.00035164,-70.9322738647461
9000000.00035165,-70.8285903930664
9000000.00035165,-70.7183151245117
9000000.00035165,-70.6031265258789
9000000.00035166,-70.4846954345703
9000000.00035166,-70.3636322021484
9000000.00035167,-70.2279968261719
9000000.00035167,-70.0761260986328
9000000.00035168,-69.9107055664063
9000000.00035168,-69.7343978881836
9000000.00035169,-69.5499038696289
9000000.00035169,-69.3598937988281
9000000.0003517,-69.1670532226563
9000000.0003517,-68.9740676879883
9000000.00035171,-68.7836074829102
9000000.00035171,-68.5983657836914
9000000.00035172,-68.4210205078125
9000000.00035173,-68.2542495727539
9000000.00035173,-68.1007461547852
9000000.00035173,-67.9539642333984
9000000.00035174,-67.8065032958984
9000000.00035174,-67.6597366333008
9000000.00035175,-67.5150146484375
9000000.00035175,-67.3737106323242
9000000.00035176,-67.237190246582
9000000.00035176,-67.1068115234375
9000000.00035177,-66.9839477539063
9000000.00035177,-66.8699493408203
9000000.00035178,-66.7661972045898
9000000.00035178,-66.6740417480469
9000000.00035179,-66.594856262207
9000000.00035179,-66.5300064086914
9000000.0003518,-66.4778366088867
9000000.0003518,-66.4300537109375
9000000.00035181,-66.3876266479492
9000000.00035181,-66.3522415161133
9000000.00035182,-66.3256149291992
9000000.00035182,-66.3094635009766
9000000.00035183,-66.3054809570313
9000000.00035184,-66.3153762817383
9000000.00035184,-66.3408660888672
9000000.00035184,-66.3836517333984
9000000.00035185,-66.445442199707
9000000.00035185,-66.527946472168
9000000.00035186,-66.6328735351563
9000000.00035186,-66.7611312866211
9000000.00035187,-66.9039916992188
9000000.00035187,-67.0598068237305
9000000.00035188,-67.2300872802734
9000000.00035188,-67.4163513183594
9000000.00035189,-67.6201324462891
9000000.00035189,-67.8429336547852
9000000.0003519,-68.0862884521484
9000000.0003519,-68.3517074584961
9000000.00035191,-68.6407165527344
9000000.00035192,-68.954833984375
9000000.00035192,-69.2955780029297
9000000.00035192,-69.6644668579102
9000000.00035193,-70.0630264282227
9000000.00035193,-70.5346984863281
9000000.00035194,-71.1071548461914
9000000.00035194,-71.7582244873047
9000000.00035195,-72.4657516479492
9000000.00035195,-73.2075500488281
9000000.00035196,-73.9614715576172
9000000.00035196,-74.7053451538086
9000000.00035197,-75.4170074462891
9000000.00035197,-76.0742874145508
9000000.00035198,-76.6550216674805
9000000.00035198,-77.1370544433594
9000000.00035199,-77.4982070922852
9000000.00035199,-77.7163162231445
9000000.000352,-77.7764663696289
9000000.000352,-77.6980667114258
9000000.00035201,-77.4989929199219
9000000.00035201,-77.1960144042969
9000000.00035202,-76.805908203125
9000000.00035203,-76.3454437255859
9000000.00035203,-75.8314056396484
9000000.00035203,-75.2805557250977
9000000.00035204,-74.7096862792969
9000000.00035204,-74.1355667114258
9000000.00035205,-73.5749588012695
9000000.00035205,-73.0446624755859
9000000.00035206,-72.5614318847656
9000000.00035206,-72.1369476318359
9000000.00035207,-71.7177658081055
9000000.00035207,-71.2880020141602
9000000.00035208,-70.8512115478516
9000000.00035208,-70.4109573364258
9000000.00035209,-69.9707794189453
9000000.00035209,-69.5342330932617
9000000.0003521,-69.1048812866211
9000000.00035211,-68.6862564086914
9000000.00035211,-68.2819290161133
9000000.00035211,-67.8954391479492
9000000.00035212,-67.5303421020508
9000000.00035212,-67.1901931762695
9000000.00035213,-66.878547668457
9000000.00035213,-66.5893630981445
9000000.00035214,-66.3146133422852
9000000.00035214,-66.054817199707
9000000.00035215,-65.8105163574219
9000000.00035215,-65.5822448730469
9000000.00035216,-65.3705368041992
9000000.00035216,-65.175910949707
9000000.00035217,-64.9989166259766
9000000.00035217,-64.8400802612305
9000000.00035218,-64.6999359130859
9000000.00035219,-64.5790100097656
9000000.00035219,-64.4778442382813
9000000.00035219,-64.39697265625
9000000.0003522,-64.3364562988281
9000000.0003522,-64.2950134277344
9000000.00035221,-64.2724533081055
9000000.00035222,-64.268684387207
9000000.00035222,-64.2836227416992
9000000.00035222,-64.3171691894531
9000000.00035223,-64.3692398071289
9000000.00035223,-64.4397430419922
9000000.00035224,-64.5285873413086
9000000.00035224,-64.6356811523438
9000000.00035225,-64.7609329223633
9000000.00035225,-64.9042587280273
9000000.00035226,-65.0655670166016
9000000.00035226,-65.2441711425781
9000000.00035227,-65.4331436157227
9000000.00035227,-65.6324691772461
9000000.00035228,-65.8446807861328
9000000.00035228,-66.0723114013672
9000000.00035229,-66.3178939819336
9000000.0003523,-66.5839538574219
9000000.0003523,-66.8730316162109
9000000.0003523,-67.1876525878906
9000000.00035231,-67.5303497314453
9000000.00035231,-67.9036560058594
9000000.00035232,-68.3100967407227
9000000.00035232,-68.7522201538086
9000000.00035233,-69.2325439453125
9000000.00035233,-69.7887420654297
9000000.00035234,-70.4434356689453
9000000.00035234,-71.1765899658203
9000000.00035235,-71.9681625366211
9000000.00035235,-72.7981262207031
9000000.00035236,-73.6464462280273
9000000.00035236,-74.4930801391602
9000000.00035237,-75.3179931640625
9000000.00035238,-76.1011581420898
9000000.00035238,-76.8225326538086
9000000.00035238,-77.4620819091797
9000000.00035239,-77.9997711181641
9000000.00035239,-78.4155654907227
9000000.0003524,-78.7028045654297
9000000.00035241,-78.8978500366211
9000000.00035241,-79.0114212036133
9000000.00035241,-79.0514068603516
9000000.00035242,-79.0256958007813
9000000.00035242,-78.9421691894531
9000000.00035243,-78.808723449707
9000000.00035243,-78.6332473754883
9000000.00035244,-78.4236221313477
9000000.00035244,-78.187744140625
9000000.00035245,-77.9335021972656
9000000.00035245,-77.6687774658203
9000000.00035246,-77.4014663696289
9000000.00035246,-77.1354522705078
9000000.00035247,-76.8266906738281
9000000.00035247,-76.4674911499023
9000000.00035248,-76.0661773681641
9000000.00035249,-75.631103515625
9000000.00035249,-75.1705932617188
9000000.00035249,-74.6929931640625
9000000.0003525,-74.2066421508789
9000000.0003525,-73.7198867797852
9000000.00035251,-73.2410583496094
9000000.00035251,-72.7785034179688
9000000.00035252,-72.3405532836914
9000000.00035252,-71.9355545043945
9000000.00035253,-71.5718460083008
9000000.00035253,-71.2356262207031
9000000.00035254,-70.9082565307617
9000000.00035254,-70.5908050537109
9000000.00035255,-70.2843627929688
9000000.00035255,-69.9899978637695
9000000.00035256,-69.7088012695313
9000000.00035257,-69.4418487548828
9000000.00035257,-69.1902160644531
9000000.00035257,-68.9549789428711
9000000.00035258,-68.7372207641602
9000000.00035258,-68.5380249023438
9000000.00035259,-68.3584594726563
9000000.0003526,-68.1996154785156
9000000.0003526,-68.0593948364258
9000000.0003526,-67.9291305541992
9000000.00035261,-67.8101654052734
9000000.00035261,-67.7046966552734
9000000.00035262,-67.6148834228516
9000000.00035262,-67.5429229736328
9000000.00035263,-67.4909744262695
9000000.00035263,-67.4612274169922
9000000.00035264,-67.4558563232422
9000000.00035264,-67.4770355224609
9000000.00035265,-67.5269470214844
9000000.00035265,-67.6077651977539
9000000.00035266,-67.7216644287109
9000000.00035266,-67.872428894043
9000000.00035267,-68.0796508789063
9000000.00035268,-68.3416366577148
9000000.00035268,-68.6494674682617
9000000.00035268,-68.9942398071289
9000000.00035269,-69.3670349121094
9000000.00035269,-69.7589416503906
9000000.0003527,-70.1610641479492
9000000.0003527,-70.5644760131836
9000000.00035271,-70.9602737426758
9000000.00035271,-71.3395538330078
9000000.00035272,-71.6933975219727
9000000.00035272,-72.0129013061523
9000000.00035273,-72.2891464233398
9000000.00035273,-72.5449066162109
9000000.00035274,-72.8055038452148
9000000.00035274,-73.0658950805664
9000000.00035275,-73.3210220336914
9000000.00035276,-73.5658340454102
9000000.00035276,-73.7952728271484
9000000.00035276,-74.0042877197266
9000000.00035277,-74.1878204345703
9000000.00035277,-74.3408279418945
9000000.00035278,-74.458251953125
9000000.00035279,-74.5350341796875
9000000.00035279,-74.5661239624023
9000000.00035279,-74.5464630126953
9000000.0003528,-74.4677581787109
9000000.0003528,-74.3208999633789
9000000.00035281,-74.1138687133789
9000000.00035281,-73.8557205200195
9000000.00035282,-73.5555114746094
9000000.00035282,-73.2222900390625
9000000.00035283,-72.865104675293
9000000.00035283,-72.4930191040039
9000000.00035284,-72.1150817871094
9000000.00035284,-71.7403411865234
9000000.00035285,-71.3778610229492
9000000.00035285,-71.0366821289063
9000000.00035286,-70.7258682250977
9000000.00035287,-70.4516372680664
9000000.00035287,-70.1842269897461
9000000.00035287,-69.9150543212891
9000000.00035288,-69.646369934082
9000000.00035288,-69.3804016113281
9000000.00035289,-69.1194000244141
9000000.00035289,-68.865608215332
9000000.0003529,-68.6212539672852
9000000.0003529,-68.3885879516602
9000000.00035291,-68.1698532104492
9000000.00035291,-67.96728515625
9000000.00035292,-67.7831192016602
9000000.00035292,-67.6196060180664
9000000.00035293,-67.4789886474609
9000000.00035293,-67.3578186035156
9000000.00035294,-67.2512741088867
9000000.00035295,-67.1595153808594
9000000.00035295,-67.0827026367188
9000000.00035295,-67.02099609375
9000000.00035296,-66.9745407104492
9000000.00035296,-66.9435043334961
9000000.00035297,-66.9280471801758
9000000.00035298,-66.9283218383789
9000000.00035298,-66.9444961547852
9000000.00035298,-66.9767074584961
9000000.00035299,-67.0251388549805
9000000.00035299,-67.0899276733398
9000000.000353,-67.1702651977539
9000000.000353,-67.2634429931641
9000000.00035301,-67.3700790405273
9000000.00035301,-67.4910278320313
9000000.00035302,-67.6271820068359
9000000.00035302,-67.7794036865234
9000000.00035303,-67.9485626220703
9000000.00035303,-68.1355361938477
9000000.00035304,-68.341194152832
9000000.00035304,-68.56640625
9000000.00035305,-68.8120346069336
9000000.00035306,-69.078971862793
9000000.00035306,-69.3680725097656
9000000.00035306,-69.6826324462891
9000000.00035307,-70.0514602661133
9000000.00035307,-70.4741363525391
9000000.00035308,-70.9397048950195
9000000.00035308,-71.4372024536133
9000000.00035309,-71.9556579589844
9000000.00035309,-72.484130859375
9000000.0003531,-73.0116348266602
9000000.0003531,-73.5272216796875
9000000.00035311,-74.0199279785156
9000000.00035311,-74.4787979125977
9000000.00035312,-74.8928527832031
9000000.00035312,-75.2511444091797
9000000.00035313,-75.5427093505859
9000000.00035314,-75.7798614501953
9000000.00035314,-75.9831619262695
9000000.00035314,-76.1540298461914
9000000.00035315,-76.2938842773438
9000000.00035315,-76.4041442871094
9000000.00035316,-76.486213684082
9000000.00035317,-76.5415115356445
9000000.00035317,-76.5714569091797
9000000.00035317,-76.5774688720703
9000000.00035318,-76.5609512329102
9000000.00035318,-76.5233383178711
9000000.00035319,-76.4660263061523
9000000.00035319,-76.3904418945313
9000000.0003532,-76.2941589355469
9000000.0003532,-76.1666412353516
9000000.00035321,-76.0094375610352
9000000.00035321,-75.8250579833984
9000000.00035322,-75.6160430908203
9000000.00035322,-75.3849105834961
9000000.00035323,-75.1341781616211
9000000.00035323,-74.8663787841797
9000000.00035324,-74.5840377807617
9000000.00035325,-74.2896728515625
9000000.00035325,-73.9858093261719
9000000.00035325,-73.6749801635742
9000000.00035326,-73.3596954345703
9000000.00035326,-73.0406494140625
9000000.00035327,-72.6970977783203
9000000.00035327,-72.3264846801758
9000000.00035328,-71.9338226318359
9000000.00035328,-71.5241317749023
9000000.00035329,-71.102424621582
9000000.00035329,-70.673713684082
9000000.0003533,-70.2430191040039
9000000.0003533,-69.8153457641602
9000000.00035331,-69.3957138061523
9000000.00035331,-68.989143371582
9000000.00035332,-68.6006393432617
9000000.00035333,-68.235221862793
9000000.00035333,-67.8979034423828
9000000.00035333,-67.5778961181641
9000000.00035334,-67.2623291015625
9000000.00035334,-66.9530487060547
9000000.00035335,-66.6519088745117
9000000.00035336,-66.3607788085938
9000000.00035336,-66.0815048217773
9000000.00035336,-65.8159408569336
9000000.00035337,-65.5659561157227
9000000.00035337,-65.3333892822266
9000000.00035338,-65.1201171875
9000000.00035338,-64.927978515625
9000000.00035339,-64.7588424682617
9000000.00035339,-64.6145629882813
9000000.0003534,-64.4939422607422
9000000.0003534,-64.3886337280273
9000000.00035341,-64.2990798950195
9000000.00035341,-64.2264785766602
9000000.00035342,-64.1720275878906
9000000.00035342,-64.1369171142578
9000000.00035343,-64.1223449707031
9000000.00035344,-64.1295166015625
9000000.00035344,-64.1596145629883
9000000.00035344,-64.2138442993164
9000000.00035345,-64.2934036254883
9000000.00035345,-64.3994750976563
9000000.00035346,-64.5332717895508
9000000.00035346,-64.6939544677734
9000000.00035347,-64.8582000732422
9000000.00035347,-65.0246047973633
9000000.00035348,-65.200325012207
9000000.00035348,-65.3924942016602
9000000.00035349,-65.6082763671875
9000000.00035349,-65.8547973632813
9000000.0003535,-66.1392059326172
9000000.0003535,-66.4686508178711
9000000.00035351,-66.8502807617188
9000000.00035352,-67.2912292480469
9000000.00035352,-67.7986450195313
9000000.00035352,-68.3796768188477
9000000.00035353,-69.0414657592773
9000000.00035353,-69.8570022583008
9000000.00035354,-70.8676300048828
9000000.00035355,-72.0330123901367
9000000.00035355,-73.3128051757813
9000000.00035355,-74.6666717529297
9000000.00035356,-76.0542831420898
9000000.00035356,-77.4352951049805
9000000.00035357,-78.7693634033203
9000000.00035357,-80.0161590576172
9000000.00035358,-81.1353454589844
9000000.00035358,-82.0865707397461
9000000.00035359,-82.8295135498047
9000000.0003536,-83.3238296508789
9000000.0003536,-83.5422821044922
9000000.0003536,-83.5200042724609
9000000.00035361,-83.2895584106445
9000000.00035361,-82.8815612792969
9000000.00035362,-82.3266296386719
9000000.00035363,-81.6553573608398
9000000.00035363,-80.8983764648438
9000000.00035363,-80.0862884521484
9000000.00035364,-79.2497024536133
9000000.00035364,-78.4192352294922
9000000.00035365,-77.62548828125
9000000.00035365,-76.8990859985352
9000000.00035366,-76.270637512207
9000000.00035366,-75.7629623413086
9000000.00035367,-75.2964630126953
9000000.00035367,-74.842414855957
9000000.00035368,-74.4009552001953
9000000.00035368,-73.9722518920898
9000000.00035369,-73.5564498901367
9000000.00035369,-73.1537094116211
9000000.0003537,-72.76416015625
9000000.00035371,-72.3879776000977
9000000.00035371,-72.0252990722656
9000000.00035371,-71.6762847900391
9000000.00035372,-71.3410797119141
9000000.00035372,-71.0198364257813
9000000.00035373,-70.7127075195313
9000000.00035373,-70.4186782836914
9000000.00035374,-70.1369018554688
9000000.00035374,-69.8677597045898
9000000.00035375,-69.6116485595703
9000000.00035375,-69.3689575195313
9000000.00035376,-69.1400680541992
9000000.00035376,-68.9253845214844
9000000.00035377,-68.7252960205078
9000000.00035377,-68.5401840209961
9000000.00035378,-68.3704452514648
9000000.00035379,-68.2164688110352
9000000.00035379,-68.0786437988281
9000000.00035379,-67.9573669433594
9000000.0003538,-67.8507843017578
9000000.0003538,-67.7527313232422
9000000.00035381,-67.6645812988281
9000000.00035382,-67.5882797241211
9000000.00035382,-67.5257873535156
9000000.00035382,-67.4790573120117
9000000.00035383,-67.4500503540039
9000000.00035383,-67.4407119750977
9000000.00035384,-67.4530029296875
9000000.00035384,-67.488883972168
9000000.00035385,-67.5503005981445
9000000.00035385,-67.6392135620117
9000000.00035386,-67.757568359375
9000000.00035386,-67.9071960449219
9000000.00035387,-68.0872344970703
9000000.00035387,-68.2958908081055
9000000.00035388,-68.5316925048828
9000000.00035388,-68.7931594848633
9000000.00035389,-69.0788116455078
9000000.0003539,-69.3871612548828
9000000.0003539,-69.7167358398438
9000000.0003539,-70.066047668457
9000000.00035391,-70.4336242675781
9000000.00035391,-70.8179779052734
9000000.00035392,-71.2176284790039
9000000.00035392,-71.631103515625
9000000.00035393,-72.0569076538086
9000000.00035393,-72.5384979248047
9000000.00035394,-73.1068725585938
9000000.00035394,-73.7419128417969
9000000.00035395,-74.423469543457
9000000.00035395,-75.1314086914063
9000000.00035396,-75.8456039428711
9000000.00035396,-76.5459213256836
9000000.00035397,-77.2122116088867
9000000.00035398,-77.824348449707
9000000.00035398,-78.3621978759766
9000000.00035398,-78.8056182861328
9000000.00035399,-79.1344909667969
9000000.00035399,-79.3286590576172
9000000.000354,-79.3713684082031
9000000.00035401,-79.271369934082
9000000.00035401,-79.0474624633789
9000000.00035401,-78.7183151245117
9000000.00035402,-78.3025970458984
9000000.00035402,-77.818977355957
9000000.00035403,-77.2861175537109
9000000.00035403,-76.7226943969727
9000000.00035404,-76.1473770141602
9000000.00035404,-75.5788345336914
9000000.00035405,-75.0357360839844
9000000.00035405,-74.5367431640625
9000000.00035406,-74.1005325317383
9000000.00035406,-73.740966796875
9000000.00035407,-73.4088134765625
9000000.00035407,-73.0865325927734
9000000.00035408,-72.7744598388672
9000000.00035409,-72.4729461669922
9000000.00035409,-72.1823120117188
9000000.00035409,-71.9028930664063
9000000.0003541,-71.6350402832031
9000000.0003541,-71.3790740966797
9000000.00035411,-71.1353378295898
9000000.00035411,-70.904167175293
9000000.00035412,-70.6858901977539
9000000.00035412,-70.4808502197266
9000000.00035413,-70.2893829345703
9000000.00035413,-70.1135635375977
9000000.00035414,-69.9544219970703
9000000.00035414,-69.8107147216797
9000000.00035415,-69.6812133789063
9000000.00035415,-69.5646667480469
9000000.00035416,-69.4598541259766
9000000.00035417,-69.3655319213867
9000000.00035417,-69.2804641723633
9000000.00035417,-69.2034072875977
9000000.00035418,-69.1331329345703
9000000.00035418,-69.0683975219727
9000000.00035419,-69.0079727172852
9000000.0003542,-68.9506072998047
9000000.0003542,-68.8947982788086
9000000.0003542,-68.839729309082
9000000.00035421,-68.7869415283203
9000000.00035421,-68.7381134033203
9000000.00035422,-68.6949081420898
9000000.00035422,-68.6589813232422
9000000.00035423,-68.6320114135742
9000000.00035423,-68.6156616210938
9000000.00035424,-68.6115951538086
9000000.00035424,-68.6214904785156
9000000.00035425,-68.6470031738281
9000000.00035425,-68.6898040771484
9000000.00035426,-68.7515563964844
9000000.00035426,-68.8346328735352
9000000.00035427,-68.9480056762695
9000000.00035428,-69.0902709960938
9000000.00035428,-69.2567520141602
9000000.00035428,-69.4427642822266
9000000.00035429,-69.6436157226563
9000000.00035429,-69.8546295166016
9000000.0003543,-70.0711212158203
9000000.0003543,-70.2884063720703
9000000.00035431,-70.5017929077148
9000000.00035431,-70.7066116333008
9000000.00035432,-70.8981628417969
9000000.00035432,-71.07177734375
9000000.00035433,-71.2227554321289
9000000.00035433,-71.3640594482422
9000000.00035434,-71.5096664428711
9000000.00035434,-71.6564559936523
9000000.00035435,-71.8012771606445
9000000.00035436,-71.9409942626953
9000000.00035436,-72.0724792480469
9000000.00035436,-72.1925888061523
9000000.00035437,-72.2981872558594
9000000.00035437,-72.3861389160156
9000000.00035438,-72.4533157348633
9000000.00035439,-72.4965667724609
9000000.00035439,-72.5127563476563
9000000.00035439,-72.4987640380859
9000000.0003544,-72.4517593383789
9000000.0003544,-72.3725814819336
9000000.00035441,-72.2642974853516
9000000.00035441,-72.1300430297852
9000000.00035442,-71.9729232788086
9000000.00035442,-71.7960586547852
9000000.00035443,-71.6025772094727
9000000.00035443,-71.3955917358398
9000000.00035444,-71.17822265625
9000000.00035444,-70.9535827636719
9000000.00035445,-70.7247924804688
9000000.00035445,-70.4949798583984
9000000.00035446,-70.2672576904297
9000000.00035447,-70.043083190918
9000000.00035447,-69.8040771484375
9000000.00035447,-69.5471954345703
9000000.00035448,-69.2760696411133
9000000.00035448,-68.9943237304688
9000000.00035449,-68.7056045532227
9000000.00035449,-68.4135513305664
9000000.0003545,-68.1217803955078
9000000.0003545,-67.8339385986328
9000000.00035451,-67.5536651611328
9000000.00035451,-67.2845840454102
9000000.00035452,-67.0303421020508
9000000.00035452,-66.7945709228516
9000000.00035453,-66.5808944702148
9000000.00035453,-66.3805313110352
9000000.00035454,-66.1834716796875
9000000.00035455,-65.9915466308594
9000000.00035455,-65.8065643310547
9000000.00035455,-65.6303634643555
9000000.00035456,-65.4647521972656
9000000.00035456,-65.3115539550781
9000000.00035457,-65.1725997924805
9000000.00035458,-65.0497131347656
9000000.00035458,-64.9447021484375
9000000.00035458,-64.8593978881836
9000000.00035459,-64.7956237792969
9000000.00035459,-64.7551956176758
9000000.0003546,-64.7376403808594
9000000.0003546,-64.7366561889648
9000000.00035461,-64.7521209716797
9000000.00035461,-64.7844848632813
9000000.00035462,-64.8341827392578
9000000.00035462,-64.9016647338867
9000000.00035463,-64.9873657226563
9000000.00035463,-65.0917282104492
9000000.00035464,-65.2151947021484
9000000.00035464,-65.3582000732422
9000000.00035465,-65.5211944580078
9000000.00035466,-65.7046051025391
9000000.00035466,-65.9088897705078
9000000.00035466,-66.1357574462891
9000000.00035467,-66.4004592895508
9000000.00035467,-66.7027969360352
9000000.00035468,-67.036979675293
9000000.00035468,-67.3972320556641
9000000.00035469,-67.7777709960938
9000000.00035469,-68.1728057861328
9000000.0003547,-68.5765609741211
9000000.0003547,-68.9832458496094
9000000.00035471,-69.387077331543
9000000.00035471,-69.7822799682617
9000000.00035472,-70.1630554199219
9000000.00035472,-70.5236358642578
9000000.00035473,-70.8582229614258
9000000.00035474,-71.1874465942383
9000000.00035474,-71.5316848754883
9000000.00035474,-71.8848266601563
9000000.00035475,-72.2407379150391
9000000.00035475,-72.5933151245117
9000000.00035476,-72.9364166259766
9000000.00035477,-73.2639389038086
9000000.00035477,-73.5697555541992
9000000.00035477,-73.8477325439453
9000000.00035478,-74.0917663574219
9000000.00035478,-74.2957305908203
9000000.00035479,-74.4534912109375
9000000.00035479,-74.5589447021484
9000000.0003548,-74.6065368652344
9000000.0003548,-74.5976867675781
9000000.00035481,-74.5384674072266
9000000.00035481,-74.4350433349609
9000000.00035482,-74.2935562133789
9000000.00035482,-74.1201629638672
9000000.00035483,-73.921028137207
9000000.00035483,-73.7022933959961
9000000.00035484,-73.4701309204102
9000000.00035485,-73.2306747436523
9000000.00035485,-72.9900970458984
9000000.00035485,-72.7545394897461
9000000.00035486,-72.5301666259766
9000000.00035486,-72.3208541870117
9000000.00035487,-72.1022415161133
9000000.00035487,-71.8684387207031
9000000.00035488,-71.6224365234375
9000000.00035488,-71.3672103881836
9000000.00035489,-71.1057357788086
9000000.00035489,-70.8409881591797
9000000.0003549,-70.5759582519531
9000000.0003549,-70.3136215209961
9000000.00035491,-70.0569458007813
9000000.00035491,-69.8089294433594
9000000.00035492,-69.5725402832031
9000000.00035493,-69.3507537841797
9000000.00035493,-69.1465606689453
9000000.00035493,-68.9539794921875
9000000.00035494,-68.7656631469727
9000000.00035494,-68.5824966430664
9000000.00035495,-68.4053726196289
9000000.00035496,-68.2351760864258
9000000.00035496,-68.0727920532227
9000000.00035496,-67.9191284179688
9000000.00035497,-67.7750625610352
9000000.00035497,-67.641487121582
9000000.00035498,-67.519287109375
9000000.00035498,-67.4093627929688
9000000.00035499,-67.3125991821289
9000000.00035499,-67.2298889160156
9000000.000355,-67.1600723266602
9000000.00035501,-67.0975341796875
9000000.00035501,-67.0429611206055
9000000.00035501,-66.9975509643555
9000000.00035502,-66.9624862670898
9000000.00035502,-66.9389724731445
9000000.00035503,-66.9281997680664
9000000.00035504,-66.9313659667969
9000000.00035504,-66.9496612548828
9000000.00035504,-66.9842910766602
9000000.00035505,-67.0364379882813
9000000.00035505,-67.107307434082
9000000.00035506,-67.1980895996094
9000000.00035506,-67.3106231689453
9000000.00035507,-67.4529190063477
9000000.00035507,-67.6240081787109
9000000.00035508,-67.8199615478516
9000000.00035508,-68.036865234375
9000000.00035509,-68.2708053588867
9000000.00035509,-68.5178451538086
9000000.0003551,-68.7740783691406
9000000.0003551,-69.0355834960938
9000000.00035511,-69.2984390258789
9000000.00035512,-69.558723449707
9000000.00035512,-69.8125228881836
9000000.00035512,-70.0559158325195
9000000.00035513,-70.2849731445313
9000000.00035513,-70.518180847168
9000000.00035514,-70.7723922729492
9000000.00035515,-71.0412673950195
9000000.00035515,-71.318473815918
9000000.00035515,-71.5976638793945
9000000.00035516,-71.8725128173828
9000000.00035516,-72.1366729736328
9000000.00035517,-72.3838119506836
9000000.00035517,-72.6075897216797
9000000.00035518,-72.8016586303711
9000000.00035518,-72.9596939086914
9000000.00035519,-73.0753555297852
9000000.0003552,-73.1423034667969
9000000.0003552,-73.1551361083984
9000000.0003552,-73.1162872314453
9000000.00035521,-73.0317687988281
9000000.00035521,-72.9075775146484
9000000.00035522,-72.7497253417969
9000000.00035523,-72.564208984375
9000000.00035523,-72.3570327758789
9000000.00035523,-72.1342086791992
9000000.00035524,-71.901725769043
9000000.00035524,-71.6655960083008
9000000.00035525,-71.4318161010742
9000000.00035525,-71.2063980102539
9000000.00035526,-70.9953384399414
9000000.00035526,-70.8026351928711
9000000.00035527,-70.6069869995117
9000000.00035527,-70.4026794433594
9000000.00035528,-70.191764831543
9000000.00035528,-69.9762649536133
9000000.00035529,-69.7582321166992
9000000.00035529,-69.5396881103516
9000000.0003553,-69.3226776123047
9000000.00035531,-69.1092376708984
9000000.00035531,-68.9014053344727
9000000.00035531,-68.7012176513672
9000000.00035532,-68.5107116699219
9000000.00035532,-68.3319244384766
9000000.00035533,-68.1668853759766
9000000.00035534,-68.0119094848633
9000000.00035534,-67.8622131347656
9000000.00035534,-67.7182159423828
9000000.00035535,-67.5803451538086
9000000.00035535,-67.4490280151367
9000000.00035536,-67.3246841430664
9000000.00035536,-67.2077407836914
9000000.00035537,-67.0986099243164
9000000.00035537,-66.9977264404297
9000000.00035538,-66.9055099487305
9000000.00035539,-66.8223876953125
9000000.00035539,-66.7487716674805
9000000.00035539,-66.6850891113281
9000000.0003554,-66.6294174194336
9000000.0003554,-66.5752716064453
9000000.00035541,-66.5240783691406
9000000.00035542,-66.4778823852539
9000000.00035542,-66.4387054443359
9000000.00035542,-66.4086074829102
9000000.00035543,-66.3896255493164
9000000.00035543,-66.3837966918945
9000000.00035544,-66.3931655883789
9000000.00035544,-66.4197692871094
9000000.00035545,-66.4656448364258
9000000.00035545,-66.532844543457
9000000.00035546,-66.6233978271484
9000000.00035546,-66.738166809082
9000000.00035547,-66.8640594482422
9000000.00035547,-66.9990463256836
9000000.00035548,-67.1458969116211
9000000.00035548,-67.307373046875
9000000.00035549,-67.4862289428711
9000000.0003555,-67.6852340698242
9000000.0003555,-67.9071350097656
9000000.0003555,-68.1547012329102
9000000.00035551,-68.4306945800781
9000000.00035551,-68.7378768920898
9000000.00035552,-69.0790100097656
9000000.00035552,-69.4568405151367
9000000.00035553,-69.8741455078125
9000000.00035553,-70.3795166015625
9000000.00035554,-71.0027160644531
9000000.00035554,-71.7182312011719
9000000.00035555,-72.5005493164063
9000000.00035555,-73.3241729736328
9000000.00035556,-74.16357421875
9000000.00035556,-74.9932556152344
9000000.00035557,-75.787712097168
9000000.00035558,-76.5214157104492
9000000.00035558,-77.1688766479492
9000000.00035558,-77.7045745849609
9000000.00035559,-78.1030044555664
9000000.00035559,-78.3386611938477
9000000.0003556,-78.3939590454102
9000000.00035561,-78.290168762207
9000000.00035561,-78.0481567382813
9000000.00035561,-77.6876525878906
9000000.00035562,-77.228385925293
9000000.00035562,-76.6900863647461
9000000.00035563,-76.0924911499023
9000000.00035563,-75.4553146362305
9000000.00035564,-74.7983016967773
9000000.00035564,-74.1411666870117
9000000.00035565,-73.5036544799805
9000000.00035565,-72.9054870605469
9000000.00035566,-72.3663940429688
9000000.00035566,-71.9003677368164
9000000.00035567,-71.4477310180664
9000000.00035567,-70.9898452758789
9000000.00035568,-70.5297775268555
9000000.00035569,-70.0705795288086
9000000.00035569,-69.6153106689453
9000000.00035569,-69.1670303344727
9000000.0003557,-68.7288055419922
9000000.0003557,-68.3036804199219
9000000.00035571,-67.8947143554688
9000000.00035571,-67.5049743652344
9000000.00035572,-67.1375198364258
9000000.00035572,-66.7954025268555
9000000.00035573,-66.4816818237305
9000000.00035573,-66.1909255981445
9000000.00035574,-65.9160537719727
9000000.00035574,-65.6576385498047
9000000.00035575,-65.416259765625
9000000.00035575,-65.1924896240234
9000000.00035576,-64.9869003295898
9000000.00035577,-64.8000640869141
9000000.00035577,-64.632568359375
9000000.00035577,-64.4849700927734
9000000.00035578,-64.3578643798828
9000000.00035578,-64.2518081665039
9000000.00035579,-64.1673812866211
9000000.0003558,-64.1051635742188
9000000.0003558,-64.064338684082
9000000.0003558,-64.0410766601563
9000000.00035581,-64.035888671875
9000000.00035581,-64.0496063232422
9000000.00035582,-64.0830764770508
9000000.00035582,-64.1371612548828
9000000.00035583,-64.2126998901367
9000000.00035583,-64.3105392456055
9000000.00035584,-64.431526184082
9000000.00035584,-64.5765075683594
9000000.00035585,-64.7463302612305
9000000.00035585,-64.9418411254883
9000000.00035586,-65.1638946533203
9000000.00035586,-65.4135894775391
9000000.00035587,-65.6942901611328
9000000.00035588,-66.0052795410156
9000000.00035588,-66.3445892333984
9000000.00035588,-66.7102584838867
9000000.00035589,-67.1003341674805
9000000.00035589,-67.5128479003906
9000000.0003559,-67.9458465576172
9000000.0003559,-68.3973617553711
9000000.00035591,-68.8654327392578
9000000.00035591,-69.3481063842773
9000000.00035592,-69.8434143066406
9000000.00035592,-70.3494033813477
9000000.00035593,-70.8641052246094
9000000.00035593,-71.4369049072266
9000000.00035594,-72.1033477783203
9000000.00035594,-72.8407516479492
9000000.00035595,-73.6264038085938
9000000.00035596,-74.437614440918
9000000.00035596,-75.2516860961914
9000000.00035596,-76.0459213256836
9000000.00035597,-76.7976150512695
9000000.00035597,-77.4840850830078
9000000.00035598,-78.0826187133789
9000000.00035599,-78.5705261230469
9000000.00035599,-78.9251022338867
9000000.00035599,-79.1236572265625
9000000.000356,-79.1477661132813
9000000.000356,-79.0086135864258
9000000.00035601,-78.7270050048828
9000000.00035601,-78.323486328125
9000000.00035602,-77.8185806274414
9000000.00035602,-77.2328338623047
9000000.00035603,-76.5867767333984
9000000.00035603,-75.9009475708008
9000000.00035604,-75.1958847045898
9000000.00035604,-74.4921112060547
9000000.00035605,-73.8101806640625
9000000.00035605,-73.1706161499023
9000000.00035606,-72.5939559936523
9000000.00035607,-72.0949401855469
9000000.00035607,-71.6134262084961
9000000.00035607,-71.1300354003906
9000000.00035608,-70.6472702026367
9000000.00035608,-70.1676025390625
9000000.00035609,-69.6935195922852
9000000.00035609,-69.2275085449219
9000000.0003561,-68.7720565795898
9000000.0003561,-68.3296356201172
9000000.00035611,-67.9027481079102
9000000.00035611,-67.4938583374023
9000000.00035612,-67.10546875
9000000.00035612,-66.7400512695313
9000000.00035613,-66.4001007080078
9000000.00035613,-66.0810394287109
9000000.00035614,-65.7770156860352
9000000.00035615,-65.4885635375977
9000000.00035615,-65.2162322998047
9000000.00035615,-64.960563659668
9000000.00035616,-64.7221069335938
9000000.00035616,-64.5013885498047
9000000.00035617,-64.2989730834961
9000000.00035618,-64.1153869628906
9000000.00035618,-63.9511756896973
9000000.00035618,-63.8068923950195
9000000.00035619,-63.6830711364746
9000000.00035619,-63.5802612304688
9000000.0003562,-63.4974822998047
9000000.0003562,-63.4305648803711
9000000.00035621,-63.3801383972168
9000000.00035621,-63.347225189209
9000000.00035622,-63.332836151123
9000000.00035622,-63.3379936218262
9000000.00035623,-63.3637084960938
9000000.00035623,-63.4110069274902
9000000.00035624,-63.4809036254883
9000000.00035624,-63.5744094848633
9000000.00035625,-63.692554473877
9000000.00035626,-63.8363456726074
9000000.00035626,-64.0068054199219
9000000.00035626,-64.2045974731445
9000000.00035627,-64.4260559082031
9000000.00035627,-64.6702041625977
9000000.00035628,-64.9374008178711
9000000.00035628,-65.2280349731445
9000000.00035629,-65.5424728393555
9000000.00035629,-65.8810729980469
9000000.0003563,-66.2442169189453
9000000.0003563,-66.6322708129883
9000000.00035631,-67.0456008911133
9000000.00035631,-67.4845886230469
9000000.00035632,-67.949592590332
9000000.00035632,-68.4409942626953
9000000.00035633,-68.9591522216797
9000000.00035634,-69.5548782348633
9000000.00035634,-70.2620849609375
9000000.00035634,-71.0558166503906
9000000.00035635,-71.9110946655273
9000000.00035635,-72.8029556274414
9000000.00035636,-73.706428527832
9000000.00035637,-74.5965576171875
9000000.00035637,-75.4483642578125
9000000.00035637,-76.2368850708008
9000000.00035638,-76.9371490478516
9000000.00035638,-77.5241928100586
9000000.00035639,-77.9730529785156
9000000.00035639,-78.2587585449219
9000000.0003564,-78.3616714477539
9000000.0003564,-78.2958602905273
9000000.00035641,-78.0837020874023
9000000.00035641,-77.7471084594727
9000000.00035642,-77.3079986572266
9000000.00035642,-76.7882690429688
9000000.00035643,-76.209846496582
9000000.00035643,-75.5946426391602
9000000.00035644,-74.9645614624023
9000000.00035645,-74.3415298461914
9000000.00035645,-73.747444152832
9000000.00035645,-73.2042236328125
9000000.00035646,-72.7337875366211
9000000.00035646,-72.3524551391602
9000000.00035647,-72.0031280517578
9000000.00035647,-71.6652526855469
9000000.00035648,-71.3389739990234
9000000.00035648,-71.0244293212891
9000000.00035649,-70.7217864990234
9000000.00035649,-70.4311828613281
9000000.0003565,-70.1527709960938
9000000.0003565,-69.8867034912109
9000000.00035651,-69.6331329345703
9000000.00035651,-69.3921966552734
9000000.00035652,-69.1640548706055
9000000.00035653,-68.948860168457
9000000.00035653,-68.7467498779297
9000000.00035653,-68.5602188110352
9000000.00035654,-68.3907699584961
9000000.00035654,-68.2370910644531
9000000.00035655,-68.0978851318359
9000000.00035656,-67.9718322753906
9000000.00035656,-67.8576278686523
9000000.00035656,-67.7539672851563
9000000.00035657,-67.659538269043
9000000.00035657,-67.5730285644531
9000000.00035658,-67.4931259155273
9000000.00035658,-67.4185409545898
9000000.00035659,-67.3479461669922
9000000.00035659,-67.2800369262695
9000000.0003566,-67.2132720947266
9000000.00035661,-67.1469573974609
9000000.00035661,-67.0826721191406
9000000.00035661,-67.0221328735352
9000000.00035662,-66.9670257568359
9000000.00035662,-66.9190521240234
9000000.00035663,-66.8799209594727
9000000.00035664,-66.8513259887695
9000000.00035664,-66.8349685668945
9000000.00035664,-66.8325500488281
9000000.00035665,-66.8457717895508
9000000.00035665,-66.8763275146484
9000000.00035666,-66.9259262084961
9000000.00035666,-66.99365234375
9000000.00035667,-67.0494232177734
9000000.00035667,-67.0913162231445
9000000.00035668,-67.1283798217773
9000000.00035668,-67.1696929931641
9000000.00035669,-67.2243194580078
9000000.00035669,-67.3013153076172
9000000.0003567,-67.4097442626953
9000000.0003567,-67.5586776733398
9000000.00035671,-67.7571792602539
9000000.00035672,-68.0143127441406
9000000.00035672,-68.3391418457031
9000000.00035672,-68.74072265625
9000000.00035673,-69.2281341552734
9000000.00035673,-69.8640441894531
9000000.00035674,-70.6806793212891
9000000.00035675,-71.6414184570313
9000000.00035675,-72.7096481323242
9000000.00035675,-73.8487548828125
9000000.00035676,-75.0221176147461
9000000.00035676,-76.1931304931641
9000000.00035677,-77.3251647949219
9000000.00035677,-78.3816223144531
9000000.00035678,-79.3258743286133
9000000.00035678,-80.1213073730469
9000000.00035679,-80.7313079833984
9000000.0003568,-81.119255065918
9000000.0003568,-81.2629470825195
9000000.0003568,-81.2011337280273
9000000.00035681,-80.9614105224609
9000000.00035681,-80.5688858032227
9000000.00035682,-80.0486907958984
9000000.00035683,-79.4259414672852
9000000.00035683,-78.7257690429688
9000000.00035683,-77.9732818603516
9000000.00035684,-77.1936187744141
9000000.00035684,-76.4118957519531
9000000.00035685,-75.6532363891602
9000000.00035685,-74.942756652832
9000000.00035686,-74.3055801391602
9000000.00035686,-73.7595062255859
9000000.00035687,-73.2281036376953
9000000.00035687,-72.6876373291016
9000000.00035688,-72.1421508789063
9000000.00035688,-71.595703125
9000000.00035689,-71.0523223876953
9000000.00035689,-70.5160598754883
9000000.0003569,-69.9909591674805
9000000.00035691,-69.4810638427734
9000000.00035691,-68.9904098510742
9000000.00035691,-68.5230484008789
9000000.00035692,-68.0830154418945
9000000.00035692,-67.6743621826172
9000000.00035693,-67.3011322021484
9000000.00035694,-66.9575347900391
9000000.00035694,-66.635139465332
9000000.00035694,-66.3340377807617
9000000.00035695,-66.054313659668
9000000.00035695,-65.7960433959961
9000000.00035696,-65.5593109130859
9000000.00035696,-65.3442001342773
9000000.00035697,-65.1507873535156
9000000.00035697,-64.9791717529297
9000000.00035698,-64.8294219970703
9000000.00035699,-64.7016220092773
9000000.00035699,-64.5958633422852
9000000.00035699,-64.5122146606445
9000000.000357,-64.4515380859375
9000000.000357,-64.4159317016602
9000000.00035701,-64.4047088623047
9000000.00035702,-64.4169540405273
9000000.00035702,-64.4517593383789
9000000.00035702,-64.5082244873047
9000000.00035703,-64.58544921875
9000000.00035703,-64.6825180053711
9000000.00035704,-64.7985305786133
9000000.00035704,-64.9325790405273
9000000.00035705,-65.0837554931641
9000000.00035705,-65.2511520385742
9000000.00035706,-65.4338684082031
9000000.00035706,-65.6324996948242
9000000.00035707,-65.8644027709961
9000000.00035707,-66.1306076049805
9000000.00035708,-66.4258346557617
9000000.00035708,-66.7447814941406
9000000.00035709,-67.082145690918
9000000.0003571,-67.4326400756836
9000000.0003571,-67.7909622192383
9000000.0003571,-68.1518173217773
9000000.00035711,-68.5099105834961
9000000.00035711,-68.8599472045898
9000000.00035712,-69.1966247558594
9000000.00035713,-69.5146560668945
9000000.00035713,-69.8087387084961
9000000.00035713,-70.0997619628906
9000000.00035714,-70.4077758789063
9000000.00035714,-70.7261810302734
9000000.00035715,-71.0483932495117
9000000.00035715,-71.3678283691406
9000000.00035716,-71.6779022216797
9000000.00035716,-71.9720230102539
9000000.00035717,-72.2436065673828
9000000.00035718,-72.4860610961914
9000000.00035718,-72.6928176879883
9000000.00035718,-72.8572692871094
9000000.00035719,-72.9728469848633
9000000.00035719,-73.0329437255859
9000000.0003572,-73.0317153930664
9000000.00035721,-72.9709701538086
9000000.00035721,-72.8571548461914
9000000.00035721,-72.6967849731445
9000000.00035722,-72.4963684082031
9000000.00035722,-72.2624282836914
9000000.00035723,-72.00146484375
9000000.00035723,-71.7199935913086
9000000.00035724,-71.4245300292969
9000000.00035724,-71.12158203125
9000000.00035725,-70.8176651000977
9000000.00035725,-70.5192947387695
9000000.00035726,-70.2329711914063
9000000.00035726,-69.9625549316406
9000000.00035727,-69.6793670654297
9000000.00035727,-69.3771438598633
9000000.00035728,-69.0600509643555
9000000.00035729,-68.7322845458984
9000000.00035729,-68.3980178833008
9000000.00035729,-68.0614242553711
9000000.0003573,-67.7266998291016
9000000.0003573,-67.3980102539063
9000000.00035731,-67.0795440673828
9000000.00035731,-66.7754745483398
9000000.00035732,-66.489990234375
9000000.00035732,-66.2272644042969
9000000.00035733,-65.9914779663086
9000000.00035733,-65.7743453979492
9000000.00035734,-65.5655975341797
9000000.00035734,-65.3664398193359
9000000.00035735,-65.1780776977539
9000000.00035735,-65.0017242431641
9000000.00035736,-64.8385848999023
9000000.00035737,-64.6898727416992
9000000.00035737,-64.5567779541016
9000000.00035737,-64.4405212402344
9000000.00035738,-64.3423156738281
9000000.00035738,-64.2633514404297
9000000.00035739,-64.2048492431641
9000000.0003574,-64.1680068969727
9000000.0003574,-64.1505966186523
9000000.0003574,-64.1431884765625
9000000.00035741,-64.1472091674805
9000000.00035741,-64.1650009155273
9000000.00035742,-64.1988906860352
9000000.00035742,-64.2512054443359
9000000.00035743,-64.3242721557617
9000000.00035743,-64.4204254150391
9000000.00035744,-64.5419921875
9000000.00035744,-64.6913070678711
9000000.00035745,-64.8706893920898
9000000.00035745,-65.0824661254883
9000000.00035746,-65.3289794921875
9000000.00035746,-65.6138229370117
9000000.00035747,-65.9528121948242
9000000.00035748,-66.3440551757813
9000000.00035748,-66.7798385620117
9000000.00035748,-67.2524490356445
9000000.00035749,-67.7541809082031
9000000.00035749,-68.2773208618164
9000000.0003575,-68.8141479492188
9000000.0003575,-69.3569564819336
9000000.00035751,-69.8980331420898
9000000.00035751,-70.4296722412109
9000000.00035752,-70.9441528320313
9000000.00035752,-71.4337692260742
9000000.00035753,-71.8908081054688
9000000.00035753,-72.3503112792969
9000000.00035754,-72.8445587158203
9000000.00035754,-73.3617248535156
9000000.00035755,-73.8899688720703
9000000.00035756,-74.4174652099609
9000000.00035756,-74.9323654174805
9000000.00035756,-75.4228363037109
9000000.00035757,-75.8770523071289
9000000.00035757,-76.2831726074219
9000000.00035758,-76.6293563842773
9000000.00035759,-76.9037780761719
9000000.00035759,-77.094596862793
9000000.00035759,-77.1899795532227
9000000.0003576,-77.1748886108398
9000000.0003576,-77.0401916503906
9000000.00035761,-76.8010482788086
9000000.00035761,-76.4739761352539
9000000.00035762,-76.0754470825195
9000000.00035762,-75.6219711303711
9000000.00035763,-75.1300430297852
9000000.00035763,-74.6161499023438
9000000.00035764,-74.0968017578125
9000000.00035764,-73.5884780883789
9000000.00035765,-73.1076812744141
9000000.00035765,-72.6708984375
9000000.00035766,-72.2946395874023
9000000.00035767,-71.9911575317383
9000000.00035767,-71.7170333862305
9000000.00035767,-71.456787109375
9000000.00035768,-71.2106704711914
9000000.00035768,-70.9789657592773
9000000.00035769,-70.7619247436523
9000000.00035769,-70.559814453125
9000000.0003577,-70.3729019165039
9000000.0003577,-70.2014465332031
9000000.00035771,-70.0457153320313
9000000.00035771,-69.9059753417969
9000000.00035772,-69.7824859619141
9000000.00035772,-69.6755065917969
9000000.00035773,-69.5853118896484
9000000.00035773,-69.5160751342773
9000000.00035774,-69.4703216552734
9000000.00035775,-69.4458389282227
9000000.00035775,-69.4404220581055
9000000.00035775,-69.4518585205078
9000000.00035776,-69.4779281616211
9000000.00035776,-69.5164413452148
9000000.00035777,-69.5651702880859
9000000.00035778,-69.6219177246094
9000000.00035778,-69.6844635009766
9000000.00035778,-69.750602722168
9000000.00035779,-69.8181228637695
9000000.00035779,-69.8848190307617
9000000.0003578,-69.9500885009766
9000000.0003578,-70.0183410644531
9000000.00035781,-70.0906372070313
9000000.00035781,-70.1677093505859
9000000.00035782,-70.2502593994141
9000000.00035782,-70.3390274047852
9000000.00035783,-70.4347152709961
9000000.00035783,-70.5380554199219
9000000.00035784,-70.6497650146484
9000000.00035784,-70.7705612182617
9000000.00035785,-70.9011611938477
9000000.00035786,-71.0422973632813
9000000.00035786,-71.1946716308594
9000000.00035786,-71.3599624633789
9000000.00035787,-71.5495147705078
9000000.00035787,-71.7628479003906
9000000.00035788,-71.9952774047852
9000000.00035788,-72.2421417236328
9000000.00035789,-72.4987716674805
9000000.00035789,-72.760498046875
9000000.0003579,-73.0226593017578
9000000.0003579,-73.2805786132813
9000000.00035791,-73.5296020507813
9000000.00035791,-73.7650527954102
9000000.00035792,-73.9822616577148
9000000.00035792,-74.1765670776367
9000000.00035793,-74.3432922363281
9000000.00035794,-74.4941940307617
9000000.00035794,-74.6424255371094
9000000.00035794,-74.7854156494141
9000000.00035795,-74.9206008911133
9000000.00035795,-75.0454406738281
9000000.00035796,-75.1573486328125
9000000.00035797,-75.2537841796875
9000000.00035797,-75.3321762084961
9000000.00035797,-75.3899688720703
9000000.00035798,-75.4245986938477
9000000.00035798,-75.4335021972656
9000000.00035799,-75.4141235351563
9000000.00035799,-75.3639068603516
9000000.000358,-75.278076171875
9000000.000358,-75.150505065918
9000000.00035801,-74.9856719970703
9000000.00035802,-74.7887649536133
9000000.00035802,-74.5649490356445
9000000.00035802,-74.3194046020508
9000000.00035803,-74.0573120117188
9000000.00035803,-73.7838439941406
9000000.00035804,-73.5041885375977
9000000.00035805,-73.223503112793
9000000.00035805,-72.9469833374023
9000000.00035805,-72.679801940918
9000000.00035806,-72.427131652832
9000000.00035806,-72.1922836303711
9000000.00035807,-71.9552917480469
9000000.00035807,-71.7112197875977
9000000.00035808,-71.4623794555664
9000000.00035808,-71.2110900878906
9000000.00035809,-70.9596786499023
9000000.00035809,-70.7104644775391
9000000.0003581,-70.4657669067383
9000000.0003581,-70.227897644043
9000000.00035811,-69.9991836547852
9000000.00035811,-69.7819366455078
9000000.00035812,-69.5784912109375
9000000.00035813,-69.3911590576172
9000000.00035813,-69.2222595214844
9000000.00035813,-69.0693664550781
9000000.00035814,-68.9282531738281
9000000.00035814,-68.7985382080078
9000000.00035815,-68.6798248291016
9000000.00035816,-68.5717315673828
9000000.00035816,-68.4738616943359
9000000.00035816,-68.3858261108398
9000000.00035817,-68.307243347168
9000000.00035817,-68.2377166748047
9000000.00035818,-68.1768646240234
9000000.00035818,-68.1242980957031
9000000.00035819,-68.0796203613281
9000000.00035819,-68.0424499511719
9000000.0003582,-68.0128479003906
9000000.00035821,-67.992073059082
9000000.00035821,-67.9801635742188
9000000.00035821,-67.9770736694336
9000000.00035822,-67.9827423095703
9000000.00035822,-67.9971160888672
9000000.00035823,-68.0201263427734
9000000.00035824,-68.0517349243164
9000000.00035824,-68.0918655395508
9000000.00035824,-68.1404800415039
9000000.00035825,-68.197509765625
9000000.00035825,-68.2629013061523
9000000.00035826,-68.3365936279297
9000000.00035826,-68.4179306030273
9000000.00035827,-68.4998245239258
9000000.00035827,-68.5822219848633
9000000.00035828,-68.6676864624023
9000000.00035828,-68.7587661743164
9000000.00035829,-68.858024597168
9000000.00035829,-68.9680252075195
9000000.0003583,-69.0913162231445
9000000.0003583,-69.2304534912109
9000000.00035831,-69.3879928588867
9000000.00035832,-69.5665054321289
9000000.00035832,-69.7685317993164
9000000.00035832,-69.9966354370117
9000000.00035833,-70.2533721923828
9000000.00035833,-70.5495376586914
9000000.00035834,-70.8895568847656
9000000.00035835,-71.2664642333984
9000000.00035835,-71.6732711791992
9000000.00035835,-72.1030044555664
9000000.00035836,-72.5486907958984
9000000.00035836,-73.0033569335938
9000000.00035837,-73.4600143432617
9000000.00035837,-73.9116897583008
9000000.00035838,-74.3514099121094
9000000.00035838,-74.7721939086914
9000000.00035839,-75.1670608520508
9000000.0003584,-75.5290451049805
9000000.0003584,-75.8686981201172
9000000.0003584,-76.2341842651367
9000000.00035841,-76.6189880371094
9000000.00035841,-77.0121231079102
9000000.00035842,-77.4026184082031
9000000.00035843,-77.7794876098633
9000000.00035843,-78.1317520141602
9000000.00035843,-78.4484405517578
9000000.00035844,-78.7185745239258
9000000.00035844,-78.9311676025391
9000000.00035845,-79.0752487182617
9000000.00035845,-79.1398391723633
9000000.00035846,-79.1139526367188
9000000.00035846,-78.9851837158203
9000000.00035847,-78.732421875
9000000.00035847,-78.3653182983398
9000000.00035848,-77.9013442993164
9000000.00035848,-77.3579788208008
9000000.00035849,-76.7527008056641
9000000.00035849,-76.1029739379883
9000000.0003585,-75.4262771606445
9000000.00035851,-74.7400894165039
9000000.00035851,-74.061882019043
9000000.00035851,-73.4091339111328
9000000.00035852,-72.79931640625
9000000.00035852,-72.2499008178711
9000000.00035853,-71.7783660888672
9000000.00035854,-71.356315612793
9000000.00035854,-70.9450454711914
9000000.00035854,-70.5465621948242
9000000.00035855,-70.1628723144531
9000000.00035855,-69.7959747314453
9000000.00035856,-69.447883605957
9000000.00035856,-69.12060546875
9000000.00035857,-68.8161392211914
9000000.00035857,-68.5364990234375
9000000.00035858,-68.28369140625
9000000.00035859,-68.0597152709961
9000000.00035859,-67.866584777832
9000000.00035859,-67.706298828125
9000000.0003586,-67.5771865844727
9000000.0003586,-67.4691619873047
9000000.00035861,-67.3830108642578
9000000.00035862,-67.3204345703125
9000000.00035862,-67.2831420898438
9000000.00035862,-67.2728271484375
9000000.00035863,-67.2912139892578
9000000.00035863,-67.3399810791016
9000000.00035864,-67.4208526611328
9000000.00035864,-67.535530090332
9000000.00035865,-67.6857070922852
9000000.00035865,-67.8730926513672
9000000.00035866,-68.0993881225586
9000000.00035866,-68.3685302734375
9000000.00035867,-68.7073516845703
9000000.00035867,-69.1146621704102
9000000.00035868,-69.5794372558594
9000000.00035868,-70.0906372070313
9000000.00035869,-70.6372528076172
9000000.0003587,-71.2082366943359
9000000.0003587,-71.7925720214844
9000000.0003587,-72.3792343139648
9000000.00035871,-72.9571838378906
9000000.00035871,-73.5154037475586
9000000.00035872,-74.0428619384766
9000000.00035873,-74.5285263061523
9000000.00035873,-74.9613723754883
9000000.00035873,-75.372932434082
9000000.00035874,-75.7968139648438
9000000.00035874,-76.2251358032227
9000000.00035875,-76.650016784668
9000000.00035875,-77.0635681152344
9000000.00035876,-77.4579010009766
9000000.00035876,-77.8251419067383
9000000.00035877,-78.1573944091797
9000000.00035878,-78.4467849731445
9000000.00035878,-78.685417175293
9000000.00035878,-78.8654174804688
9000000.00035879,-78.978889465332
9000000.00035879,-79.0179595947266
9000000.0003588,-78.9717330932617
9000000.00035881,-78.8317718505859
9000000.00035881,-78.6088562011719
9000000.00035881,-78.3148956298828
9000000.00035882,-77.9617919921875
9000000.00035882,-77.5614624023438
9000000.00035883,-77.1258087158203
9000000.00035883,-76.6667404174805
9000000.00035884,-76.196159362793
9000000.00035884,-75.7259750366211
9000000.00035885,-75.2680892944336
9000000.00035885,-74.8344192504883
9000000.00035886,-74.4368667602539
9000000.00035886,-74.0837173461914
9000000.00035887,-73.7369842529297
9000000.00035887,-73.3853988647461
9000000.00035888,-73.0315093994141
9000000.00035889,-72.677848815918
9000000.00035889,-72.3269424438477
9000000.00035889,-71.9813385009766
9000000.0003589,-71.6435623168945
9000000.0003589,-71.3161544799805
9000000.00035891,-71.0016555786133
9000000.00035892,-70.7025909423828
9000000.00035892,-70.421501159668
9000000.00035892,-70.1609191894531
9000000.00035893,-69.9233856201172
9000000.00035893,-69.7079086303711
9000000.00035894,-69.510986328125
9000000.00035894,-69.3313980102539
9000000.00035895,-69.1678924560547
9000000.00035895,-69.0192489624023
9000000.00035896,-68.8842315673828
9000000.00035897,-68.7616119384766
9000000.00035897,-68.6501541137695
9000000.00035897,-68.5486221313477
9000000.00035898,-68.4557952880859
9000000.00035898,-68.3704223632813
9000000.00035899,-68.2912902832031
9000000.000359,-68.217155456543
9000000.000359,-68.1470565795898
9000000.000359,-68.0816650390625
9000000.00035901,-68.022102355957
9000000.00035901,-67.9694519042969
9000000.00035902,-67.9247894287109
9000000.00035902,-67.8891983032227
9000000.00035903,-67.86376953125
9000000.00035903,-67.8495864868164
9000000.00035904,-67.8477249145508
9000000.00035904,-67.8592758178711
9000000.00035905,-67.8853149414063
9000000.00035905,-67.9269409179688
9000000.00035906,-67.985221862793
9000000.00035906,-68.0617446899414
9000000.00035907,-68.1628112792969
9000000.00035908,-68.2875137329102
9000000.00035908,-68.4326553344727
9000000.00035908,-68.5950088500977
9000000.00035909,-68.7713775634766
9000000.00035909,-68.9585342407227
9000000.0003591,-69.1532821655273
9000000.0003591,-69.3523941040039
9000000.00035911,-69.5526733398438
9000000.00035911,-69.7509002685547
9000000.00035912,-69.9438552856445
9000000.00035912,-70.1283416748047
9000000.00035913,-70.301139831543
9000000.00035913,-70.4800491333008
9000000.00035914,-70.6806793212891
9000000.00035914,-70.8965377807617
9000000.00035915,-71.1211395263672
9000000.00035916,-71.3479995727539
9000000.00035916,-71.5706329345703
9000000.00035916,-71.7825546264648
9000000.00035917,-71.9772720336914
9000000.00035917,-72.148307800293
9000000.00035918,-72.2891616821289
9000000.00035919,-72.3933486938477
9000000.00035919,-72.4543914794922
9000000.00035919,-72.4657974243164
9000000.0003592,-72.4230041503906
9000000.0003592,-72.3311538696289
9000000.00035921,-72.1956405639648
9000000.00035921,-72.0215682983398
9000000.00035922,-71.8140640258789
9000000.00035922,-71.578239440918
9000000.00035923,-71.3192138671875
9000000.00035923,-71.042106628418
9000000.00035924,-70.7520370483398
9000000.00035924,-70.4541168212891
9000000.00035925,-70.1534729003906
9000000.00035925,-69.8552169799805
9000000.00035926,-69.5644683837891
9000000.00035927,-69.2839813232422
9000000.00035927,-68.9880218505859
9000000.00035927,-68.671630859375
9000000.00035928,-68.3392105102539
9000000.00035928,-67.9951782226563
9000000.00035929,-67.6439437866211
9000000.00035929,-67.289924621582
9000000.0003593,-66.9375305175781
9000000.0003593,-66.5911712646484
9000000.00035931,-66.2552642822266
9000000.00035931,-65.9342269897461
9000000.00035932,-65.6324615478516
9000000.00035932,-65.3543853759766
9000000.00035933,-65.1044082641602
9000000.00035933,-64.8729934692383
9000000.00035934,-64.6487808227539
9000000.00035935,-64.4334106445313
9000000.00035935,-64.2285537719727
9000000.00035935,-64.0358657836914
9000000.00035936,-63.8569946289063
9000000.00035936,-63.693603515625
9000000.00035937,-63.5473518371582
9000000.00035938,-63.4198989868164
9000000.00035938,-63.3128967285156
9000000.00035938,-63.2280044555664
9000000.00035939,-63.1668815612793
9000000.00035939,-63.1311836242676
9000000.0003594,-63.121208190918
9000000.0003594,-63.1332397460938
9000000.00035941,-63.1665916442871
9000000.00035941,-63.2208862304688
9000000.00035942,-63.2957496643066
9000000.00035942,-63.3907928466797
9000000.00035943,-63.5056457519531
9000000.00035943,-63.6399192810059
9000000.00035944,-63.7932434082031
9000000.00035944,-63.9652328491211
9000000.00035945,-64.1555099487305
9000000.00035946,-64.3636932373047
9000000.00035946,-64.5894088745117
9000000.00035946,-64.8341522216797
9000000.00035947,-65.1199417114258
9000000.00035947,-65.4474029541016
9000000.00035948,-65.8091201782227
9000000.00035948,-66.1976623535156
9000000.00035949,-66.6056213378906
9000000.00035949,-67.0255584716797
9000000.0003595,-67.4500579833984
9000000.0003595,-67.871696472168
9000000.00035951,-68.2830505371094
9000000.00035951,-68.6766967773438
9000000.00035952,-69.0452194213867
9000000.00035952,-69.3811874389648
9000000.00035953,-69.6771850585938
9000000.00035954,-69.9441299438477
9000000.00035954,-70.1977005004883
9000000.00035954,-70.4375915527344
9000000.00035955,-70.6635131835938
9000000.00035955,-70.8751678466797
9000000.00035956,-71.0722351074219
9000000.00035957,-71.2544403076172
9000000.00035957,-71.4214706420898
9000000.00035957,-71.5730285644531
9000000.00035958,-71.7088088989258
9000000.00035958,-71.8285217285156
9000000.00035959,-71.9318695068359
9000000.00035959,-72.0185394287109
9000000.0003596,-72.0871124267578
9000000.0003596,-72.1344299316406
9000000.00035961,-72.1617202758789
9000000.00035962,-72.1705322265625
9000000.00035962,-72.1624069213867
9000000.00035962,-72.1388854980469
9000000.00035963,-72.1015090942383
9000000.00035963,-72.0518264770508
9000000.00035964,-71.9913787841797
9000000.00035965,-71.9216995239258
9000000.00035965,-71.844352722168
9000000.00035965,-71.7608642578125
9000000.00035966,-71.6727828979492
9000000.00035966,-71.5804443359375
9000000.00035967,-71.4702911376953
9000000.00035967,-71.3407363891602
9000000.00035968,-71.1951751708984
9000000.00035968,-71.036979675293
9000000.00035969,-70.8695220947266
9000000.00035969,-70.6961975097656
9000000.0003597,-70.5203704833984
9000000.0003597,-70.3454284667969
9000000.00035971,-70.1747436523438
9000000.00035971,-70.0117034912109
9000000.00035972,-69.8596801757813
9000000.00035973,-69.7220611572266
9000000.00035973,-69.6022186279297
9000000.00035973,-69.4931106567383
9000000.00035974,-69.3861923217773
9000000.00035974,-69.2826156616211
9000000.00035975,-69.1835250854492
9000000.00035976,-69.0900650024414
9000000.00035976,-69.0033798217773
9000000.00035976,-68.9246139526367
9000000.00035977,-68.8549118041992
9000000.00035977,-68.7954177856445
9000000.00035978,-68.7472839355469
9000000.00035978,-68.7116546630859
9000000.00035979,-68.6896591186523
9000000.00035979,-68.6824645996094
9000000.0003598,-68.6890640258789
9000000.00035981,-68.7036056518555
9000000.00035981,-68.7265777587891
9000000.00035981,-68.7589721679688
9000000.00035982,-68.8018112182617
9000000.00035982,-68.8561096191406
9000000.00035983,-68.9228591918945
9000000.00035984,-69.0030899047852
9000000.00035984,-69.0978012084961
9000000.00035984,-69.2080078125
9000000.00035985,-69.334716796875
9000000.00035985,-69.4789352416992
9000000.00035986,-69.6416778564453
9000000.00035986,-69.819709777832
9000000.00035987,-69.9634475708008
9000000.00035987,-70.0713424682617
9000000.00035988,-70.1599502563477
9000000.00035988,-70.2458572387695
9000000.00035989,-70.3456420898438
9000000.00035989,-70.4758834838867
9000000.0003599,-70.6531524658203
9000000.0003599,-70.8940200805664
9000000.00035991,-71.2150726318359
9000000.00035992,-71.6328811645508
9000000.00035992,-72.1640243530273
9000000.00035992,-72.8250732421875
9000000.00035993,-73.6326141357422
9000000.00035993,-74.6936874389648
9000000.00035994,-76.0621109008789
9000000.00035995,-77.6746139526367
9000000.00035995,-79.467903137207
9000000.00035995,-81.3787078857422
9000000.00035996,-83.34375
9000000.00035996,-85.2997512817383
9000000.00035997,-87.1834259033203
9000000.00035997,-88.9314956665039
9000000.00035998,-90.4806823730469
9000000.00035998,-91.767707824707
9000000.00035999,-92.7292861938477
9000000.00036,-93.3021545410156
9000000.00036,-93.4391250610352
9000000.00036,-93.1830139160156
9000000.00036001,-92.5884704589844
9000000.00036001,-91.7082595825195
9000000.00036002,-90.5951461791992
9000000.00036003,-89.3019180297852
9000000.00036003,-87.8813323974609
9000000.00036003,-86.3861618041992
9000000.00036004,-84.8691787719727
9000000.00036004,-83.3831481933594
9000000.00036005,-81.9808502197266
9000000.00036005,-80.7150497436523
9000000.00036006,-79.6385116577148
9000000.00036006,-78.7914810180664
9000000.00036007,-78.0470886230469
9000000.00036007,-77.3559417724609
9000000.00036008,-76.7146606445313
9000000.00036008,-76.1198272705078
9000000.00036009,-75.5680618286133
9000000.00036009,-75.0559616088867
9000000.0003601,-74.5801239013672
9000000.00036011,-74.1371612548828
9000000.00036011,-73.7236633300781
9000000.00036011,-73.3362503051758
9000000.00036012,-72.9715194702148
9000000.00036012,-72.6260604858398
9000000.00036013,-72.2964935302734
9000000.00036014,-71.9951858520508
9000000.00036014,-71.7342910766602
9000000.00036014,-71.5100784301758
9000000.00036015,-71.3188323974609
9000000.00036015,-71.1568298339844
9000000.00036016,-71.0203399658203
9000000.00036016,-70.905647277832
9000000.00036017,-70.8090286254883
9000000.00036017,-70.7267532348633
9000000.00036018,-70.6550979614258
9000000.00036019,-70.5903549194336
9000000.00036019,-70.5287780761719
9000000.00036019,-70.4666595458984
9000000.0003602,-70.4026641845703
9000000.0003602,-70.3432769775391
9000000.00036021,-70.2905654907227
9000000.00036022,-70.2461090087891
9000000.00036022,-70.2114639282227
9000000.00036022,-70.1882019042969
9000000.00036023,-70.1779022216797
9000000.00036023,-70.18212890625
9000000.00036024,-70.2024459838867
9000000.00036024,-70.2404251098633
9000000.00036025,-70.2976379394531
9000000.00036025,-70.3756561279297
9000000.00036026,-70.4760360717773
9000000.00036026,-70.6001358032227
9000000.00036027,-70.7458114624023
9000000.00036027,-70.9116287231445
9000000.00036028,-71.0969009399414
9000000.00036028,-71.3009490966797
9000000.00036029,-71.523078918457
9000000.0003603,-71.7626113891602
9000000.0003603,-72.0188751220703
9000000.0003603,-72.2911682128906
9000000.00036031,-72.5788116455078
9000000.00036031,-72.8811264038086
9000000.00036032,-73.1974334716797
9000000.00036033,-73.5270385742188
9000000.00036033,-73.8692626953125
9000000.00036033,-74.2690811157227
9000000.00036034,-74.7576446533203
9000000.00036034,-75.3135452270508
9000000.00036035,-75.9153518676758
9000000.00036035,-76.5416564941406
9000000.00036036,-77.171028137207
9000000.00036036,-77.7820663452148
9000000.00036037,-78.3533325195313
9000000.00036038,-78.8634185791016
9000000.00036038,-79.290901184082
9000000.00036038,-79.614372253418
9000000.00036039,-79.8124008178711
9000000.00036039,-79.8635711669922
9000000.0003604,-79.7483825683594
9000000.00036041,-79.4715576171875
9000000.00036041,-79.0544128417969
9000000.00036041,-78.5185852050781
9000000.00036042,-77.8857116699219
9000000.00036042,-77.1774215698242
9000000.00036043,-76.4153518676758
9000000.00036043,-75.6211471557617
9000000.00036044,-74.8164367675781
9000000.00036044,-74.0228500366211
9000000.00036045,-73.2620239257813
9000000.00036045,-72.5556030273438
9000000.00036046,-71.9252166748047
9000000.00036046,-71.3867111206055
9000000.00036047,-70.8804092407227
9000000.00036047,-70.3859710693359
9000000.00036048,-69.9046936035156
9000000.00036049,-69.4379043579102
9000000.00036049,-68.9869079589844
9000000.00036049,-68.5530090332031
9000000.0003605,-68.1375198364258
9000000.0003605,-67.7417602539063
9000000.00036051,-67.3670272827148
9000000.00036052,-67.0146408081055
9000000.00036052,-66.6859130859375
9000000.00036052,-66.3821487426758
9000000.00036053,-66.1046524047852
9000000.00036053,-65.8511352539063
9000000.00036054,-65.6185684204102
9000000.00036054,-65.4071884155273
9000000.00036055,-65.2172241210938
9000000.00036055,-65.0489273071289
9000000.00036056,-64.9025115966797
9000000.00036057,-64.7782287597656
9000000.00036057,-64.6763076782227
9000000.00036057,-64.5969848632813
9000000.00036058,-64.5404968261719
9000000.00036058,-64.507080078125
9000000.00036059,-64.4969635009766
9000000.0003606,-64.510383605957
9000000.0003606,-64.5469665527344
9000000.0003606,-64.6050262451172
9000000.00036061,-64.6847915649414
9000000.00036061,-64.7866592407227
9000000.00036062,-64.9110260009766
9000000.00036062,-65.0582885742188
9000000.00036063,-65.2288436889648
9000000.00036063,-65.4230804443359
9000000.00036064,-65.6414031982422
9000000.00036064,-65.8842010498047
9000000.00036065,-66.1518707275391
9000000.00036065,-66.4448013305664
9000000.00036066,-66.7634048461914
9000000.00036066,-67.1099700927734
9000000.00036067,-67.5071487426758
9000000.00036068,-67.9548797607422
9000000.00036068,-68.4448089599609
9000000.00036068,-68.9685821533203
9000000.00036069,-69.5178451538086
9000000.00036069,-70.0842514038086
9000000.0003607,-70.6594467163086
9000000.00036071,-71.2350692749023
9000000.00036071,-71.8027801513672
9000000.00036071,-72.3542175292969
9000000.00036072,-72.8810272216797
9000000.00036072,-73.3748626708984
9000000.00036073,-73.8273696899414
9000000.00036073,-74.2668685913086
9000000.00036074,-74.7218322753906
9000000.00036074,-75.1841278076172
9000000.00036075,-75.6456146240234
9000000.00036076,-76.0981597900391
9000000.00036076,-76.5336227416992
9000000.00036076,-76.9438781738281
9000000.00036077,-77.3207778930664
9000000.00036077,-77.6561889648438
9000000.00036078,-77.9419708251953
9000000.00036079,-78.1700057983398
9000000.00036079,-78.3321380615234
9000000.00036079,-78.4202346801758
9000000.0003608,-78.4240951538086
9000000.0003608,-78.3377838134766
9000000.00036081,-78.1716232299805
9000000.00036081,-77.9368286132813
9000000.00036082,-77.6445999145508
9000000.00036082,-77.3061447143555
9000000.00036083,-76.9326553344727
9000000.00036083,-76.5353546142578
9000000.00036084,-76.1254348754883
9000000.00036084,-75.7141036987305
9000000.00036085,-75.3125686645508
9000000.00036085,-74.9320297241211
9000000.00036086,-74.5836944580078
9000000.00036087,-74.2753143310547
9000000.00036087,-73.9706115722656
9000000.00036087,-73.6589889526367
9000000.00036088,-73.3430099487305
9000000.00036088,-73.0252532958984
9000000.00036089,-72.7082901000977
9000000.00036089,-72.3946914672852
9000000.0003609,-72.087028503418
9000000.0003609,-71.7878875732422
9000000.00036091,-71.4998168945313
9000000.00036091,-71.2254104614258
9000000.00036092,-70.9672393798828
9000000.00036092,-70.7278671264648
9000000.00036093,-70.5098648071289
9000000.00036093,-70.312255859375
9000000.00036094,-70.1314849853516
9000000.00036095,-69.9662933349609
9000000.00036095,-69.8154373168945
9000000.00036095,-69.6776580810547
9000000.00036096,-69.5516891479492
9000000.00036096,-69.436279296875
9000000.00036097,-69.3301696777344
9000000.00036098,-69.2321090698242
9000000.00036098,-69.1408309936523
9000000.00036098,-69.0550918579102
9000000.00036099,-68.9736251831055
9000000.00036099,-68.8951797485352
9000000.000361,-68.8188705444336
9000000.000361,-68.7457046508789
9000000.00036101,-68.6767120361328
9000000.00036101,-68.6128845214844
9000000.00036102,-68.5552215576172
9000000.00036103,-68.5047073364258
9000000.00036103,-68.4623336791992
9000000.00036103,-68.429084777832
9000000.00036104,-68.4059524536133
9000000.00036104,-68.393928527832
9000000.00036105,-68.3939971923828
9000000.00036106,-68.4071578979492
9000000.00036106,-68.4343948364258
9000000.00036106,-68.4762725830078
9000000.00036107,-68.5281448364258
9000000.00036107,-68.5890731811523
9000000.00036108,-68.6597747802734
9000000.00036108,-68.7409973144531
9000000.00036109,-68.8334579467773
9000000.00036109,-68.9378967285156
9000000.0003611,-69.0550537109375
9000000.0003611,-69.1856536865234
9000000.00036111,-69.3304290771484
9000000.00036111,-69.4901123046875
9000000.00036112,-69.6654434204102
9000000.00036112,-69.8571472167969
9000000.00036113,-70.0659637451172
9000000.00036114,-70.313232421875
9000000.00036114,-70.6125564575195
9000000.00036114,-70.9530639648438
9000000.00036115,-71.3238677978516
9000000.00036115,-71.7140960693359
9000000.00036116,-72.1128616333008
9000000.00036117,-72.5092849731445
9000000.00036117,-72.8924942016602
9000000.00036117,-73.2516098022461
9000000.00036118,-73.5757446289063
9000000.00036118,-73.8540267944336
9000000.00036119,-74.0755767822266
9000000.00036119,-74.2295150756836
9000000.0003612,-74.3109130859375
9000000.0003612,-74.3358917236328
9000000.00036121,-74.3113250732422
9000000.00036122,-74.2428817749023
9000000.00036122,-74.1362609863281
9000000.00036122,-73.9971313476563
9000000.00036123,-73.831184387207
9000000.00036123,-73.6440887451172
9000000.00036124,-73.4415435791016
9000000.00036125,-73.2292251586914
9000000.00036125,-73.012809753418
9000000.00036125,-72.7979888916016
9000000.00036126,-72.5904388427734
9000000.00036126,-72.3935317993164
9000000.00036127,-72.1823425292969
9000000.00036127,-71.9514007568359
9000000.00036128,-71.7043228149414
9000000.00036128,-71.4447174072266
9000000.00036129,-71.1761932373047
9000000.00036129,-70.9023742675781
9000000.0003613,-70.6268615722656
9000000.0003613,-70.3532791137695
9000000.00036131,-70.0852355957031
9000000.00036131,-69.8263397216797
9000000.00036132,-69.580207824707
9000000.00036133,-69.3504486083984
9000000.00036133,-69.1406784057617
9000000.00036133,-68.9451904296875
9000000.00036134,-68.7560806274414
9000000.00036134,-68.5736999511719
9000000.00036135,-68.3983688354492
9000000.00036136,-68.2304382324219
9000000.00036136,-68.0702438354492
9000000.00036136,-67.9181137084961
9000000.00036137,-67.7743835449219
9000000.00036137,-67.6393966674805
9000000.00036138,-67.5134963989258
9000000.00036138,-67.3970031738281
9000000.00036139,-67.2902679443359
9000000.00036139,-67.1936187744141
9000000.0003614,-67.1055603027344
9000000.00036141,-67.0210723876953
9000000.00036141,-66.9412384033203
9000000.00036141,-66.8676376342773
9000000.00036142,-66.8018569946289
9000000.00036142,-66.7454681396484
9000000.00036143,-66.7000427246094
9000000.00036144,-66.6671752929688
9000000.00036144,-66.6484222412109
9000000.00036144,-66.6453704833984
9000000.00036145,-66.6596069335938
9000000.00036145,-66.6926879882813
9000000.00036146,-66.7462158203125
9000000.00036146,-66.8213806152344
9000000.00036147,-66.9145431518555
9000000.00036147,-67.0242233276367
9000000.00036148,-67.150260925293
9000000.00036148,-67.2925262451172
9000000.00036149,-67.4508514404297
9000000.00036149,-67.6251068115234
9000000.0003615,-67.8151245117188
9000000.0003615,-68.0207672119141
9000000.00036151,-68.2418823242188
9000000.00036152,-68.4783248901367
9000000.00036152,-68.7299423217773
9000000.00036152,-68.9965896606445
9000000.00036153,-69.2781143188477
9000000.00036153,-69.5979843139648
9000000.00036154,-69.9722213745117
9000000.00036155,-70.3895111083984
9000000.00036155,-70.8385391235352
9000000.00036155,-71.307991027832
9000000.00036156,-71.7865371704102
9000000.00036156,-72.2628784179688
9000000.00036157,-72.7256927490234
9000000.00036157,-73.1636581420898
9000000.00036158,-73.5654678344727
9000000.00036158,-73.9197998046875
9000000.00036159,-74.21533203125
9000000.0003616,-74.4407577514648
9000000.0003616,-74.5939788818359
9000000.0003616,-74.7001113891602
9000000.00036161,-74.7638854980469
9000000.00036161,-74.7879867553711
9000000.00036162,-74.7750930786133
9000000.00036163,-74.727897644043
9000000.00036163,-74.6490707397461
9000000.00036163,-74.5413131713867
9000000.00036164,-74.4072952270508
9000000.00036164,-74.2497024536133
9000000.00036165,-74.0712203979492
9000000.00036165,-73.8745346069336
9000000.00036166,-73.6623229980469
9000000.00036166,-73.4347686767578
9000000.00036167,-73.1634063720703
9000000.00036167,-72.8454360961914
9000000.00036168,-72.4884567260742
9000000.00036168,-72.1000671386719
9000000.00036169,-71.6878509521484
9000000.00036169,-71.2594146728516
9000000.0003617,-70.8223419189453
9000000.00036171,-70.3842315673828
9000000.00036171,-69.9526824951172
9000000.00036171,-69.535285949707
9000000.00036172,-69.1396331787109
9000000.00036172,-68.7733306884766
9000000.00036173,-68.443962097168
9000000.00036174,-68.1362609863281
9000000.00036174,-67.8314437866211
9000000.00036174,-67.5317916870117
9000000.00036175,-67.2396087646484
9000000.00036175,-66.9571838378906
9000000.00036176,-66.6868057250977
9000000.00036176,-66.430778503418
9000000.00036177,-66.1913833618164
9000000.00036177,-65.9709243774414
9000000.00036178,-65.7716979980469
9000000.00036179,-65.5959854125977
9000000.00036179,-65.4460906982422
9000000.00036179,-65.3243026733398
9000000.0003618,-65.2307586669922
9000000.0003618,-65.1596069335938
9000000.00036181,-65.1100921630859
9000000.00036182,-65.0819854736328
9000000.00036182,-65.0750350952148
9000000.00036182,-65.0890045166016
9000000.00036183,-65.123649597168
9000000.00036183,-65.1787338256836
9000000.00036184,-65.2539978027344
9000000.00036184,-65.3492126464844
9000000.00036185,-65.4641342163086
9000000.00036185,-65.5985107421875
9000000.00036186,-65.7521133422852
9000000.00036186,-65.9258728027344
9000000.00036187,-66.1336288452148
9000000.00036187,-66.3758010864258
9000000.00036188,-66.6477127075195
9000000.00036188,-66.944694519043
9000000.00036189,-67.262092590332
9000000.0003619,-67.5952377319336
9000000.0003619,-67.9394607543945
9000000.0003619,-68.2901000976563
9000000.00036191,-68.6424942016602
9000000.00036191,-68.9919815063477
9000000.00036192,-69.3338851928711
9000000.00036193,-69.6635437011719
9000000.00036193,-69.9763031005859
9000000.00036193,-70.2901000976563
9000000.00036194,-70.6222915649414
9000000.00036194,-70.96728515625
9000000.00036195,-71.3195037841797
9000000.00036195,-71.6733627319336
9000000.00036196,-72.0232849121094
9000000.00036196,-72.3636856079102
9000000.00036197,-72.6889724731445
9000000.00036198,-72.9935836791992
9000000.00036198,-73.2719268798828
9000000.00036198,-73.5184173583984
9000000.00036199,-73.7274703979492
9000000.00036199,-73.8935165405273
9000000.000362,-74.0160293579102
9000000.00036201,-74.1087951660156
9000000.00036201,-74.1737518310547
9000000.00036201,-74.2116775512695
9000000.00036202,-74.2233428955078
9000000.00036202,-74.2095413208008
9000000.00036203,-74.1710433959961
9000000.00036203,-74.1086273193359
9000000.00036204,-74.023078918457
9000000.00036204,-73.915168762207
9000000.00036205,-73.7856903076172
9000000.00036205,-73.6354064941406
9000000.00036206,-73.4651107788086
9000000.00036206,-73.2736206054688
9000000.00036207,-73.0383071899414
9000000.00036207,-72.7581634521484
9000000.00036208,-72.4404602050781
9000000.00036209,-72.0924911499023
9000000.00036209,-71.7215347290039
9000000.00036209,-71.3348617553711
9000000.0003621,-70.9397583007813
9000000.0003621,-70.5434951782227
9000000.00036211,-70.1533584594727
9000000.00036212,-69.7766342163086
9000000.00036212,-69.4205856323242
9000000.00036212,-69.0925064086914
9000000.00036213,-68.7996673583984
9000000.00036213,-68.5276718139648
9000000.00036214,-68.2586669921875
9000000.00036214,-67.9947204589844
9000000.00036215,-67.7379379272461
9000000.00036215,-67.4903945922852
9000000.00036216,-67.2541809082031
9000000.00036217,-67.0313873291016
9000000.00036217,-66.824089050293
9000000.00036217,-66.6343765258789
9000000.00036218,-66.4643402099609
9000000.00036218,-66.3160705566406
9000000.00036219,-66.1916427612305
9000000.0003622,-66.093147277832
9000000.0003622,-66.0195922851563
9000000.0003622,-65.962532043457
9000000.00036221,-65.9221878051758
9000000.00036221,-65.8995590209961
9000000.00036222,-65.8956069946289
9000000.00036222,-65.9113082885742
9000000.00036223,-65.9476547241211
9000000.00036223,-66.005615234375
9000000.00036224,-66.0861740112305
9000000.00036224,-66.1903076171875
9000000.00036225,-66.3189849853516
9000000.00036225,-66.4731979370117
9000000.00036226,-66.653923034668
9000000.00036226,-66.8629302978516
9000000.00036227,-67.1099166870117
9000000.00036228,-67.3941421508789
9000000.00036228,-67.7112731933594
9000000.00036228,-68.056999206543
9000000.00036229,-68.4269866943359
9000000.00036229,-68.8169326782227
9000000.0003623,-69.2225112915039
9000000.00036231,-69.639404296875
9000000.00036231,-70.0632858276367
9000000.00036231,-70.4898452758789
9000000.00036232,-70.9147567749023
9000000.00036232,-71.3336944580078
9000000.00036233,-71.7423553466797
9000000.00036233,-72.1736679077148
9000000.00036234,-72.6547088623047
9000000.00036234,-73.1723861694336
9000000.00036235,-73.7135848999023
9000000.00036236,-74.2652053833008
9000000.00036236,-74.8141326904297
9000000.00036236,-75.3472671508789
9000000.00036237,-75.8515014648438
9000000.00036237,-76.3137283325195
9000000.00036238,-76.7208480834961
9000000.00036239,-77.0597457885742
9000000.00036239,-77.3173217773438
9000000.00036239,-77.48046875
9000000.0003624,-77.5409774780273
9000000.0003624,-77.5120162963867
9000000.00036241,-77.4036483764648
9000000.00036241,-77.2251586914063
9000000.00036242,-76.9858016967773
9000000.00036242,-76.6948471069336
9000000.00036243,-76.3615646362305
9000000.00036243,-75.9952239990234
9000000.00036244,-75.6050872802734
9000000.00036244,-75.2004165649414
9000000.00036245,-74.7904968261719
9000000.00036245,-74.3845748901367
9000000.00036246,-73.9919281005859
9000000.00036247,-73.6178436279297
9000000.00036247,-73.2190551757813
9000000.00036247,-72.78662109375
9000000.00036248,-72.3273544311523
9000000.00036248,-71.8480529785156
9000000.00036249,-71.3555221557617
9000000.0003625,-70.8565826416016
9000000.0003625,-70.358024597168
9000000.0003625,-69.8666687011719
9000000.00036251,-69.3893127441406
9000000.00036251,-68.9327697753906
9000000.00036252,-68.5038375854492
9000000.00036252,-68.1093292236328
9000000.00036253,-67.7560577392578
9000000.00036253,-67.4313507080078
9000000.00036254,-67.1190567016602
9000000.00036255,-66.8207244873047
9000000.00036255,-66.5379257202148
9000000.00036255,-66.272216796875
9000000.00036256,-66.0251617431641
9000000.00036256,-65.7983169555664
9000000.00036257,-65.5932464599609
9000000.00036258,-65.411506652832
9000000.00036258,-65.2546691894531
9000000.00036258,-65.1242828369141
9000000.00036259,-65.0219116210938
9000000.00036259,-64.9491195678711
9000000.0003626,-64.9040908813477
9000000.0003626,-64.8775482177734
9000000.00036261,-64.8705291748047
9000000.00036261,-64.8849029541016
9000000.00036262,-64.9225387573242
9000000.00036263,-64.9853134155273
9000000.00036263,-65.0751037597656
9000000.00036263,-65.1937713623047
9000000.00036264,-65.3432006835938
9000000.00036264,-65.525260925293
9000000.00036265,-65.7418212890625
9000000.00036266,-65.994758605957
9000000.00036266,-66.2859497070313
9000000.00036266,-66.6188125610352
9000000.00036267,-67.0122451782227
9000000.00036267,-67.4647979736328
9000000.00036268,-67.9680938720703
9000000.00036269,-68.5137481689453
9000000.00036269,-69.0933837890625
9000000.00036269,-69.698616027832
9000000.0003627,-70.3210601806641
9000000.0003627,-70.9523468017578
9000000.00036271,-71.5840759277344
9000000.00036271,-72.207878112793
9000000.00036272,-72.8153762817383
9000000.00036272,-73.3981704711914
9000000.00036273,-73.9478988647461
9000000.00036274,-74.5090713500977
9000000.00036274,-75.1211395263672
9000000.00036274,-75.7680969238281
9000000.00036275,-76.4339599609375
9000000.00036275,-77.1027297973633
9000000.00036276,-77.7584075927734
9000000.00036277,-78.3849945068359
9000000.00036277,-78.9665069580078
9000000.00036277,-79.486930847168
9000000.00036278,-79.930290222168
9000000.00036278,-80.2805709838867
9000000.00036279,-80.5217895507813
9000000.00036279,-80.6379470825195
9000000.0003628,-80.613883972168
9000000.0003628,-80.4514923095703
9000000.00036281,-80.1671676635742
9000000.00036282,-79.7776947021484
9000000.00036282,-79.2998733520508
9000000.00036282,-78.7504806518555
9000000.00036283,-78.1463165283203
9000000.00036283,-77.5041580200195
9000000.00036284,-76.8408050537109
9000000.00036285,-76.1730422973633
9000000.00036285,-75.5176620483398
9000000.00036285,-74.8914489746094
9000000.00036286,-74.3111953735352
9000000.00036286,-73.7883148193359
9000000.00036287,-73.2660903930664
9000000.00036287,-72.7285995483398
9000000.00036288,-72.1805267333984
9000000.00036288,-71.6265640258789
9000000.00036289,-71.071403503418
9000000.00036289,-70.5197372436523
9000000.0003629,-69.9762420654297
9000000.0003629,-69.4456253051758
9000000.00036291,-68.9325714111328
9000000.00036291,-68.4417572021484
9000000.00036292,-67.9778900146484
9000000.00036293,-67.545654296875
9000000.00036293,-67.1497344970703
9000000.00036293,-66.7830429077148
9000000.00036294,-66.4355545043945
9000000.00036294,-66.1075439453125
9000000.00036295,-65.7992858886719
9000000.00036296,-65.5110778808594
9000000.00036296,-65.2431869506836
9000000.00036296,-64.9958953857422
9000000.00036297,-64.7694931030273
9000000.00036297,-64.5642547607422
9000000.00036298,-64.3804626464844
9000000.00036298,-64.218391418457
9000000.00036299,-64.0783309936523
9000000.00036299,-63.9605598449707
9000000.000363,-63.8648986816406
9000000.00036301,-63.7900886535645
9000000.00036301,-63.7361946105957
9000000.00036301,-63.7033996582031
9000000.00036302,-63.6918830871582
9000000.00036302,-63.7018165588379
9000000.00036303,-63.7333831787109
9000000.00036304,-63.7867622375488
9000000.00036304,-63.8621292114258
9000000.00036304,-63.9596633911133
9000000.00036305,-64.0795440673828
9000000.00036305,-64.2219543457031
9000000.00036306,-64.3870697021484
9000000.00036306,-64.5757522583008
9000000.00036307,-64.7961654663086
9000000.00036307,-65.0482559204102
9000000.00036308,-65.3289794921875
9000000.00036308,-65.6352920532227
9000000.00036309,-65.9641494750977
9000000.00036309,-66.3125076293945
9000000.0003631,-66.6773300170898
9000000.0003631,-67.0555648803711
9000000.00036311,-67.4441757202148
9000000.00036312,-67.8401107788086
9000000.00036312,-68.2403335571289
9000000.00036312,-68.6417999267578
9000000.00036313,-69.0414657592773
9000000.00036313,-69.4687576293945
9000000.00036314,-69.9469833374023
9000000.00036315,-70.4638671875
9000000.00036315,-71.0071411132813
9000000.00036315,-71.5645523071289
9000000.00036316,-72.1238327026367
9000000.00036316,-72.6727142333984
9000000.00036317,-73.1989364624023
9000000.00036317,-73.6902389526367
9000000.00036318,-74.1343460083008
9000000.00036318,-74.5190048217773
9000000.00036319,-74.8319473266602
9000000.0003632,-75.060905456543
9000000.0003632,-75.2001266479492
9000000.0003632,-75.2671966552734
9000000.00036321,-75.2700347900391
9000000.00036321,-75.2152633666992
9000000.00036322,-75.1095123291016
9000000.00036323,-74.9594116210938
9000000.00036323,-74.7715759277344
9000000.00036323,-74.5526504516602
9000000.00036324,-74.3092575073242
9000000.00036324,-74.0480270385742
9000000.00036325,-73.7755813598633
9000000.00036325,-73.4985580444336
9000000.00036326,-73.2235717773438
9000000.00036326,-72.9540023803711
9000000.00036327,-72.6540908813477
9000000.00036327,-72.3173599243164
9000000.00036328,-71.9503936767578
9000000.00036328,-71.5597534179688
9000000.00036329,-71.1520233154297
9000000.00036329,-70.7337646484375
9000000.0003633,-70.3115539550781
9000000.00036331,-69.891960144043
9000000.00036331,-69.4815521240234
9000000.00036331,-69.0869140625
9000000.00036332,-68.714599609375
9000000.00036332,-68.3711929321289
9000000.00036333,-68.0632629394531
9000000.00036334,-67.7787246704102
9000000.00036334,-67.5020904541016
9000000.00036334,-67.2347869873047
9000000.00036335,-66.9782485961914
9000000.00036335,-66.7339172363281
9000000.00036336,-66.5032196044922
9000000.00036336,-66.2875900268555
9000000.00036337,-66.0884780883789
9000000.00036337,-65.9073028564453
9000000.00036338,-65.7455062866211
9000000.00036339,-65.6045227050781
9000000.00036339,-65.4857940673828
9000000.00036339,-65.3907470703125
9000000.0003634,-65.3194274902344
9000000.0003634,-65.2680435180664
9000000.00036341,-65.2361755371094
9000000.00036342,-65.2237091064453
9000000.00036342,-65.2305374145508
9000000.00036342,-65.2565689086914
9000000.00036343,-65.3016891479492
9000000.00036343,-65.3657989501953
9000000.00036344,-65.4487838745117
9000000.00036344,-65.5505447387695
9000000.00036345,-65.6709747314453
9000000.00036345,-65.8099746704102
9000000.00036346,-65.9674301147461
9000000.00036346,-66.1441345214844
9000000.00036347,-66.3505554199219
9000000.00036347,-66.5869064331055
9000000.00036348,-66.849609375
9000000.00036348,-67.1350631713867
9000000.00036349,-67.4396667480469
9000000.0003635,-67.7598190307617
9000000.0003635,-68.0919342041016
9000000.0003635,-68.4324111938477
9000000.00036351,-68.7776489257813
9000000.00036351,-69.1240615844727
9000000.00036352,-69.4680328369141
9000000.00036353,-69.8059844970703
9000000.00036353,-70.1343154907227
9000000.00036353,-70.4732513427734
9000000.00036354,-70.8404846191406
9000000.00036354,-71.2286148071289
9000000.00036355,-71.6302108764648
9000000.00036355,-72.0378723144531
9000000.00036356,-72.4441757202148
9000000.00036356,-72.8417129516602
9000000.00036357,-73.2230758666992
9000000.00036358,-73.5808410644531
9000000.00036358,-73.907600402832
9000000.00036358,-74.1959457397461
9000000.00036359,-74.4384536743164
9000000.00036359,-74.6277160644531
9000000.0003636,-74.7601013183594
9000000.00036361,-74.8458251953125
9000000.00036361,-74.8897933959961
9000000.00036361,-74.8961715698242
9000000.00036362,-74.8691253662109
9000000.00036362,-74.8128204345703
9000000.00036363,-74.7314300537109
9000000.00036363,-74.6291198730469
9000000.00036364,-74.5100479125977
9000000.00036364,-74.3783950805664
9000000.00036365,-74.2383193969727
9000000.00036365,-74.0939865112305
9000000.00036366,-73.9495620727539
9000000.00036366,-73.8074111938477
9000000.00036367,-73.6477890014648
9000000.00036367,-73.4666595458984
9000000.00036368,-73.267204284668
9000000.00036369,-73.0525665283203
9000000.00036369,-72.8259201049805
9000000.00036369,-72.5904235839844
9000000.0003637,-72.3492279052734
9000000.0003637,-72.1055145263672
9000000.00036371,-71.8624267578125
9000000.00036372,-71.6231384277344
9000000.00036372,-71.3908004760742
9000000.00036372,-71.168586730957
9000000.00036373,-70.9596481323242
9000000.00036373,-70.7567443847656
9000000.00036374,-70.5514373779297
9000000.00036374,-70.3451309204102
9000000.00036375,-70.1391983032227
9000000.00036375,-69.9350433349609
9000000.00036376,-69.7340469360352
9000000.00036377,-69.5376052856445
9000000.00036377,-69.3470993041992
9000000.00036377,-69.163932800293
9000000.00036378,-68.9894790649414
9000000.00036378,-68.8251342773438
9000000.00036379,-68.6722946166992
9000000.0003638,-68.5323333740234
9000000.0003638,-68.4033508300781
9000000.0003638,-68.2762603759766
9000000.00036381,-68.152214050293
9000000.00036381,-68.0331954956055
9000000.00036382,-67.9211883544922
9000000.00036382,-67.8181991577148
9000000.00036383,-67.726203918457
9000000.00036383,-67.6471862792969
9000000.00036384,-67.5831527709961
9000000.00036384,-67.5360717773438
9000000.00036385,-67.5079498291016
9000000.00036385,-67.5007629394531
9000000.00036386,-67.5165100097656
9000000.00036386,-67.556770324707
9000000.00036387,-67.6176986694336
9000000.00036388,-67.6974411010742
9000000.00036388,-67.7955474853516
9000000.00036388,-67.9115524291992
9000000.00036389,-68.0450210571289
9000000.00036389,-68.1954803466797
9000000.0003639,-68.3624954223633
9000000.00036391,-68.5456085205078
9000000.00036391,-68.7443618774414
9000000.00036391,-68.9583053588867
9000000.00036392,-69.1869812011719
9000000.00036392,-69.4299468994141
9000000.00036393,-69.6867370605469
9000000.00036393,-69.9815444946289
9000000.00036394,-70.3312225341797
9000000.00036394,-70.7243041992188
9000000.00036395,-71.1493301391602
9000000.00036396,-71.594841003418
9000000.00036396,-72.0493774414063
9000000.00036396,-72.5014724731445
9000000.00036397,-72.9396743774414
9000000.00036397,-73.3525238037109
9000000.00036398,-73.7285461425781
9000000.00036399,-74.0562973022461
9000000.00036399,-74.3243103027344
9000000.00036399,-74.5211181640625
9000000.000364,-74.6420669555664
9000000.000364,-74.7056121826172
9000000.00036401,-74.7185440063477
9000000.00036401,-74.6863021850586
9000000.00036402,-74.6142959594727
9000000.00036402,-74.5079574584961
9000000.00036403,-74.372688293457
9000000.00036404,-74.2139282226563
9000000.00036404,-74.0370941162109
9000000.00036404,-73.8476028442383
9000000.00036405,-73.6508712768555
9000000.00036405,-73.4523315429688
9000000.00036406,-73.2573928833008
9000000.00036407,-73.0691223144531
9000000.00036407,-72.8617553710938
9000000.00036407,-72.6300582885742
9000000.00036408,-72.378173828125
9000000.00036408,-72.1102447509766
9000000.00036409,-71.8303985595703
9000000.0003641,-71.5427856445313
9000000.0003641,-71.2515335083008
9000000.0003641,-70.9607925415039
9000000.00036411,-70.674690246582
9000000.00036411,-70.3973770141602
9000000.00036412,-70.1329956054688
9000000.00036412,-69.8856658935547
9000000.00036413,-69.6595458984375
9000000.00036413,-69.4493103027344
9000000.00036414,-69.2467422485352
9000000.00036415,-69.051643371582
9000000.00036415,-68.8637924194336
9000000.00036415,-68.682975769043
9000000.00036416,-68.5089950561523
9000000.00036416,-68.3416290283203
9000000.00036417,-68.1806640625
9000000.00036418,-68.0258941650391
9000000.00036418,-67.8771133422852
9000000.00036418,-67.7341003417969
9000000.00036419,-67.5966491699219
9000000.00036419,-67.4645462036133
9000000.0003642,-67.3369674682617
9000000.0003642,-67.2122116088867
9000000.00036421,-67.0909881591797
9000000.00036421,-66.9741897583008
9000000.00036422,-66.8627166748047
9000000.00036423,-66.757438659668
9000000.00036423,-66.6592559814453
9000000.00036423,-66.5690612792969
9000000.00036424,-66.4877319335938
9000000.00036424,-66.4161682128906
9000000.00036425,-66.3552551269531
9000000.00036426,-66.3058776855469
9000000.00036426,-66.268928527832
9000000.00036426,-66.2450180053711
9000000.00036427,-66.2311172485352
9000000.00036427,-66.2263870239258
9000000.00036428,-66.231086730957
9000000.00036429,-66.2454605102539
9000000.00036429,-66.2697677612305
9000000.00036429,-66.3042602539063
9000000.0003643,-66.3491897583008
9000000.0003643,-66.4048004150391
9000000.00036431,-66.4713592529297
9000000.00036431,-66.5491180419922
9000000.00036432,-66.6383209228516
9000000.00036432,-66.7392272949219
9000000.00036433,-66.8520889282227
9000000.00036434,-66.9852447509766
9000000.00036434,-67.1440582275391
9000000.00036434,-67.3242950439453
9000000.00036435,-67.521728515625
9000000.00036435,-67.7321243286133
9000000.00036436,-67.9512557983398
9000000.00036437,-68.1748809814453
9000000.00036437,-68.3987884521484
9000000.00036437,-68.6187286376953
9000000.00036438,-68.8304901123047
9000000.00036438,-69.0298309326172
9000000.00036439,-69.212516784668
9000000.00036439,-69.3743286132813
9000000.0003644,-69.5171890258789
9000000.0003644,-69.657958984375
9000000.00036441,-69.7962493896484
9000000.00036442,-69.93017578125
9000000.00036442,-70.0578536987305
9000000.00036442,-70.1773910522461
9000000.00036443,-70.2869033813477
9000000.00036443,-70.3845062255859
9000000.00036444,-70.4683151245117
9000000.00036445,-70.5364456176758
9000000.00036445,-70.5869979858398
9000000.00036445,-70.6180953979492
9000000.00036446,-70.6278610229492
9000000.00036446,-70.6139755249023
9000000.00036447,-70.5708923339844
9000000.00036448,-70.5002365112305
9000000.00036448,-70.4056854248047
9000000.00036448,-70.2909469604492
9000000.00036449,-70.1596908569336
9000000.00036449,-70.0156097412109
9000000.0003645,-69.8623886108398
9000000.0003645,-69.7037200927734
9000000.00036451,-69.5432891845703
9000000.00036451,-69.3847885131836
9000000.00036452,-69.2318878173828
9000000.00036453,-69.0882949829102
9000000.00036453,-68.9576797485352
9000000.00036453,-68.8304290771484
9000000.00036454,-68.6959228515625
9000000.00036454,-68.5563507080078
9000000.00036455,-68.4139022827148
9000000.00036456,-68.2707672119141
9000000.00036456,-68.1291275024414
9000000.00036456,-67.9911804199219
9000000.00036457,-67.8591232299805
9000000.00036457,-67.7351226806641
9000000.00036458,-67.6213912963867
9000000.00036458,-67.5201110839844
9000000.00036459,-67.433464050293
9000000.00036459,-67.3636474609375
9000000.0003646,-67.3080215454102
9000000.00036461,-67.2533416748047
9000000.00036461,-67.2011184692383
9000000.00036461,-67.1540603637695
9000000.00036462,-67.1149063110352
9000000.00036462,-67.0863800048828
9000000.00036463,-67.0711898803711
9000000.00036464,-67.0720672607422
9000000.00036464,-67.0917434692383
9000000.00036464,-67.1329345703125
9000000.00036465,-67.1983642578125
9000000.00036465,-67.2907562255859
9000000.00036466,-67.4128341674805
9000000.00036466,-67.5650634765625
9000000.00036467,-67.7218551635742
9000000.00036467,-67.8804244995117
9000000.00036468,-68.0473022460938
9000000.00036468,-68.2290344238281
9000000.00036469,-68.4321594238281
9000000.00036469,-68.6632232666016
9000000.0003647,-68.9287567138672
9000000.0003647,-69.2353134155273
9000000.00036471,-69.5894241333008
9000000.00036472,-69.9976348876953
9000000.00036472,-70.4664840698242
9000000.00036472,-71.0025177001953
9000000.00036473,-71.6122665405273
9000000.00036473,-72.3658828735352
9000000.00036474,-73.3034439086914
9000000.00036475,-74.3864059448242
9000000.00036475,-75.5762405395508
9000000.00036475,-76.8343887329102
9000000.00036476,-78.122314453125
9000000.00036476,-79.401481628418
9000000.00036477,-80.6333465576172
9000000.00036477,-81.7793579101563
9000000.00036478,-82.8009872436523
9000000.00036478,-83.6596908569336
9000000.00036479,-84.3169174194336
9000000.0003648,-84.7341232299805
9000000.0003648,-84.882942199707
9000000.0003648,-84.7903747558594
9000000.00036481,-84.4894332885742
9000000.00036481,-84.0119018554688
9000000.00036482,-83.3895492553711
9000000.00036483,-82.6541519165039
9000000.00036483,-81.8374862670898
9000000.00036483,-80.9713287353516
9000000.00036484,-80.0874481201172
9000000.00036484,-79.2176208496094
9000000.00036485,-78.3936309814453
9000000.00036485,-77.6472396850586
9000000.00036486,-77.0102310180664
9000000.00036486,-76.5067520141602
9000000.00036487,-76.0594863891602
9000000.00036487,-75.6386947631836
9000000.00036488,-75.2426452636719
9000000.00036488,-74.8696212768555
9000000.00036489,-74.5179061889648
9000000.00036489,-74.1857833862305
9000000.0003649,-73.8715286254883
9000000.00036491,-73.5734176635742
9000000.00036491,-73.2897338867188
9000000.00036491,-73.0187606811523
9000000.00036492,-72.7587738037109
9000000.00036492,-72.5080642700195
9000000.00036493,-72.264892578125
9000000.00036494,-72.0345993041992
9000000.00036494,-71.8226852416992
9000000.00036494,-71.6277389526367
9000000.00036495,-71.4483261108398
9000000.00036495,-71.2830200195313
9000000.00036496,-71.1303863525391
9000000.00036496,-70.989013671875
9000000.00036497,-70.8574676513672
9000000.00036497,-70.7343215942383
9000000.00036498,-70.6181411743164
9000000.00036499,-70.5075149536133
9000000.00036499,-70.4010009765625
9000000.00036499,-70.2971801757813
9000000.000365,-70.1945114135742
9000000.000365,-70.0926361083984
9000000.00036501,-69.9931716918945
9000000.00036502,-69.8978118896484
9000000.00036502,-69.8082580566406
9000000.00036502,-69.7262191772461
9000000.00036503,-69.6533889770508
9000000.00036503,-69.5914688110352
9000000.00036504,-69.5421524047852
9000000.00036504,-69.5071563720703
9000000.00036505,-69.4881591796875
9000000.00036505,-69.4868850708008
9000000.00036506,-69.505012512207
9000000.00036506,-69.5428695678711
9000000.00036507,-69.5848159790039
9000000.00036507,-69.6290969848633
9000000.00036508,-69.6796951293945
9000000.00036508,-69.7405700683594
9000000.00036509,-69.8156967163086
9000000.0003651,-69.9090347290039
9000000.0003651,-70.0245590209961
9000000.0003651,-70.1662292480469
9000000.00036511,-70.3380279541016
9000000.00036511,-70.5439071655273
9000000.00036512,-70.787841796875
9000000.00036513,-71.0737991333008
9000000.00036513,-71.4057540893555
9000000.00036513,-71.8268508911133
9000000.00036514,-72.3618316650391
9000000.00036514,-72.9870147705078
9000000.00036515,-73.6787185668945
9000000.00036515,-74.4132690429688
9000000.00036516,-75.1669921875
9000000.00036516,-75.9162063598633
9000000.00036517,-76.6372375488281
9000000.00036518,-77.3064041137695
9000000.00036518,-77.9000396728516
9000000.00036518,-78.3944549560547
9000000.00036519,-78.7659759521484
9000000.00036519,-78.9909286499023
9000000.0003652,-79.0554351806641
9000000.00036521,-78.9859237670898
9000000.00036521,-78.7998352050781
9000000.00036521,-78.5128936767578
9000000.00036522,-78.1408081054688
9000000.00036522,-77.6993179321289
9000000.00036523,-77.2041244506836
9000000.00036523,-76.6709671020508
9000000.00036524,-76.1155624389648
9000000.00036524,-75.5536193847656
9000000.00036525,-75.0008773803711
9000000.00036525,-74.4730529785156
9000000.00036526,-73.9858627319336
9000000.00036526,-73.5500106811523
9000000.00036527,-73.1126861572266
9000000.00036527,-72.6589660644531
9000000.00036528,-72.1931457519531
9000000.00036529,-71.7195205688477
9000000.00036529,-71.2423858642578
9000000.00036529,-70.7660293579102
9000000.0003653,-70.2947540283203
9000000.0003653,-69.8328475952148
9000000.00036531,-69.3845977783203
9000000.00036532,-68.9543075561523
9000000.00036532,-68.546272277832
9000000.00036532,-68.1647796630859
9000000.00036533,-67.8141174316406
9000000.00036533,-67.4874725341797
9000000.00036534,-67.175422668457
9000000.00036534,-66.8783950805664
9000000.00036535,-66.596809387207
9000000.00036535,-66.3310852050781
9000000.00036536,-66.0816421508789
9000000.00036537,-65.8488998413086
9000000.00036537,-65.6332778930664
9000000.00036537,-65.4352035522461
9000000.00036538,-65.2550888061523
9000000.00036538,-65.0933609008789
9000000.00036539,-64.950439453125
9000000.0003654,-64.8267440795898
9000000.0003654,-64.7226409912109
9000000.0003654,-64.6380081176758
9000000.00036541,-64.5724334716797
9000000.00036541,-64.5255126953125
9000000.00036542,-64.4968338012695
9000000.00036542,-64.485969543457
9000000.00036543,-64.4925231933594
9000000.00036543,-64.5160827636719
9000000.00036544,-64.5562286376953
9000000.00036545,-64.612548828125
9000000.00036545,-64.6846313476563
9000000.00036545,-64.7720718383789
9000000.00036546,-64.8744583129883
9000000.00036546,-64.9923324584961
9000000.00036547,-65.1369400024414
9000000.00036548,-65.3087997436523
9000000.00036548,-65.5043182373047
9000000.00036548,-65.7199096679688
9000000.00036549,-65.9519805908203
9000000.00036549,-66.1969528198242
9000000.0003655,-66.4512329101563
9000000.00036551,-66.7112274169922
9000000.00036551,-66.9733581542969
9000000.00036551,-67.2340240478516
9000000.00036552,-67.4896469116211
9000000.00036552,-67.7366333007813
9000000.00036553,-67.9713973999023
9000000.00036553,-68.2098083496094
9000000.00036554,-68.4666061401367
9000000.00036554,-68.7364883422852
9000000.00036555,-69.0141677856445
9000000.00036556,-69.2943344116211
9000000.00036556,-69.5716934204102
9000000.00036556,-69.8409423828125
9000000.00036557,-70.096794128418
9000000.00036557,-70.3339462280273
9000000.00036558,-70.5470962524414
9000000.00036559,-70.7309494018555
9000000.00036559,-70.8802032470703
9000000.00036559,-70.9895629882813
9000000.0003656,-71.0568466186523
9000000.0003656,-71.0905151367188
9000000.00036561,-71.0937271118164
9000000.00036561,-71.0690231323242
9000000.00036562,-71.0189361572266
9000000.00036562,-70.9460067749023
9000000.00036563,-70.8527603149414
9000000.00036564,-70.7417373657227
9000000.00036564,-70.6154632568359
9000000.00036564,-70.4764862060547
9000000.00036565,-70.3273391723633
9000000.00036565,-70.1705474853516
9000000.00036566,-70.0086517333984
9000000.00036567,-69.8424682617188
9000000.00036567,-69.6528396606445
9000000.00036567,-69.4372177124023
9000000.00036568,-69.2000503540039
9000000.00036568,-68.94580078125
9000000.00036569,-68.6789016723633
9000000.0003657,-68.4038162231445
9000000.0003657,-68.1249923706055
9000000.0003657,-67.8468856811523
9000000.00036571,-67.5739364624023
9000000.00036571,-67.3106002807617
9000000.00036572,-67.0613327026367
9000000.00036572,-66.8305740356445
9000000.00036573,-66.6227874755859
9000000.00036573,-66.4278564453125
9000000.00036574,-66.2339782714844
9000000.00036575,-66.0430679321289
9000000.00036575,-65.8570327758789
9000000.00036575,-65.6777801513672
9000000.00036576,-65.5072250366211
9000000.00036576,-65.347282409668
9000000.00036577,-65.1998519897461
9000000.00036578,-65.0668563842773
9000000.00036578,-64.9501953125
9000000.00036578,-64.8517837524414
9000000.00036579,-64.7735366821289
9000000.00036579,-64.7173614501953
9000000.0003658,-64.6826629638672
9000000.0003658,-64.6626358032227
9000000.00036581,-64.6572036743164
9000000.00036581,-64.6669387817383
9000000.00036582,-64.6923675537109
9000000.00036583,-64.7340469360352
9000000.00036583,-64.7925186157227
9000000.00036583,-64.8683319091797
9000000.00036584,-64.9620361328125
9000000.00036584,-65.0741806030273
9000000.00036585,-65.2053070068359
9000000.00036586,-65.35595703125
9000000.00036586,-65.5266876220703
9000000.00036586,-65.7184524536133
9000000.00036587,-65.9362182617188
9000000.00036587,-66.179573059082
9000000.00036588,-66.4462432861328
9000000.00036589,-66.7339859008789
9000000.00036589,-67.0405349731445
9000000.00036589,-67.3636322021484
9000000.0003659,-67.7010269165039
9000000.0003659,-68.0504608154297
9000000.00036591,-68.40966796875
9000000.00036591,-68.7763977050781
9000000.00036592,-69.1483840942383
9000000.00036592,-69.5233840942383
9000000.00036593,-69.8991317749023
9000000.00036594,-70.3052520751953
9000000.00036594,-70.764274597168
9000000.00036594,-71.2633209228516
9000000.00036595,-71.7895050048828
9000000.00036595,-72.3299407958984
9000000.00036596,-72.8717422485352
9000000.00036597,-73.4020233154297
9000000.00036597,-73.9078979492188
9000000.00036597,-74.3764877319336
9000000.00036598,-74.7948989868164
9000000.00036598,-75.1502456665039
9000000.00036599,-75.4296417236328
9000000.00036599,-75.6202163696289
9000000.000366,-75.7154083251953
9000000.000366,-75.7323837280273
9000000.00036601,-75.6798324584961
9000000.00036602,-75.5652313232422
9000000.00036602,-75.3960723876953
9000000.00036602,-75.1798248291016
9000000.00036603,-74.9239883422852
9000000.00036603,-74.6360244750977
9000000.00036604,-74.3234329223633
9000000.00036605,-73.9936828613281
9000000.00036605,-73.6542663574219
9000000.00036605,-73.3126602172852
9000000.00036606,-72.9763412475586
9000000.00036606,-72.6493148803711
9000000.00036607,-72.2933959960938
9000000.00036608,-71.9013290405273
9000000.00036608,-71.4797515869141
9000000.00036608,-71.0353012084961
9000000.00036609,-70.5746307373047
9000000.00036609,-70.104362487793
9000000.0003661,-69.6311569213867
9000000.0003661,-69.1616439819336
9000000.00036611,-68.7024688720703
9000000.00036611,-68.2602691650391
9000000.00036612,-67.8416976928711
9000000.00036613,-67.4533767700195
9000000.00036613,-67.1019668579102
9000000.00036613,-66.7755126953125
9000000.00036614,-66.4585494995117
9000000.00036614,-66.1523818969727
9000000.00036615,-65.8583297729492
9000000.00036616,-65.5777206420898
9000000.00036616,-65.3118743896484
9000000.00036616,-65.0621109008789
9000000.00036617,-64.8297424316406
9000000.00036617,-64.6160888671875
9000000.00036618,-64.4224853515625
9000000.00036618,-64.2502365112305
9000000.00036619,-64.1006622314453
9000000.00036619,-63.9750938415527
9000000.0003662,-63.8732566833496
9000000.00036621,-63.7908134460449
9000000.00036621,-63.7276191711426
9000000.00036621,-63.6839065551758
9000000.00036622,-63.6599044799805
9000000.00036622,-63.6558494567871
9000000.00036623,-63.6719703674316
9000000.00036624,-63.70849609375
9000000.00036624,-63.7656631469727
9000000.00036624,-63.8437042236328
9000000.00036625,-63.9428443908691
9000000.00036625,-64.0633163452148
9000000.00036626,-64.2053604125977
9000000.00036627,-64.3696060180664
9000000.00036627,-64.5609664916992
9000000.00036627,-64.779296875
9000000.00036628,-65.0226593017578
9000000.00036628,-65.2891006469727
9000000.00036629,-65.5766754150391
9000000.00036629,-65.8834533691406
9000000.0003663,-66.2074737548828
9000000.0003663,-66.5468063354492
9000000.00036631,-66.8994979858398
9000000.00036632,-67.2636108398438
9000000.00036632,-67.6371917724609
9000000.00036632,-68.0183029174805
9000000.00036633,-68.4050064086914
9000000.00036633,-68.8237838745117
9000000.00036634,-69.2947082519531
9000000.00036635,-69.8062057495117
9000000.00036635,-70.3467102050781
9000000.00036635,-70.9046325683594
9000000.00036636,-71.4684143066406
9000000.00036636,-72.0264663696289
9000000.00036637,-72.5672302246094
9000000.00036637,-73.0791168212891
9000000.00036638,-73.5505676269531
9000000.00036638,-73.9700012207031
9000000.00036639,-74.3258361816406
9000000.0003664,-74.6065139770508
9000000.0003664,-74.8093414306641
9000000.0003664,-74.9585418701172
9000000.00036641,-75.0593795776367
9000000.00036641,-75.1151733398438
9000000.00036642,-75.1292266845703
9000000.00036643,-75.1048583984375
9000000.00036643,-75.0453872680664
9000000.00036643,-74.9541244506836
9000000.00036644,-74.8343811035156
9000000.00036644,-74.6894683837891
9000000.00036645,-74.5227127075195
9000000.00036645,-74.3374176025391
9000000.00036646,-74.1369018554688
9000000.00036646,-73.9216079711914
9000000.00036647,-73.6590423583984
9000000.00036647,-73.3457946777344
9000000.00036648,-72.9902954101563
9000000.00036648,-72.6009902954102
9000000.00036649,-72.1863174438477
9000000.00036649,-71.7547149658203
9000000.0003665,-71.3146362304688
9000000.00036651,-70.87451171875
9000000.00036651,-70.4427871704102
9000000.00036651,-70.0279083251953
9000000.00036652,-69.6383056640625
9000000.00036652,-69.2824172973633
9000000.00036653,-68.9687042236328
9000000.00036654,-68.6800994873047
9000000.00036654,-68.3956604003906
9000000.00036654,-68.1179809570313
9000000.00036655,-67.8496475219727
9000000.00036655,-67.5932464599609
9000000.00036656,-67.3513793945313
9000000.00036656,-67.1266250610352
9000000.00036657,-66.9215850830078
9000000.00036657,-66.7388381958008
9000000.00036658,-66.5809783935547
9000000.00036659,-66.4506072998047
9000000.00036659,-66.3502960205078
9000000.00036659,-66.2826538085938
9000000.0003666,-66.2438583374023
9000000.0003666,-66.2163238525391
9000000.00036661,-66.2024002075195
9000000.00036662,-66.2060241699219
9000000.00036662,-66.2311782836914
9000000.00036662,-66.2818069458008
9000000.00036663,-66.3618850708008
9000000.00036663,-66.4753646850586
9000000.00036664,-66.6262054443359
9000000.00036664,-66.8183670043945
9000000.00036665,-67.0558166503906
9000000.00036665,-67.3425140380859
9000000.00036666,-67.6824111938477
9000000.00036666,-68.0834808349609
9000000.00036667,-68.5943984985352
9000000.00036667,-69.2122192382813
9000000.00036668,-69.916145324707
9000000.00036668,-70.6853790283203
9000000.00036669,-71.4991302490234
9000000.0003667,-72.3366012573242
9000000.0003667,-73.1769943237305
9000000.0003667,-73.99951171875
9000000.00036671,-74.7833709716797
9000000.00036671,-75.5077590942383
9000000.00036672,-76.1518936157227
9000000.00036673,-76.6949768066406
9000000.00036673,-77.1162109375
9000000.00036673,-77.4353790283203
9000000.00036674,-77.689079284668
9000000.00036674,-77.8817367553711
9000000.00036675,-78.0177764892578
9000000.00036675,-78.1016387939453
9000000.00036676,-78.1377334594727
9000000.00036676,-78.1304931640625
9000000.00036677,-78.0843505859375
9000000.00036678,-78.0037231445313
9000000.00036678,-77.8930435180664
9000000.00036678,-77.7567367553711
9000000.00036679,-77.5992279052734
9000000.00036679,-77.4249420166016
9000000.0003668,-77.2259674072266
9000000.00036681,-76.9683837890625
9000000.00036681,-76.6572952270508
9000000.00036681,-76.3009796142578
9000000.00036682,-75.9076843261719
9000000.00036682,-75.4856796264648
9000000.00036683,-75.0432281494141
9000000.00036683,-74.5885925292969
9000000.00036684,-74.1300430297852
9000000.00036684,-73.6758346557617
9000000.00036685,-73.2342300415039
9000000.00036685,-72.8135070800781
9000000.00036686,-72.4219055175781
9000000.00036686,-72.065315246582
9000000.00036687,-71.7187728881836
9000000.00036687,-71.3744812011719
9000000.00036688,-71.0336990356445
9000000.00036689,-70.6977005004883
9000000.00036689,-70.3677368164063
9000000.00036689,-70.0450820922852
9000000.0003669,-69.7309875488281
9000000.0003669,-69.4267272949219
9000000.00036691,-69.1335601806641
9000000.00036692,-68.8527450561523
9000000.00036692,-68.5855484008789
9000000.00036692,-68.3332366943359
9000000.00036693,-68.0970687866211
9000000.00036693,-67.8749389648438
9000000.00036694,-67.6640243530273
9000000.00036694,-67.464485168457
9000000.00036695,-67.2764892578125
9000000.00036695,-67.1002197265625
9000000.00036696,-66.9358291625977
9000000.00036697,-66.7835083007813
9000000.00036697,-66.6434097290039
9000000.00036697,-66.5157165527344
9000000.00036698,-66.4005889892578
9000000.00036698,-66.2982025146484
9000000.00036699,-66.2087249755859
9000000.000367,-66.1323318481445
9000000.000367,-66.0675659179688
9000000.000367,-66.0099716186523
9000000.00036701,-65.9606628417969
9000000.00036701,-65.9211654663086
9000000.00036702,-65.8930282592773
9000000.00036702,-65.8777770996094
9000000.00036703,-65.8769607543945
9000000.00036703,-65.8921127319336
9000000.00036704,-65.9247665405273
9000000.00036705,-65.9764709472656
9000000.00036705,-66.0487442016602
9000000.00036705,-66.1431427001953
9000000.00036706,-66.2611999511719
9000000.00036706,-66.4010772705078
9000000.00036707,-66.5238265991211
9000000.00036708,-66.6275482177734
9000000.00036708,-66.7245712280273
9000000.00036708,-66.8272705078125
9000000.00036709,-66.9479751586914
9000000.00036709,-67.0990447998047
9000000.0003671,-67.2928161621094
9000000.00036711,-67.5416564941406
9000000.00036711,-67.8578948974609
9000000.00036711,-68.2538986206055
9000000.00036712,-68.7419967651367
9000000.00036712,-69.3345565795898
9000000.00036713,-70.0439147949219
9000000.00036713,-70.9541625976563
9000000.00036714,-72.1083068847656
9000000.00036714,-73.4571075439453
9000000.00036715,-74.9513092041016
9000000.00036716,-76.5416717529297
9000000.00036716,-78.1789398193359
9000000.00036716,-79.8138656616211
9000000.00036717,-81.3972015380859
9000000.00036717,-82.8796997070313
9000000.00036718,-84.2121047973633
9000000.00036719,-85.3451766967773
9000000.00036719,-86.2296600341797
9000000.00036719,-86.8163146972656
9000000.0003672,-87.0723114013672
9000000.0003672,-87.0417098999023
9000000.00036721,-86.7639312744141
9000000.00036721,-86.2759094238281
9000000.00036722,-85.6145477294922
9000000.00036722,-84.816780090332
9000000.00036723,-83.9195175170898
9000000.00036724,-82.9596786499023
9000000.00036724,-81.9741973876953
9000000.00036724,-80.9999771118164
9000000.00036725,-80.0739440917969
9000000.00036725,-79.2330169677734
9000000.00036726,-78.5141143798828
9000000.00036727,-77.9453277587891
9000000.00036727,-77.4372024536133
9000000.00036727,-76.9551773071289
9000000.00036728,-76.4971237182617
9000000.00036728,-76.060905456543
9000000.00036729,-75.644401550293
9000000.0003673,-75.245475769043
9000000.0003673,-74.8619918823242
9000000.0003673,-74.4918212890625
9000000.00036731,-74.1328353881836
9000000.00036731,-73.7829055786133
9000000.00036732,-73.4398956298828
9000000.00036732,-73.101676940918
9000000.00036733,-72.7661209106445
9000000.00036733,-72.4343643188477
9000000.00036734,-72.1095657348633
9000000.00036735,-71.792610168457
9000000.00036735,-71.484375
9000000.00036735,-71.1857528686523
9000000.00036736,-70.8976135253906
9000000.00036736,-70.6208572387695
9000000.00036737,-70.3563537597656
9000000.00036738,-70.1049880981445
9000000.00036738,-69.8676605224609
9000000.00036738,-69.6452331542969
9000000.00036739,-69.4385986328125
9000000.00036739,-69.2486419677734
9000000.0003674,-69.0727233886719
9000000.0003674,-68.9011459350586
9000000.00036741,-68.7357711791992
9000000.00036741,-68.5793762207031
9000000.00036742,-68.4347534179688
9000000.00036743,-68.3046722412109
9000000.00036743,-68.1919250488281
9000000.00036743,-68.0992736816406
9000000.00036744,-68.0295104980469
9000000.00036744,-67.9854125976563
9000000.00036745,-67.9697647094727
9000000.00036746,-67.9853439331055
9000000.00036746,-68.0349273681641
9000000.00036746,-68.1220626831055
9000000.00036747,-68.2567749023438
9000000.00036747,-68.4366836547852
9000000.00036748,-68.6557159423828
9000000.00036749,-68.9077835083008
9000000.00036749,-69.1868057250977
9000000.00036749,-69.4867172241211
9000000.0003675,-69.8014297485352
9000000.0003675,-70.1248550415039
9000000.00036751,-70.450927734375
9000000.00036751,-70.7735595703125
9000000.00036752,-71.0866775512695
9000000.00036752,-71.3842010498047
9000000.00036753,-71.660041809082
9000000.00036754,-71.9357299804688
9000000.00036754,-72.2325897216797
9000000.00036754,-72.5442657470703
9000000.00036755,-72.8643951416016
9000000.00036755,-73.1866149902344
9000000.00036756,-73.5045623779297
9000000.00036757,-73.811882019043
9000000.00036757,-74.1022109985352
9000000.00036757,-74.3691864013672
9000000.00036758,-74.6064453125
9000000.00036758,-74.8076248168945
9000000.00036759,-74.9663619995117
9000000.00036759,-75.0763092041016
9000000.0003676,-75.1348037719727
9000000.0003676,-75.1519088745117
9000000.00036761,-75.131462097168
9000000.00036762,-75.0765380859375
9000000.00036762,-74.9902114868164
9000000.00036762,-74.8755569458008
9000000.00036763,-74.7356567382813
9000000.00036763,-74.5735855102539
9000000.00036764,-74.3924255371094
9000000.00036765,-74.1952438354492
9000000.00036765,-73.9851226806641
9000000.00036765,-73.76513671875
9000000.00036766,-73.5383682250977
9000000.00036766,-73.305908203125
9000000.00036767,-73.0456848144531
9000000.00036768,-72.7546157836914
9000000.00036768,-72.4376907348633
9000000.00036768,-72.0998916625977
9000000.00036769,-71.746208190918
9000000.00036769,-71.3816223144531
9000000.0003677,-71.0111236572266
9000000.0003677,-70.6396865844727
9000000.00036771,-70.2723007202148
9000000.00036771,-69.9139556884766
9000000.00036772,-69.5696334838867
9000000.00036773,-69.2443084716797
9000000.00036773,-68.9429779052734
9000000.00036773,-68.6535949707031
9000000.00036774,-68.3624572753906
9000000.00036774,-68.0720520019531
9000000.00036775,-67.7848587036133
9000000.00036776,-67.5033874511719
9000000.00036776,-67.2301254272461
9000000.00036776,-66.9675521850586
9000000.00036777,-66.7181701660156
9000000.00036777,-66.4844665527344
9000000.00036778,-66.268928527832
9000000.00036778,-66.0740509033203
9000000.00036779,-65.9023208618164
9000000.00036779,-65.756233215332
9000000.0003678,-65.634407043457
9000000.00036781,-65.5262145996094
9000000.00036781,-65.4320907592773
9000000.00036781,-65.3534088134766
9000000.00036782,-65.2915420532227
9000000.00036782,-65.2478790283203
9000000.00036783,-65.2237854003906
9000000.00036784,-65.2206497192383
9000000.00036784,-65.2398452758789
9000000.00036784,-65.2827529907227
9000000.00036785,-65.3507385253906
9000000.00036785,-65.4451904296875
9000000.00036786,-65.5674896240234
9000000.00036787,-65.7169418334961
9000000.00036787,-65.8698501586914
9000000.00036787,-66.0246658325195
9000000.00036788,-66.1884918212891
9000000.00036788,-66.3684310913086
9000000.00036789,-66.5716018676758
9000000.00036789,-66.8050994873047
9000000.0003679,-67.0760345458984
9000000.0003679,-67.3915252685547
9000000.00036791,-67.758659362793
9000000.00036792,-68.1845626831055
9000000.00036792,-68.6763305664063
9000000.00036792,-69.2410736083984
9000000.00036793,-69.8859024047852
9000000.00036793,-70.6918716430664
9000000.00036794,-71.705810546875
9000000.00036795,-72.8834838867188
9000000.00036795,-74.1806488037109
9000000.00036795,-75.5530776977539
9000000.00036796,-76.95654296875
9000000.00036796,-78.3467864990234
9000000.00036797,-79.6795959472656
9000000.00036797,-80.9107284545898
9000000.00036798,-81.9959411621094
9000000.00036798,-82.8910064697266
9000000.00036799,-83.5516891479492
9000000.000368,-83.9337463378906
9000000.000368,-84.0044250488281
9000000.000368,-83.7942352294922
9000000.00036801,-83.3412017822266
9000000.00036801,-82.6819839477539
9000000.00036802,-81.8532562255859
9000000.00036803,-80.8916778564453
9000000.00036803,-79.8339157104492
9000000.00036803,-78.7166213989258
9000000.00036804,-77.5764617919922
9000000.00036804,-76.4501113891602
9000000.00036805,-75.3742141723633
9000000.00036806,-74.3854522705078
9000000.00036806,-73.5204696655273
9000000.00036806,-72.8065795898438
9000000.00036807,-72.1479415893555
9000000.00036807,-71.510139465332
9000000.00036808,-70.8935241699219
9000000.00036808,-70.2984619140625
9000000.00036809,-69.7253112792969
9000000.00036809,-69.1744232177734
9000000.0003681,-68.6461563110352
9000000.00036811,-68.140869140625
9000000.00036811,-67.6589202880859
9000000.00036811,-67.2006683349609
9000000.00036812,-66.7664642333984
9000000.00036812,-66.3566665649414
9000000.00036813,-65.9716339111328
9000000.00036814,-65.6116027832031
9000000.00036814,-65.2763442993164
9000000.00036814,-64.9654998779297
9000000.00036815,-64.6787033081055
9000000.00036815,-64.4156036376953
9000000.00036816,-64.1758346557617
9000000.00036816,-63.9590492248535
9000000.00036817,-63.7648811340332
9000000.00036817,-63.5929756164551
9000000.00036818,-63.4429740905762
9000000.00036819,-63.3145179748535
9000000.00036819,-63.2072486877441
9000000.00036819,-63.1208076477051
9000000.0003682,-63.0565757751465
9000000.0003682,-63.0193328857422
9000000.00036821,-63.0080757141113
9000000.00036822,-63.0213470458984
9000000.00036822,-63.0576972961426
9000000.00036822,-63.1156692504883
9000000.00036823,-63.1938018798828
9000000.00036823,-63.2906455993652
9000000.00036824,-63.4047393798828
9000000.00036824,-63.5346336364746
9000000.00036825,-63.6788673400879
9000000.00036825,-63.8359832763672
9000000.00036826,-64.0045318603516
9000000.00036826,-64.1847915649414
9000000.00036827,-64.3965911865234
9000000.00036827,-64.6415100097656
9000000.00036828,-64.9138717651367
9000000.00036828,-65.2080078125
9000000.00036829,-65.5182495117188
9000000.0003683,-65.8389205932617
9000000.0003683,-66.1643524169922
9000000.0003683,-66.488883972168
9000000.00036831,-66.8068237304688
9000000.00036831,-67.1125183105469
9000000.00036832,-67.4002838134766
9000000.00036833,-67.6644592285156
9000000.00036833,-67.8993682861328
9000000.00036833,-68.1146392822266
9000000.00036834,-68.3230972290039
9000000.00036834,-68.5239028930664
9000000.00036835,-68.7162017822266
9000000.00036835,-68.8991470336914
9000000.00036836,-69.071891784668
9000000.00036836,-69.2335815429688
9000000.00036837,-69.3833694458008
9000000.00036838,-69.5204010009766
9000000.00036838,-69.6438369750977
9000000.00036838,-69.7528305053711
9000000.00036839,-69.8465194702148
9000000.00036839,-69.9240570068359
9000000.0003684,-69.9831390380859
9000000.00036841,-70.0197219848633
9000000.00036841,-70.0358657836914
9000000.00036841,-70.0340728759766
9000000.00036842,-70.0168304443359
9000000.00036842,-69.9866333007813
9000000.00036843,-69.9459838867188
9000000.00036843,-69.8973693847656
9000000.00036844,-69.8432922363281
9000000.00036844,-69.7862396240234
9000000.00036845,-69.7287063598633
9000000.00036846,-69.6731948852539
9000000.00036846,-69.6221923828125
9000000.00036846,-69.5772933959961
9000000.00036847,-69.5288772583008
9000000.00036847,-69.4745483398438
9000000.00036848,-69.4154357910156
9000000.00036849,-69.3526611328125
9000000.00036849,-69.2873458862305
9000000.00036849,-69.2206039428711
9000000.0003685,-69.153564453125
9000000.0003685,-69.0873413085938
9000000.00036851,-69.0230560302734
9000000.00036852,-68.9618377685547
9000000.00036852,-68.9048004150391
9000000.00036852,-68.8530654907227
9000000.00036853,-68.8077545166016
9000000.00036853,-68.7669830322266
9000000.00036854,-68.7282333374023
9000000.00036854,-68.6916580200195
9000000.00036855,-68.6574172973633
9000000.00036855,-68.6256713867188
9000000.00036856,-68.5965728759766
9000000.00036857,-68.5702896118164
9000000.00036857,-68.5469665527344
9000000.00036857,-68.5267715454102
9000000.00036858,-68.5098648071289
9000000.00036858,-68.4963912963867
9000000.00036859,-68.4865188598633
9000000.0003686,-68.4804077148438
9000000.0003686,-68.4751205444336
9000000.0003686,-68.4621124267578
9000000.00036861,-68.4436950683594
9000000.00036861,-68.422981262207
9000000.00036862,-68.4031066894531
9000000.00036862,-68.3871917724609
9000000.00036863,-68.3783645629883
9000000.00036863,-68.3797454833984
9000000.00036864,-68.3944625854492
9000000.00036865,-68.4256439208984
9000000.00036865,-68.4764099121094
9000000.00036865,-68.5498962402344
9000000.00036866,-68.6492080688477
9000000.00036866,-68.7755737304688
9000000.00036867,-68.90771484375
9000000.00036868,-69.0425109863281
9000000.00036868,-69.1846389770508
9000000.00036868,-69.338737487793
9000000.00036869,-69.5094833374023
9000000.00036869,-69.7015228271484
9000000.0003687,-69.9195098876953
9000000.00036871,-70.1681213378906
9000000.00036871,-70.4519958496094
9000000.00036871,-70.7758026123047
9000000.00036872,-71.1442031860352
9000000.00036872,-71.5618438720703
9000000.00036873,-72.0333862304688
9000000.00036873,-72.6078186035156
9000000.00036874,-73.3130187988281
9000000.00036874,-74.1220092773438
9000000.00036875,-75.0078277587891
9000000.00036876,-75.9434967041016
9000000.00036876,-76.9020385742188
9000000.00036876,-77.8564758300781
9000000.00036877,-78.7798385620117
9000000.00036877,-79.6451568603516
9000000.00036878,-80.4254455566406
9000000.00036879,-81.0937347412109
9000000.00036879,-81.6230545043945
9000000.00036879,-81.9864196777344
9000000.0003688,-82.1693725585938
9000000.0003688,-82.205680847168
9000000.00036881,-82.1141510009766
9000000.00036881,-81.9112854003906
9000000.00036882,-81.6135635375977
9000000.00036882,-81.2374801635742
9000000.00036883,-80.7995300292969
9000000.00036884,-80.3161849975586
9000000.00036884,-79.803955078125
9000000.00036884,-79.2793197631836
9000000.00036885,-78.7587661743164
9000000.00036885,-78.2587966918945
9000000.00036886,-77.7958831787109
9000000.00036887,-77.3811111450195
9000000.00036887,-76.9571304321289
9000000.00036887,-76.5082778930664
9000000.00036888,-76.0397491455078
9000000.00036888,-75.5567092895508
9000000.00036889,-75.0643615722656
9000000.0003689,-74.5678787231445
9000000.0003689,-74.0724563598633
9000000.0003689,-73.5832672119141
9000000.00036891,-73.1054992675781
9000000.00036891,-72.6443405151367
9000000.00036892,-72.2049789428711
9000000.00036892,-71.792594909668
9000000.00036893,-71.4123687744141
9000000.00036893,-71.0555419921875
9000000.00036894,-70.7104187011719
9000000.00036895,-70.3777389526367
9000000.00036895,-70.0582656860352
9000000.00036895,-69.7527618408203
9000000.00036896,-69.4619827270508
9000000.00036896,-69.1866912841797
9000000.00036897,-68.9276351928711
9000000.00036898,-68.6855773925781
9000000.00036898,-68.4612808227539
9000000.00036898,-68.255500793457
9000000.00036899,-68.0689849853516
9000000.00036899,-67.9025115966797
9000000.000369,-67.7549438476563
9000000.000369,-67.6211471557617
9000000.00036901,-67.5018081665039
9000000.00036901,-67.3980712890625
9000000.00036902,-67.3111038208008
9000000.00036903,-67.242073059082
9000000.00036903,-67.1921310424805
9000000.00036903,-67.1624374389648
9000000.00036904,-67.1541595458984
9000000.00036904,-67.1684494018555
9000000.00036905,-67.2064666748047
9000000.00036906,-67.2693786621094
9000000.00036906,-67.3583374023438
9000000.00036906,-67.4765167236328
9000000.00036907,-67.6480178833008
9000000.00036907,-67.8721237182617
9000000.00036908,-68.1392440795898
9000000.00036909,-68.4398345947266
9000000.00036909,-68.7643051147461
9000000.00036909,-69.1031112670898
9000000.0003691,-69.446662902832
9000000.0003691,-69.7854080200195
9000000.00036911,-70.1097717285156
9000000.00036911,-70.4101943969727
9000000.00036912,-70.6770935058594
9000000.00036912,-70.9009170532227
9000000.00036913,-71.0720901489258
9000000.00036914,-71.2009429931641
9000000.00036914,-71.3051452636719
9000000.00036914,-71.3861389160156
9000000.00036915,-71.4453582763672
9000000.00036915,-71.484245300293
9000000.00036916,-71.5042343139648
9000000.00036917,-71.5067672729492
9000000.00036917,-71.493278503418
9000000.00036917,-71.465217590332
9000000.00036918,-71.4240188598633
9000000.00036918,-71.3711166381836
9000000.00036919,-71.3079528808594
9000000.00036919,-71.235969543457
9000000.0003692,-71.1532363891602
9000000.0003692,-71.0505142211914
9000000.00036921,-70.928955078125
9000000.00036922,-70.7905502319336
9000000.00036922,-70.6372909545898
9000000.00036922,-70.4711837768555
9000000.00036923,-70.2942047119141
9000000.00036923,-70.1083679199219
9000000.00036924,-69.915657043457
9000000.00036925,-69.7180786132813
9000000.00036925,-69.5176162719727
9000000.00036925,-69.3162612915039
9000000.00036926,-69.1160278320313
9000000.00036926,-68.9178237915039
9000000.00036927,-68.7098388671875
9000000.00036928,-68.490119934082
9000000.00036928,-68.2610092163086
9000000.00036928,-68.0248565673828
9000000.00036929,-67.7840118408203
9000000.00036929,-67.5408248901367
9000000.0003693,-67.2976455688477
9000000.0003693,-67.0568161010742
9000000.00036931,-66.820686340332
9000000.00036931,-66.5916061401367
9000000.00036932,-66.3719253540039
9000000.00036933,-66.1639938354492
9000000.00036933,-65.9701614379883
9000000.00036933,-65.7831344604492
9000000.00036934,-65.5953674316406
9000000.00036934,-65.408821105957
9000000.00036935,-65.2254486083984
9000000.00036936,-65.0472106933594
9000000.00036936,-64.8760757446289
9000000.00036936,-64.7139892578125
9000000.00036937,-64.5629119873047
9000000.00036937,-64.4248123168945
9000000.00036938,-64.3016357421875
9000000.00036938,-64.1953582763672
9000000.00036939,-64.1079254150391
9000000.00036939,-64.0412979125977
9000000.0003694,-63.9957580566406
9000000.00036941,-63.9667282104492
9000000.00036941,-63.9534568786621
9000000.00036941,-63.9555625915527
9000000.00036942,-63.9726753234863
9000000.00036942,-64.0044174194336
9000000.00036943,-64.0504150390625
9000000.00036944,-64.1102905273438
9000000.00036944,-64.1836700439453
9000000.00036944,-64.2701721191406
9000000.00036945,-64.3694229125977
9000000.00036945,-64.4810485839844
9000000.00036946,-64.6046752929688
9000000.00036947,-64.7409362792969
9000000.00036947,-64.9015121459961
9000000.00036947,-65.0869064331055
9000000.00036948,-65.2933349609375
9000000.00036948,-65.5170059204102
9000000.00036949,-65.7541351318359
9000000.00036949,-66.0009536743164
9000000.0003695,-66.253662109375
9000000.0003695,-66.5084838867188
9000000.00036951,-66.7616348266602
9000000.00036952,-67.0093231201172
9000000.00036952,-67.2477798461914
9000000.00036952,-67.4732055664063
9000000.00036953,-67.6818313598633
9000000.00036953,-67.8829574584961
9000000.00036954,-68.0870971679688
9000000.00036955,-68.2922973632813
9000000.00036955,-68.4965591430664
9000000.00036955,-68.6979370117188
9000000.00036956,-68.8944320678711
9000000.00036956,-69.0840911865234
9000000.00036957,-69.2649383544922
9000000.00036957,-69.4349899291992
9000000.00036958,-69.5922775268555
9000000.00036958,-69.7348327636719
9000000.00036959,-69.8606872558594
9000000.0003696,-69.9678573608398
9000000.0003696,-70.0553817749023
9000000.0003696,-70.1259994506836
9000000.00036961,-70.1810150146484
9000000.00036961,-70.2215194702148
9000000.00036962,-70.2486343383789
9000000.00036963,-70.2634429931641
9000000.00036963,-70.2670593261719
9000000.00036963,-70.2605895996094
9000000.00036964,-70.2451248168945
9000000.00036964,-70.2217788696289
9000000.00036965,-70.191650390625
9000000.00036966,-70.1558456420898
9000000.00036966,-70.1154632568359
9000000.00036966,-70.0709609985352
9000000.00036967,-70.0151977539063
9000000.00036967,-69.9470748901367
9000000.00036968,-69.8681182861328
9000000.00036968,-69.7798309326172
9000000.00036969,-69.6837387084961
9000000.00036969,-69.5813522338867
9000000.0003697,-69.4741897583008
9000000.00036971,-69.36376953125
9000000.00036971,-69.2516098022461
9000000.00036971,-69.1392135620117
9000000.00036972,-69.0281143188477
9000000.00036972,-68.9198150634766
9000000.00036973,-68.8158340454102
9000000.00036974,-68.7102127075195
9000000.00036974,-68.5972137451172
9000000.00036974,-68.4787216186523
9000000.00036975,-68.3566207885742
9000000.00036975,-68.2327728271484
9000000.00036976,-68.1090774536133
9000000.00036976,-67.9873962402344
9000000.00036977,-67.8696212768555
9000000.00036977,-67.7576217651367
9000000.00036978,-67.6532821655273
9000000.00036979,-67.558479309082
9000000.00036979,-67.4750900268555
9000000.00036979,-67.4049987792969
9000000.0003698,-67.3467102050781
9000000.0003698,-67.2909851074219
9000000.00036981,-67.2384948730469
9000000.00036982,-67.1907653808594
9000000.00036982,-67.1493072509766
9000000.00036982,-67.1156311035156
9000000.00036983,-67.0912628173828
9000000.00036983,-67.0777053833008
9000000.00036984,-67.0764846801758
9000000.00036985,-67.0891036987305
9000000.00036985,-67.1170959472656
9000000.00036985,-67.1619567871094
9000000.00036986,-67.225212097168
9000000.00036986,-67.3089752197266
9000000.00036987,-67.4208602905273
9000000.00036987,-67.5596084594727
9000000.00036988,-67.7211303710938
9000000.00036988,-67.9013671875
9000000.00036989,-68.0962371826172
9000000.0003699,-68.3016738891602
9000000.0003699,-68.5136032104492
9000000.0003699,-68.7279434204102
9000000.00036991,-68.9406280517578
9000000.00036991,-69.147590637207
9000000.00036992,-69.3447418212891
9000000.00036993,-69.5280227661133
9000000.00036993,-69.6933517456055
9000000.00036993,-69.8528594970703
9000000.00036994,-70.0192947387695
9000000.00036994,-70.1895141601563
9000000.00036995,-70.3603515625
9000000.00036995,-70.528678894043
9000000.00036996,-70.6913299560547
9000000.00036996,-70.8451690673828
9000000.00036997,-70.9870452880859
9000000.00036998,-71.1138000488281
9000000.00036998,-71.222297668457
9000000.00036998,-71.3093872070313
9000000.00036999,-71.3719100952148
9000000.00036999,-71.4067306518555
9000000.00037,-71.4122848510742
9000000.00037001,-71.3928909301758
9000000.00037001,-71.3506469726563
9000000.00037001,-71.2873153686523
9000000.00037002,-71.2046966552734
9000000.00037002,-71.1045532226563
9000000.00037003,-70.9886779785156
9000000.00037003,-70.8588409423828
9000000.00037004,-70.7168350219727
9000000.00037004,-70.5644302368164
9000000.00037005,-70.4034042358398
9000000.00037006,-70.2355499267578
9000000.00037006,-70.0626373291016
9000000.00037006,-69.8850479125977
9000000.00037007,-69.6869354248047
9000000.00037007,-69.4664916992188
9000000.00037008,-69.227668762207
9000000.00037009,-68.9744491577148
9000000.00037009,-68.7107849121094
9000000.00037009,-68.4406433105469
9000000.0003701,-68.1679916381836
9000000.0003701,-67.8967971801758
9000000.00037011,-67.6310195922852
9000000.00037012,-67.374626159668
9000000.00037012,-67.131591796875
9000000.00037012,-66.9058685302734
9000000.00037013,-66.7014236450195
9000000.00037013,-66.5093688964844
9000000.00037014,-66.3192672729492
9000000.00037014,-66.1327590942383
9000000.00037015,-65.9514923095703
9000000.00037015,-65.7771148681641
9000000.00037016,-65.6112823486328
9000000.00037017,-65.4556274414063
9000000.00037017,-65.3118133544922
9000000.00037017,-65.1814727783203
9000000.00037018,-65.0662612915039
9000000.00037018,-64.9678268432617
9000000.00037019,-64.8878173828125
9000000.0003702,-64.8278732299805
9000000.0003702,-64.7885360717773
9000000.0003702,-64.7667617797852
9000000.00037021,-64.7616882324219
9000000.00037021,-64.7726898193359
9000000.00037022,-64.7991256713867
9000000.00037022,-64.8403625488281
9000000.00037023,-64.8957748413086
9000000.00037023,-64.964729309082
9000000.00037024,-65.0465850830078
9000000.00037025,-65.1407165527344
9000000.00037025,-65.2464828491211
9000000.00037025,-65.3632659912109
9000000.00037026,-65.4904251098633
9000000.00037026,-65.6282424926758
9000000.00037027,-65.7873306274414
9000000.00037028,-65.968391418457
9000000.00037028,-66.1682662963867
9000000.00037028,-66.3837890625
9000000.00037029,-66.6117935180664
9000000.00037029,-66.8491287231445
9000000.0003703,-67.0926132202148
9000000.00037031,-67.3390960693359
9000000.00037031,-67.5854034423828
9000000.00037031,-67.8283843994141
9000000.00037032,-68.0648651123047
9000000.00037032,-68.2916946411133
9000000.00037033,-68.5056915283203
9000000.00037033,-68.7206039428711
9000000.00037034,-68.9492263793945
9000000.00037034,-69.1870346069336
9000000.00037035,-69.4294662475586
9000000.00037036,-69.6719970703125
9000000.00037036,-69.9100723266602
9000000.00037036,-70.13916015625
9000000.00037037,-70.3547134399414
9000000.00037037,-70.5521926879883
9000000.00037038,-70.7270584106445
9000000.00037039,-70.874755859375
9000000.00037039,-70.9907608032227
9000000.00037039,-71.0705108642578
9000000.0003704,-71.1118698120117
9000000.0003704,-71.1212768554688
9000000.00037041,-71.1016845703125
9000000.00037041,-71.0555648803711
9000000.00037042,-70.9854125976563
9000000.00037042,-70.8936920166016
9000000.00037043,-70.7828903198242
9000000.00037044,-70.6554946899414
9000000.00037044,-70.5139694213867
9000000.00037044,-70.3608016967773
9000000.00037045,-70.1984710693359
9000000.00037045,-70.0294570922852
9000000.00037046,-69.8562393188477
9000000.00037047,-69.6797103881836
9000000.00037047,-69.4821090698242
9000000.00037047,-69.2609634399414
9000000.00037048,-69.0202789306641
9000000.00037048,-68.7640609741211
9000000.00037049,-68.4962997436523
9000000.0003705,-68.2210006713867
9000000.0003705,-67.9421768188477
9000000.0003705,-67.6638259887695
9000000.00037051,-67.3899459838867
9000000.00037051,-67.1245422363281
9000000.00037052,-66.8716125488281
9000000.00037052,-66.6351699829102
9000000.00037053,-66.4192123413086
9000000.00037053,-66.2146224975586
9000000.00037054,-66.0107955932617
9000000.00037055,-65.809440612793
9000000.00037055,-65.6122970581055
9000000.00037055,-65.4210815429688
9000000.00037056,-65.2375259399414
9000000.00037056,-65.063346862793
9000000.00037057,-64.9002685546875
9000000.00037058,-64.7500305175781
9000000.00037058,-64.6143493652344
9000000.00037058,-64.4949493408203
9000000.00037059,-64.3935546875
9000000.00037059,-64.311897277832
9000000.0003706,-64.2493362426758
9000000.0003706,-64.1993942260742
9000000.00037061,-64.1621246337891
9000000.00037061,-64.1381301879883
9000000.00037062,-64.1280212402344
9000000.00037063,-64.1324234008789
9000000.00037063,-64.1519317626953
9000000.00037063,-64.1871643066406
9000000.00037064,-64.2387390136719
9000000.00037064,-64.307258605957
9000000.00037065,-64.3933486938477
9000000.00037066,-64.4976043701172
9000000.00037066,-64.6206512451172
9000000.00037066,-64.7633895874023
9000000.00037067,-64.9294738769531
9000000.00037067,-65.1184158325195
9000000.00037068,-65.3283538818359
9000000.00037069,-65.5574417114258
9000000.00037069,-65.8038101196289
9000000.00037069,-66.0656280517578
9000000.0003707,-66.3410263061523
9000000.0003707,-66.6281585693359
9000000.00037071,-66.9251708984375
9000000.00037071,-67.2302169799805
9000000.00037072,-67.5414276123047
9000000.00037072,-67.8569641113281
9000000.00037073,-68.1749725341797
9000000.00037074,-68.5220413208008
9000000.00037074,-68.9182205200195
9000000.00037074,-69.3518218994141
9000000.00037075,-69.8111572265625
9000000.00037075,-70.2845306396484
9000000.00037076,-70.7602691650391
9000000.00037077,-71.226676940918
9000000.00037077,-71.6720657348633
9000000.00037077,-72.0847473144531
9000000.00037078,-72.4530410766602
9000000.00037078,-72.7652587890625
9000000.00037079,-73.0097045898438
9000000.00037079,-73.1746978759766
9000000.0003708,-73.2531814575195
9000000.0003708,-73.2576141357422
9000000.00037081,-73.19677734375
9000000.00037082,-73.0786514282227
9000000.00037082,-72.9112167358398
9000000.00037082,-72.7024688720703
9000000.00037083,-72.4603881835938
9000000.00037083,-72.1929550170898
9000000.00037084,-71.9081573486328
9000000.00037085,-71.6139755249023
9000000.00037085,-71.3183975219727
9000000.00037085,-71.029411315918
9000000.00037086,-70.754997253418
9000000.00037086,-70.5
9000000.00037087,-70.2306289672852
9000000.00037088,-69.939208984375
9000000.00037088,-69.6303787231445
9000000.00037088,-69.3087921142578
9000000.00037089,-68.9790878295898
9000000.00037089,-68.6458969116211
9000000.0003709,-68.3138656616211
9000000.0003709,-67.9876327514648
9000000.00037091,-67.6718368530273
9000000.00037091,-67.3711318969727
9000000.00037092,-67.0901412963867
9000000.00037093,-66.8335113525391
9000000.00037093,-66.6058807373047
9000000.00037093,-66.3982925415039
9000000.00037094,-66.1994934082031
9000000.00037094,-66.0107116699219
9000000.00037095,-65.8331756591797
9000000.00037096,-65.6681137084961
9000000.00037096,-65.5167465209961
9000000.00037096,-65.3803176879883
9000000.00037097,-65.2600326538086
9000000.00037097,-65.1571273803711
9000000.00037098,-65.0728302001953
9000000.00037098,-65.0083694458008
9000000.00037099,-64.964973449707
9000000.00037099,-64.9438552856445
9000000.000371,-64.9464874267578
9000000.00037101,-64.9735107421875
9000000.00037101,-65.0234375
9000000.00037101,-65.0946807861328
9000000.00037102,-65.1856307983398
9000000.00037102,-65.2947006225586
9000000.00037103,-65.420295715332
9000000.00037104,-65.5607986450195
9000000.00037104,-65.7146377563477
9000000.00037104,-65.8801956176758
9000000.00037105,-66.0558929443359
9000000.00037105,-66.240119934082
9000000.00037106,-66.431282043457
9000000.00037107,-66.6292343139648
9000000.00037107,-66.8504867553711
9000000.00037107,-67.0966873168945
9000000.00037108,-67.3634796142578
9000000.00037108,-67.6464920043945
9000000.00037109,-67.9413681030273
9000000.00037109,-68.2437362670898
9000000.0003711,-68.5492248535156
9000000.0003711,-68.8534774780273
9000000.00037111,-69.1521301269531
9000000.00037112,-69.4408111572266
9000000.00037112,-69.7151641845703
9000000.00037112,-69.9708099365234
9000000.00037113,-70.2033996582031
9000000.00037113,-70.4240570068359
9000000.00037114,-70.6452026367188
9000000.00037115,-70.8643569946289
9000000.00037115,-71.0790557861328
9000000.00037115,-71.2868194580078
9000000.00037116,-71.4851837158203
9000000.00037116,-71.6716766357422
9000000.00037117,-71.8438262939453
9000000.00037117,-71.9991683959961
9000000.00037118,-72.1352233886719
9000000.00037118,-72.2495269775391
9000000.00037119,-72.3396072387695
9000000.0003712,-72.4029922485352
9000000.0003712,-72.4393768310547
9000000.0003712,-72.4546737670898
9000000.00037121,-72.4497985839844
9000000.00037121,-72.425163269043
9000000.00037122,-72.3811874389648
9000000.00037123,-72.3182983398438
9000000.00037123,-72.2369232177734
9000000.00037123,-72.1374664306641
9000000.00037124,-72.0203628540039
9000000.00037124,-71.8860321044922
9000000.00037125,-71.7348937988281
9000000.00037126,-71.5673675537109
9000000.00037126,-71.3838729858398
9000000.00037126,-71.1833267211914
9000000.00037127,-70.9481048583984
9000000.00037127,-70.6775817871094
9000000.00037128,-70.3776092529297
9000000.00037128,-70.0540161132813
9000000.00037129,-69.7126388549805
9000000.00037129,-69.3593139648438
9000000.0003713,-68.9998779296875
9000000.00037131,-68.6401672363281
9000000.00037131,-68.2860107421875
9000000.00037131,-67.9432525634766
9000000.00037132,-67.6177215576172
9000000.00037132,-67.3152618408203
9000000.00037133,-67.0417022705078
9000000.00037134,-66.7843475341797
9000000.00037134,-66.5280914306641
9000000.00037134,-66.2751846313477
9000000.00037135,-66.0278472900391
9000000.00037135,-65.7883224487305
9000000.00037136,-65.558837890625
9000000.00037136,-65.3416290283203
9000000.00037137,-65.1389312744141
9000000.00037137,-64.9529800415039
9000000.00037138,-64.7860107421875
9000000.00037139,-64.640251159668
9000000.00037139,-64.517936706543
9000000.00037139,-64.4213104248047
9000000.0003714,-64.34912109375
9000000.0003714,-64.2918548583984
9000000.00037141,-64.249885559082
9000000.00037142,-64.2244567871094
9000000.00037142,-64.216796875
9000000.00037142,-64.2281494140625
9000000.00037143,-64.2597351074219
9000000.00037143,-64.3127975463867
9000000.00037144,-64.3885650634766
9000000.00037145,-64.48828125
9000000.00037145,-64.613166809082
9000000.00037145,-64.7644729614258
9000000.00037146,-64.9434204101563
9000000.00037147,-65.1509704589844
9000000.00037147,-65.3843612670898
9000000.00037147,-65.6424331665039
9000000.00037148,-65.9250411987305
9000000.00037148,-66.2320404052734
9000000.00037149,-66.5632705688477
9000000.0003715,-66.9185791015625
9000000.0003715,-67.2978210449219
9000000.0003715,-67.7008514404297
9000000.00037151,-68.1275100708008
9000000.00037151,-68.5776443481445
9000000.00037152,-69.0511093139648
9000000.00037153,-69.5477600097656
9000000.00037153,-70.0674362182617
9000000.00037153,-70.6557388305664
9000000.00037154,-71.3436431884766
9000000.00037154,-72.1090774536133
9000000.00037155,-72.9299621582031
9000000.00037155,-73.7842025756836
9000000.00037156,-74.6497192382813
9000000.00037156,-75.5044403076172
9000000.00037157,-76.3262710571289
9000000.00037158,-77.0931396484375
9000000.00037158,-77.782958984375
9000000.00037158,-78.373649597168
9000000.00037159,-78.8431243896484
9000000.00037159,-79.1693115234375
9000000.0003716,-79.337287902832
9000000.00037161,-79.3662719726563
9000000.00037161,-79.2740859985352
9000000.00037161,-79.0774993896484
9000000.00037162,-78.7932815551758
9000000.00037162,-78.4381942749023
9000000.00037163,-78.0289993286133
9000000.00037164,-77.5824737548828
9000000.00037164,-77.1153717041016
9000000.00037164,-76.6444549560547
9000000.00037165,-76.1865005493164
9000000.00037166,-75.7582702636719
9000000.00037166,-75.3765258789063
9000000.00037166,-75.0532150268555
9000000.00037167,-74.7382659912109
9000000.00037167,-74.4158554077148
9000000.00037168,-74.0883483886719
9000000.00037169,-73.7581329345703
9000000.00037169,-73.4275665283203
9000000.00037169,-73.0990219116211
9000000.0003717,-72.7748794555664
9000000.0003717,-72.4575042724609
9000000.00037171,-72.1492691040039
9000000.00037172,-71.8525466918945
9000000.00037172,-71.5697174072266
9000000.00037172,-71.3031387329102
9000000.00037173,-71.0551910400391
9000000.00037173,-70.8232269287109
9000000.00037174,-70.6028137207031
9000000.00037174,-70.3936386108398
9000000.00037175,-70.1953811645508
9000000.00037175,-70.0077209472656
9000000.00037176,-69.8303451538086
9000000.00037177,-69.6629333496094
9000000.00037177,-69.5051727294922
9000000.00037177,-69.3567428588867
9000000.00037178,-69.2173233032227
9000000.00037178,-69.0866012573242
9000000.00037179,-68.9642639160156
9000000.0003718,-68.8499908447266
9000000.0003718,-68.7428970336914
9000000.0003718,-68.6414413452148
9000000.00037181,-68.5464019775391
9000000.00037181,-68.4587326049805
9000000.00037182,-68.3793716430664
9000000.00037182,-68.3092727661133
9000000.00037183,-68.249382019043
9000000.00037183,-68.2006454467773
9000000.00037184,-68.1640090942383
9000000.00037185,-68.1404190063477
9000000.00037185,-68.1308212280273
9000000.00037185,-68.1361694335938
9000000.00037186,-68.1574020385742
9000000.00037186,-68.1955184936523
9000000.00037187,-68.2515029907227
9000000.00037188,-68.3245086669922
9000000.00037188,-68.4133224487305
9000000.00037188,-68.5167388916016
9000000.00037189,-68.633544921875
9000000.00037189,-68.7625350952148
9000000.0003719,-68.9024963378906
9000000.00037191,-69.0522232055664
9000000.00037191,-69.2105102539063
9000000.00037191,-69.3761367797852
9000000.00037192,-69.5479049682617
9000000.00037192,-69.7246017456055
9000000.00037193,-69.9050140380859
9000000.00037193,-70.1012725830078
9000000.00037194,-70.3229370117188
9000000.00037194,-70.5649185180664
9000000.00037195,-70.8221206665039
9000000.00037196,-71.089469909668
9000000.00037196,-71.3618774414063
9000000.00037196,-71.6342620849609
9000000.00037197,-71.9015274047852
9000000.00037197,-72.1585998535156
9000000.00037198,-72.400390625
9000000.00037199,-72.6218109130859
9000000.00037199,-72.8177871704102
9000000.00037199,-72.9832153320313
9000000.000372,-73.1175308227539
9000000.000372,-73.2329940795898
9000000.00037201,-73.3314514160156
9000000.00037201,-73.4137268066406
9000000.00037202,-73.4806442260742
9000000.00037202,-73.5330276489258
9000000.00037203,-73.5717010498047
9000000.00037204,-73.5974884033203
9000000.00037204,-73.611213684082
9000000.00037204,-73.6137084960938
9000000.00037205,-73.6057815551758
9000000.00037205,-73.5882720947266
9000000.00037206,-73.5619888305664
9000000.00037207,-73.527229309082
9000000.00037207,-73.4779663085938
9000000.00037207,-73.4133682250977
9000000.00037208,-73.3348083496094
9000000.00037208,-73.2436752319336
9000000.00037209,-73.1413345336914
9000000.0003721,-73.0291595458984
9000000.0003721,-72.9085235595703
9000000.0003721,-72.7808074951172
9000000.00037211,-72.6473846435547
9000000.00037211,-72.5096206665039
9000000.00037212,-72.3689117431641
9000000.00037212,-72.2266082763672
9000000.00037213,-72.084098815918
9000000.00037213,-71.9360733032227
9000000.00037214,-71.7774047851563
9000000.00037215,-71.609748840332
9000000.00037215,-71.4347610473633
9000000.00037215,-71.2540969848633
9000000.00037216,-71.0694046020508
9000000.00037216,-70.8823394775391
9000000.00037217,-70.6945571899414
9000000.00037218,-70.5077133178711
9000000.00037218,-70.3234558105469
9000000.00037218,-70.143440246582
9000000.00037219,-69.9693298339844
9000000.00037219,-69.8027648925781
9000000.0003722,-69.6413192749023
9000000.0003722,-69.473762512207
9000000.00037221,-69.3015975952148
9000000.00037221,-69.1273345947266
9000000.00037222,-68.9535140991211
9000000.00037223,-68.7826690673828
9000000.00037223,-68.6173095703125
9000000.00037223,-68.4599838256836
9000000.00037224,-68.3132019042969
9000000.00037224,-68.1795043945313
9000000.00037225,-68.0614166259766
9000000.00037226,-67.9614639282227
9000000.00037226,-67.8821716308594
9000000.00037226,-67.8253402709961
9000000.00037227,-67.7832870483398
9000000.00037227,-67.7536163330078
9000000.00037228,-67.7367324829102
9000000.00037229,-67.733039855957
9000000.00037229,-67.7429504394531
9000000.00037229,-67.7668609619141
9000000.0003723,-67.80517578125
9000000.0003723,-67.8582992553711
9000000.00037231,-67.9266357421875
9000000.00037231,-68.0105895996094
9000000.00037232,-68.1105575561523
9000000.00037232,-68.2269515991211
9000000.00037233,-68.3601760864258
9000000.00037234,-68.5223159790039
9000000.00037234,-68.7210922241211
9000000.00037234,-68.9503479003906
9000000.00037235,-69.2039337158203
9000000.00037235,-69.4756851196289
9000000.00037236,-69.7594604492188
9000000.00037237,-70.0490951538086
9000000.00037237,-70.3384399414063
9000000.00037237,-70.6213302612305
9000000.00037238,-70.8916244506836
9000000.00037238,-71.1431579589844
9000000.00037239,-71.3697814941406
9000000.00037239,-71.5653381347656
9000000.0003724,-71.7326126098633
9000000.0003724,-71.8960571289063
9000000.00037241,-72.0551376342773
9000000.00037242,-72.2071304321289
9000000.00037242,-72.3493194580078
9000000.00037242,-72.4789810180664
9000000.00037243,-72.5934066772461
9000000.00037243,-72.6898803710938
9000000.00037244,-72.7656707763672
9000000.00037245,-72.8180694580078
9000000.00037245,-72.844352722168
9000000.00037245,-72.8418121337891
9000000.00037246,-72.8077163696289
9000000.00037246,-72.7384643554688
9000000.00037247,-72.6224365234375
9000000.00037248,-72.4619369506836
9000000.00037248,-72.2635498046875
9000000.00037248,-72.0338516235352
9000000.00037249,-71.779426574707
9000000.00037249,-71.5068588256836
9000000.0003725,-71.2227096557617
9000000.0003725,-70.9335784912109
9000000.00037251,-70.6460418701172
9000000.00037251,-70.3666687011719
9000000.00037252,-70.1020431518555
9000000.00037253,-69.858757019043
9000000.00037253,-69.6433715820313
9000000.00037253,-69.4425430297852
9000000.00037254,-69.239875793457
9000000.00037254,-69.0374374389648
9000000.00037255,-68.837272644043
9000000.00037256,-68.6414489746094
9000000.00037256,-68.4520034790039
9000000.00037256,-68.2710037231445
9000000.00037257,-68.1005020141602
9000000.00037257,-67.9425506591797
9000000.00037258,-67.7992095947266
9000000.00037258,-67.6725234985352
9000000.00037259,-67.5645523071289
9000000.00037259,-67.4773559570313
9000000.0003726,-67.4090957641602
9000000.00037261,-67.3491058349609
9000000.00037261,-67.2982788085938
9000000.00037261,-67.2585067749023
9000000.00037262,-67.2316513061523
9000000.00037262,-67.2195892333984
9000000.00037263,-67.2241973876953
9000000.00037264,-67.2473449707031
9000000.00037264,-67.2909088134766
9000000.00037264,-67.3567733764648
9000000.00037265,-67.4468002319336
9000000.00037265,-67.562858581543
9000000.00037266,-67.7068405151367
9000000.00037267,-67.8820419311523
9000000.00037267,-68.1060256958008
9000000.00037267,-68.377326965332
9000000.00037268,-68.6880416870117
9000000.00037268,-69.0302581787109
9000000.00037269,-69.3960571289063
9000000.00037269,-69.7775268554688
9000000.0003727,-70.1667709350586
9000000.0003727,-70.5558624267578
9000000.00037271,-70.9369049072266
9000000.00037272,-71.3019714355469
9000000.00037272,-71.6431655883789
9000000.00037272,-71.9525680541992
9000000.00037273,-72.2222671508789
9000000.00037273,-72.4707107543945
9000000.00037274,-72.7191925048828
9000000.00037275,-72.9640884399414
9000000.00037275,-73.201774597168
9000000.00037275,-73.4286193847656
9000000.00037276,-73.640998840332
9000000.00037276,-73.8352813720703
9000000.00037277,-74.0078430175781
9000000.00037277,-74.1550598144531
9000000.00037278,-74.273307800293
9000000.00037278,-74.3589553833008
9000000.00037279,-74.4083709716797
9000000.0003728,-74.4179382324219
9000000.0003728,-74.3812637329102
9000000.0003728,-74.2906341552734
9000000.00037281,-74.1521224975586
9000000.00037281,-73.9726791381836
9000000.00037282,-73.7592620849609
9000000.00037283,-73.5188140869141
9000000.00037283,-73.25830078125
9000000.00037283,-72.9846649169922
9000000.00037284,-72.7048568725586
9000000.00037284,-72.4258422851563
9000000.00037285,-72.1545639038086
9000000.00037286,-71.8979797363281
9000000.00037286,-71.6630401611328
9000000.00037286,-71.4545440673828
9000000.00037287,-71.2498016357422
9000000.00037288,-71.0422439575195
9000000.00037288,-70.8335189819336
9000000.00037288,-70.6252822875977
9000000.00037289,-70.4191970825195
9000000.00037289,-70.216911315918
9000000.0003729,-70.0200958251953
9000000.00037291,-69.8303909301758
9000000.00037291,-69.6494598388672
9000000.00037291,-69.4789581298828
9000000.00037292,-69.3205413818359
9000000.00037292,-69.1758728027344
9000000.00037293,-69.0466079711914
9000000.00037294,-68.9304351806641
9000000.00037294,-68.8239517211914
9000000.00037294,-68.727165222168
9000000.00037295,-68.6400680541992
9000000.00037295,-68.5626678466797
9000000.00037296,-68.4949645996094
9000000.00037296,-68.4369506835938
9000000.00037297,-68.3886413574219
9000000.00037297,-68.3500213623047
9000000.00037298,-68.3211059570313
9000000.00037299,-68.301887512207
9000000.00037299,-68.292366027832
9000000.00037299,-68.2925491333008
9000000.000373,-68.303092956543
9000000.000373,-68.325813293457
9000000.00037301,-68.3601913452148
9000000.00037302,-68.4055099487305
9000000.00037302,-68.4610748291016
9000000.00037302,-68.5261840820313
9000000.00037303,-68.6001358032227
9000000.00037303,-68.6822128295898
9000000.00037304,-68.7717361450195
9000000.00037305,-68.8679809570313
9000000.00037305,-68.9702529907227
9000000.00037305,-69.0778427124023
9000000.00037306,-69.190055847168
9000000.00037307,-69.3071212768555
9000000.00037307,-69.4397583007813
9000000.00037307,-69.5887298583984
9000000.00037308,-69.7509078979492
9000000.00037308,-69.9231414794922
9000000.00037309,-70.1023025512695
9000000.0003731,-70.2852478027344
9000000.0003731,-70.4688339233398
9000000.0003731,-70.6499176025391
9000000.00037311,-70.8253631591797
9000000.00037311,-70.9920272827148
9000000.00037312,-71.1467819213867
9000000.00037313,-71.2864685058594
9000000.00037313,-71.407958984375
9000000.00037313,-71.521110534668
9000000.00037314,-71.6361083984375
9000000.00037314,-71.7502670288086
9000000.00037315,-71.8609161376953
9000000.00037315,-71.9653625488281
9000000.00037316,-72.0609436035156
9000000.00037316,-72.1449737548828
9000000.00037317,-72.2147750854492
9000000.00037318,-72.2676773071289
9000000.00037318,-72.3009948730469
9000000.00037318,-72.3120498657227
9000000.00037319,-72.2981643676758
9000000.00037319,-72.2566604614258
9000000.0003732,-72.1846542358398
9000000.00037321,-72.0814514160156
9000000.00037321,-71.9500961303711
9000000.00037321,-71.7937850952148
9000000.00037322,-71.6156997680664
9000000.00037322,-71.4190368652344
9000000.00037323,-71.2070007324219
9000000.00037324,-70.9827651977539
9000000.00037324,-70.7495422363281
9000000.00037324,-70.5105133056641
9000000.00037325,-70.2688674926758
9000000.00037326,-70.0278167724609
9000000.00037326,-69.7905349731445
9000000.00037326,-69.5584869384766
9000000.00037327,-69.3124694824219
9000000.00037327,-69.0493316650391
9000000.00037328,-68.77294921875
9000000.00037329,-68.487174987793
9000000.00037329,-68.1958770751953
9000000.00037329,-67.9029235839844
9000000.0003733,-67.612174987793
9000000.0003733,-67.3274993896484
9000000.00037331,-67.0527572631836
9000000.00037332,-66.7918014526367
9000000.00037332,-66.5485153198242
9000000.00037332,-66.3267517089844
9000000.00037333,-66.1303787231445
9000000.00037333,-65.9516830444336
9000000.00037334,-65.7811279296875
9000000.00037334,-65.6198654174805
9000000.00037335,-65.4690399169922
9000000.00037335,-65.3297805786133
9000000.00037336,-65.203239440918
9000000.00037337,-65.0905456542969
9000000.00037337,-64.9928588867188
9000000.00037337,-64.9113006591797
9000000.00037338,-64.8470230102539
9000000.00037338,-64.8011703491211
9000000.00037339,-64.7748718261719
9000000.0003734,-64.7692794799805
9000000.0003734,-64.7844009399414
9000000.0003734,-64.817138671875
9000000.00037341,-64.8671722412109
9000000.00037341,-64.9344635009766
9000000.00037342,-65.0189437866211
9000000.00037343,-65.1205596923828
9000000.00037343,-65.2392654418945
9000000.00037343,-65.3750076293945
9000000.00037344,-65.5277252197266
9000000.00037345,-65.6973648071289
9000000.00037345,-65.8838729858398
9000000.00037345,-66.0872039794922
9000000.00037346,-66.3072891235352
9000000.00037346,-66.5440979003906
9000000.00037347,-66.7977294921875
9000000.00037348,-67.0682373046875
9000000.00037348,-67.3556213378906
9000000.00037348,-67.6599044799805
9000000.00037349,-67.9811019897461
9000000.00037349,-68.319221496582
9000000.0003735,-68.6742782592773
9000000.00037351,-69.0462799072266
9000000.00037351,-69.4352493286133
9000000.00037351,-69.841194152832
9000000.00037352,-70.2641296386719
9000000.00037352,-70.7040710449219
9000000.00037353,-71.161018371582
9000000.00037353,-71.6769256591797
9000000.00037354,-72.2801132202148
9000000.00037354,-72.9501647949219
9000000.00037355,-73.6666717529297
9000000.00037356,-74.4092178344727
9000000.00037356,-75.1573944091797
9000000.00037356,-75.8907928466797
9000000.00037357,-76.588996887207
9000000.00037357,-77.2315902709961
9000000.00037358,-77.7981643676758
9000000.00037359,-78.268310546875
9000000.00037359,-78.6216125488281
9000000.00037359,-78.8376617431641
9000000.0003736,-78.9004364013672
9000000.0003736,-78.8215484619141
9000000.00037361,-78.6192626953125
9000000.00037362,-78.3114471435547
9000000.00037362,-77.9159774780273
9000000.00037362,-77.4507293701172
9000000.00037363,-76.9335784912109
9000000.00037364,-76.3823928833008
9000000.00037364,-75.815055847168
9000000.00037364,-75.2494277954102
9000000.00037365,-74.7033920288086
9000000.00037365,-74.19482421875
9000000.00037366,-73.7415924072266
9000000.00037367,-73.3563842773438
9000000.00037367,-72.9851913452148
9000000.00037367,-72.6111221313477
9000000.00037368,-72.236946105957
9000000.00037368,-71.8653945922852
9000000.00037369,-71.4992294311523
9000000.0003737,-71.1411972045898
9000000.0003737,-70.7940521240234
9000000.0003737,-70.4605331420898
9000000.00037371,-70.1433944702148
9000000.00037371,-69.8453826904297
9000000.00037372,-69.5692596435547
9000000.00037372,-69.3177642822266
9000000.00037373,-69.0936431884766
9000000.00037373,-68.8965682983398
9000000.00037374,-68.7232284545898
9000000.00037375,-68.5719375610352
9000000.00037375,-68.4409942626953
9000000.00037375,-68.3287200927734
9000000.00037376,-68.2334136962891
9000000.00037376,-68.1533813476563
9000000.00037377,-68.0869293212891
9000000.00037378,-68.0323638916016
9000000.00037378,-67.9879989624023
9000000.00037378,-67.9521408081055
9000000.00037379,-67.9230880737305
9000000.00037379,-67.8991546630859
9000000.0003738,-67.879508972168
9000000.0003738,-67.8664855957031
9000000.00037381,-67.861198425293
9000000.00037381,-67.8646011352539
9000000.00037382,-67.8776473999023
9000000.00037383,-67.9012908935547
9000000.00037383,-67.9364852905273
9000000.00037383,-67.9841766357422
9000000.00037384,-68.0453262329102
9000000.00037384,-68.1208801269531
9000000.00037385,-68.2117919921875
9000000.00037386,-68.3190231323242
9000000.00037386,-68.4435043334961
9000000.00037386,-68.5822448730469
9000000.00037387,-68.6889266967773
9000000.00037387,-68.762077331543
9000000.00037388,-68.8171768188477
9000000.00037389,-68.8696975708008
9000000.00037389,-68.9351196289063
9000000.00037389,-69.0289154052734
9000000.0003739,-69.1665573120117
9000000.0003739,-69.363525390625
9000000.00037391,-69.6352920532227
9000000.00037391,-69.9973297119141
9000000.00037392,-70.4651184082031
9000000.00037392,-71.0541305541992
9000000.00037393,-71.7798385620117
9000000.00037394,-72.7422027587891
9000000.00037394,-73.9914703369141
9000000.00037394,-75.4685668945313
9000000.00037395,-77.1144027709961
9000000.00037395,-78.8698959350586
9000000.00037396,-80.6759567260742
9000000.00037397,-82.4735107421875
9000000.00037397,-84.2034606933594
9000000.00037397,-85.8067321777344
9000000.00037398,-87.224235534668
9000000.00037398,-88.3968887329102
9000000.00037399,-89.2656021118164
9000000.00037399,-89.7713012695313
9000000.000374,-89.8712921142578
9000000.000374,-89.6092910766602
9000000.00037401,-89.0352401733398
9000000.00037402,-88.1969604492188
9000000.00037402,-87.1422805786133
9000000.00037402,-85.9190292358398
9000000.00037403,-84.5750350952148
9000000.00037403,-83.1581115722656
9000000.00037404,-81.7160949707031
9000000.00037405,-80.2968063354492
9000000.00037405,-78.9480743408203
9000000.00037405,-77.7177276611328
9000000.00037406,-76.6535797119141
9000000.00037406,-75.7917556762695
9000000.00037407,-75.0131912231445
9000000.00037408,-74.2730712890625
9000000.00037408,-73.5697631835938
9000000.00037408,-72.9016265869141
9000000.00037409,-72.2670288085938
9000000.00037409,-71.6643371582031
9000000.0003741,-71.091911315918
9000000.0003741,-70.5481185913086
9000000.00037411,-70.0313262939453
9000000.00037411,-69.5398941040039
9000000.00037412,-69.0721893310547
9000000.00037413,-68.626579284668
9000000.00037413,-68.2014312744141
9000000.00037413,-67.8004302978516
9000000.00037414,-67.4279174804688
9000000.00037414,-67.0831832885742
9000000.00037415,-66.7655410766602
9000000.00037416,-66.4743041992188
9000000.00037416,-66.2087631225586
9000000.00037416,-65.9682388305664
9000000.00037417,-65.7520294189453
9000000.00037417,-65.559440612793
9000000.00037418,-65.389778137207
9000000.00037418,-65.2423553466797
9000000.00037419,-65.1164703369141
9000000.00037419,-65.0114364624023
9000000.0003742,-64.9279632568359
9000000.00037421,-64.8699264526367
9000000.00037421,-64.8369445800781
9000000.00037421,-64.8282775878906
9000000.00037422,-64.8431854248047
9000000.00037422,-64.8809356689453
9000000.00037423,-64.940788269043
9000000.00037424,-65.0220184326172
9000000.00037424,-65.1238784790039
9000000.00037424,-65.2456283569336
9000000.00037425,-65.3865432739258
9000000.00037425,-65.5458755493164
9000000.00037426,-65.7228927612305
9000000.00037427,-65.9183120727539
9000000.00037427,-66.1488952636719
9000000.00037427,-66.4155426025391
9000000.00037428,-66.7129974365234
9000000.00037428,-67.0360107421875
9000000.00037429,-67.3793334960938
9000000.00037429,-67.7377319335938
9000000.0003743,-68.1059494018555
9000000.0003743,-68.4787368774414
9000000.00037431,-68.8508529663086
9000000.00037432,-69.2170486450195
9000000.00037432,-69.5720825195313
9000000.00037432,-69.9106979370117
9000000.00037433,-70.2276458740234
9000000.00037433,-70.5438613891602
9000000.00037434,-70.8793334960938
9000000.00037435,-71.2274322509766
9000000.00037435,-71.5815277099609
9000000.00037435,-71.9349746704102
9000000.00037436,-72.2811508178711
9000000.00037436,-72.6134262084961
9000000.00037437,-72.9251556396484
9000000.00037437,-73.209716796875
9000000.00037438,-73.4604721069336
9000000.00037438,-73.670783996582
9000000.00037439,-73.8340301513672
9000000.0003744,-73.9435729980469
9000000.0003744,-73.9962615966797
9000000.0003744,-74.0015411376953
9000000.00037441,-73.9637069702148
9000000.00037441,-73.8863754272461
9000000.00037442,-73.7731628417969
9000000.00037443,-73.627685546875
9000000.00037443,-73.4535598754883
9000000.00037443,-73.2544021606445
9000000.00037444,-73.0338363647461
9000000.00037444,-72.7954635620117
9000000.00037445,-72.5429077148438
9000000.00037446,-72.2797927856445
9000000.00037446,-72.0097274780273
9000000.00037446,-71.7337112426758
9000000.00037447,-71.4224166870117
9000000.00037448,-71.0721893310547
9000000.00037448,-70.690071105957
9000000.00037448,-70.2831268310547
9000000.00037449,-69.8584060668945
9000000.00037449,-69.4229583740234
9000000.0003745,-68.9838333129883
9000000.00037451,-68.5480880737305
9000000.00037451,-68.1227722167969
9000000.00037451,-67.7149429321289
9000000.00037452,-67.3316497802734
9000000.00037452,-66.9799499511719
9000000.00037453,-66.6668853759766
9000000.00037454,-66.3797454833984
9000000.00037454,-66.1020736694336
9000000.00037454,-65.8352890014648
9000000.00037455,-65.5807952880859
9000000.00037455,-65.3400268554688
9000000.00037456,-65.1143951416016
9000000.00037456,-64.9053192138672
9000000.00037457,-64.7142181396484
9000000.00037457,-64.5425033569336
9000000.00037458,-64.3916015625
9000000.00037459,-64.2629318237305
9000000.00037459,-64.1579132080078
9000000.00037459,-64.0779571533203
9000000.0003746,-64.0233383178711
9000000.0003746,-63.9909057617188
9000000.00037461,-63.9800720214844
9000000.00037462,-63.9904937744141
9000000.00037462,-64.0218353271484
9000000.00037462,-64.0737533569336
9000000.00037463,-64.1459121704102
9000000.00037463,-64.2379684448242
9000000.00037464,-64.3495864868164
9000000.00037465,-64.4804229736328
9000000.00037465,-64.6301345825195
9000000.00037465,-64.7983932495117
9000000.00037466,-64.9848556518555
9000000.00037467,-65.1903076171875
9000000.00037467,-65.4279098510742
9000000.00037467,-65.6981430053711
9000000.00037468,-65.9966659545898
9000000.00037468,-66.3191528320313
9000000.00037469,-66.6612701416016
9000000.0003747,-67.018669128418
9000000.0003747,-67.3870391845703
9000000.0003747,-67.7620239257813
9000000.00037471,-68.1392974853516
9000000.00037471,-68.514518737793
9000000.00037472,-68.8833694458008
9000000.00037473,-69.2415008544922
9000000.00037473,-69.5845794677734
9000000.00037473,-69.9289627075195
9000000.00037474,-70.2905426025391
9000000.00037474,-70.6642837524414
9000000.00037475,-71.0451736450195
9000000.00037475,-71.4281692504883
9000000.00037476,-71.8082580566406
9000000.00037476,-72.1804046630859
9000000.00037477,-72.5395889282227
9000000.00037478,-72.8807830810547
9000000.00037478,-73.1989517211914
9000000.00037478,-73.4890823364258
9000000.00037479,-73.7461318969727
9000000.00037479,-73.965087890625
9000000.0003748,-74.1439971923828
9000000.00037481,-74.2912139892578
9000000.00037481,-74.4096374511719
9000000.00037481,-74.5015563964844
9000000.00037482,-74.5692443847656
9000000.00037482,-74.6149749755859
9000000.00037483,-74.6410369873047
9000000.00037484,-74.6496887207031
9000000.00037484,-74.6432266235352
9000000.00037484,-74.623908996582
9000000.00037485,-74.5940322875977
9000000.00037486,-74.5558547973633
9000000.00037486,-74.5116653442383
9000000.00037486,-74.4623336791992
9000000.00037487,-74.392204284668
9000000.00037487,-74.2990112304688
9000000.00037488,-74.1862106323242
9000000.00037489,-74.0572280883789
9000000.00037489,-73.9155349731445
9000000.00037489,-73.7645568847656
9000000.0003749,-73.6077499389648
9000000.0003749,-73.4485549926758
9000000.00037491,-73.2904281616211
9000000.00037492,-73.1368103027344
9000000.00037492,-72.9911422729492
9000000.00037492,-72.8568801879883
9000000.00037493,-72.7374572753906
9000000.00037493,-72.627555847168
9000000.00037494,-72.5197067260742
9000000.00037494,-72.4141845703125
9000000.00037495,-72.3112640380859
9000000.00037495,-72.2111892700195
9000000.00037496,-72.1142501831055
9000000.00037497,-72.0206985473633
9000000.00037497,-71.930793762207
9000000.00037497,-71.8448257446289
9000000.00037498,-71.7630386352539
9000000.00037498,-71.6856994628906
9000000.00037499,-71.6130905151367
9000000.000375,-71.5454635620117
9000000.000375,-71.480598449707
9000000.000375,-71.4116058349609
9000000.00037501,-71.3401947021484
9000000.00037501,-71.2687377929688
9000000.00037502,-71.1996002197266
9000000.00037503,-71.1351470947266
9000000.00037503,-71.0777435302734
9000000.00037503,-71.0297546386719
9000000.00037504,-70.9935607910156
9000000.00037505,-70.9715194702148
9000000.00037505,-70.9659957885742
9000000.00037505,-70.979362487793
9000000.00037506,-71.0139846801758
9000000.00037506,-71.0706558227539
9000000.00037507,-71.1317367553711
9000000.00037508,-71.1948699951172
9000000.00037508,-71.2641067504883
9000000.00037508,-71.3435134887695
9000000.00037509,-71.437141418457
9000000.00037509,-71.5490646362305
9000000.0003751,-71.6833419799805
9000000.00037511,-71.8440246582031
9000000.00037511,-72.0351867675781
9000000.00037511,-72.2608795166016
9000000.00037512,-72.5251617431641
9000000.00037512,-72.8321075439453
9000000.00037513,-73.1857681274414
9000000.00037513,-73.6228637695313
9000000.00037514,-74.1636657714844
9000000.00037514,-74.7875747680664
9000000.00037515,-75.4739685058594
9000000.00037516,-76.2022552490234
9000000.00037516,-76.9518203735352
9000000.00037516,-77.7020645141602
9000000.00037517,-78.4323654174805
9000000.00037517,-79.1221389770508
9000000.00037518,-79.7507629394531
9000000.00037519,-80.2976303100586
9000000.00037519,-80.7421417236328
9000000.00037519,-81.0636901855469
9000000.0003752,-81.2546920776367
9000000.0003752,-81.3505325317383
9000000.00037521,-81.3628082275391
9000000.00037522,-81.300422668457
9000000.00037522,-81.1722564697266
9000000.00037522,-80.9872207641602
9000000.00037523,-80.7541885375977
9000000.00037524,-80.4820709228516
9000000.00037524,-80.1797485351563
9000000.00037524,-79.8561248779297
9000000.00037525,-79.5200805664063
9000000.00037525,-79.1805191040039
9000000.00037526,-78.8463287353516
9000000.00037527,-78.5222015380859
9000000.00037527,-78.1620788574219
9000000.00037527,-77.7573318481445
9000000.00037528,-77.3160858154297
9000000.00037528,-76.8464660644531
9000000.00037529,-76.3566207885742
9000000.0003753,-75.8546676635742
9000000.0003753,-75.348747253418
9000000.0003753,-74.8469924926758
9000000.00037531,-74.3575286865234
9000000.00037531,-73.8884963989258
9000000.00037532,-73.4480209350586
9000000.00037532,-73.0442352294922
9000000.00037533,-72.6852798461914
9000000.00037533,-72.3602447509766
9000000.00037534,-72.0526885986328
9000000.00037535,-71.7624130249023
9000000.00037535,-71.4892272949219
9000000.00037535,-71.2329483032227
9000000.00037536,-70.9933700561523
9000000.00037536,-70.7703094482422
9000000.00037537,-70.5635604858398
9000000.00037538,-70.3729476928711
9000000.00037538,-70.1982727050781
9000000.00037538,-70.0393371582031
9000000.00037539,-69.8959503173828
9000000.00037539,-69.7679214477539
9000000.0003754,-69.654182434082
9000000.00037541,-69.5522994995117
9000000.00037541,-69.4631729125977
9000000.00037541,-69.3879623413086
9000000.00037542,-69.3278121948242
9000000.00037543,-69.2838745117188
9000000.00037543,-69.2573013305664
9000000.00037543,-69.2492446899414
9000000.00037544,-69.2608489990234
9000000.00037544,-69.2932739257813
9000000.00037545,-69.3476638793945
9000000.00037546,-69.425163269043
9000000.00037546,-69.5269317626953
9000000.00037546,-69.653678894043
9000000.00037547,-69.8005752563477
9000000.00037547,-69.9665298461914
9000000.00037548,-70.1521835327148
9000000.00037549,-70.3581924438477
9000000.00037549,-70.5851974487305
9000000.00037549,-70.833854675293
9000000.0003755,-71.1048049926758
9000000.0003755,-71.3986968994141
9000000.00037551,-71.716178894043
9000000.00037551,-72.0579071044922
9000000.00037552,-72.4245223999023
9000000.00037552,-72.8166732788086
9000000.00037553,-73.2350082397461
9000000.00037554,-73.7277450561523
9000000.00037554,-74.3267364501953
9000000.00037554,-75.0080871582031
9000000.00037555,-75.7479095458984
9000000.00037555,-76.5222930908203
9000000.00037556,-77.3073577880859
9000000.00037557,-78.079216003418
9000000.00037557,-78.8139572143555
9000000.00037557,-79.4876937866211
9000000.00037558,-80.076530456543
9000000.00037558,-80.5565872192383
9000000.00037559,-80.9039535522461
9000000.00037559,-81.0947341918945
9000000.0003756,-81.110466003418
9000000.0003756,-80.9654541015625
9000000.00037561,-80.6808700561523
9000000.00037562,-80.2773513793945
9000000.00037562,-79.7755355834961
9000000.00037562,-79.1960678100586
9000000.00037563,-78.5595779418945
9000000.00037563,-77.88671875
9000000.00037564,-77.198112487793
9000000.00037565,-76.5144119262695
9000000.00037565,-75.8562545776367
9000000.00037565,-75.244270324707
9000000.00037566,-74.6991119384766
9000000.00037566,-74.2358245849609
9000000.00037567,-73.7968139648438
9000000.00037568,-73.362663269043
9000000.00037568,-72.9348602294922
9000000.00037568,-72.5148849487305
9000000.00037569,-72.1042327880859
9000000.00037569,-71.7043991088867
9000000.0003757,-71.3168563842773
9000000.0003757,-70.9431076049805
9000000.00037571,-70.5846252441406
9000000.00037571,-70.2429122924805
9000000.00037572,-69.9194488525391
9000000.00037573,-69.6157302856445
9000000.00037573,-69.3332290649414
9000000.00037573,-69.071159362793
9000000.00037574,-68.8272933959961
9000000.00037574,-68.6010208129883
9000000.00037575,-68.3917465209961
9000000.00037576,-68.1988372802734
9000000.00037576,-68.0216903686523
9000000.00037576,-67.8596954345703
9000000.00037577,-67.7122344970703
9000000.00037577,-67.5787048339844
9000000.00037578,-67.4584884643555
9000000.00037578,-67.3509750366211
9000000.00037579,-67.2555465698242
9000000.00037579,-67.1716003417969
9000000.0003758,-67.0976715087891
9000000.00037581,-67.0314025878906
9000000.00037581,-66.9741287231445
9000000.00037581,-66.9274215698242
9000000.00037582,-66.8928756713867
9000000.00037582,-66.8720550537109
9000000.00037583,-66.8665542602539
9000000.00037584,-66.8779449462891
9000000.00037584,-66.9078063964844
9000000.00037584,-66.9577255249023
9000000.00037585,-67.0292816162109
9000000.00037585,-67.1240539550781
9000000.00037586,-67.2436141967773
9000000.00037587,-67.3890914916992
9000000.00037587,-67.5557022094727
9000000.00037587,-67.7419357299805
9000000.00037588,-67.9480514526367
9000000.00037589,-68.1743011474609
9000000.00037589,-68.4209289550781
9000000.00037589,-68.6881790161133
9000000.0003759,-68.9763107299805
9000000.0003759,-69.2855606079102
9000000.00037591,-69.6161804199219
9000000.00037592,-69.9684219360352
9000000.00037592,-70.342529296875
9000000.00037592,-70.7387542724609
9000000.00037593,-71.157341003418
9000000.00037593,-71.6374359130859
9000000.00037594,-72.2052001953125
9000000.00037595,-72.841423034668
9000000.00037595,-73.5268936157227
9000000.00037595,-74.2424163818359
9000000.00037596,-74.9687805175781
9000000.00037596,-75.6867752075195
9000000.00037597,-76.3771896362305
9000000.00037597,-77.0208129882813
9000000.00037598,-77.5984573364258
9000000.00037598,-78.0908889770508
9000000.00037599,-78.4789199829102
9000000.000376,-78.7433395385742
9000000.000376,-78.8742294311523
9000000.000376,-78.8967437744141
9000000.00037601,-78.8239593505859
9000000.00037601,-78.6671981811523
9000000.00037602,-78.4377746582031
9000000.00037603,-78.1470108032227
9000000.00037603,-77.8062210083008
9000000.00037603,-77.4267272949219
9000000.00037604,-77.0198440551758
9000000.00037604,-76.5968856811523
9000000.00037605,-76.1691741943359
9000000.00037606,-75.7480316162109
9000000.00037606,-75.3447723388672
9000000.00037606,-74.9662551879883
9000000.00037607,-74.564453125
9000000.00037608,-74.1284866333008
9000000.00037608,-73.6649856567383
9000000.00037608,-73.1805725097656
9000000.00037609,-72.6818695068359
9000000.00037609,-72.1754989624023
9000000.0003761,-71.668083190918
9000000.00037611,-71.1662368774414
9000000.00037611,-70.6765823364258
9000000.00037611,-70.2057495117188
9000000.00037612,-69.7603607177734
9000000.00037612,-69.3470306396484
9000000.00037613,-68.9723815917969
9000000.00037614,-68.6242752075195
9000000.00037614,-68.2871170043945
9000000.00037614,-67.9623413085938
9000000.00037615,-67.6513671875
9000000.00037615,-67.3556365966797
9000000.00037616,-67.0765762329102
9000000.00037616,-66.8156127929688
9000000.00037617,-66.5741806030273
9000000.00037617,-66.3537063598633
9000000.00037618,-66.155632019043
9000000.00037619,-65.9813766479492
9000000.00037619,-65.8323669433594
9000000.00037619,-65.7100524902344
9000000.0003762,-65.6147842407227
9000000.0003762,-65.543701171875
9000000.00037621,-65.4961013793945
9000000.00037622,-65.471549987793
9000000.00037622,-65.4695816040039
9000000.00037622,-65.48974609375
9000000.00037623,-65.5315856933594
9000000.00037623,-65.5946578979492
9000000.00037624,-65.6784896850586
9000000.00037625,-65.7826461791992
9000000.00037625,-65.9066543579102
9000000.00037625,-66.0500793457031
9000000.00037626,-66.2124557495117
9000000.00037627,-66.3946990966797
9000000.00037627,-66.612663269043
9000000.00037627,-66.8669738769531
9000000.00037628,-67.1524429321289
9000000.00037628,-67.4638824462891
9000000.00037629,-67.7961120605469
9000000.0003763,-68.1439590454102
9000000.0003763,-68.5022201538086
9000000.0003763,-68.86572265625
9000000.00037631,-69.2292861938477
9000000.00037631,-69.5877227783203
9000000.00037632,-69.9358444213867
9000000.00037633,-70.2684707641602
9000000.00037633,-70.5804214477539
9000000.00037633,-70.8917007446289
9000000.00037634,-71.2216339111328
9000000.00037634,-71.5639801025391
9000000.00037635,-71.9125137329102
9000000.00037635,-72.260986328125
9000000.00037636,-72.6031799316406
9000000.00037636,-72.9328460693359
9000000.00037637,-73.2437591552734
9000000.00037638,-73.5296859741211
9000000.00037638,-73.7843856811523
9000000.00037638,-74.0016326904297
9000000.00037639,-74.1751861572266
9000000.00037639,-74.2988204956055
9000000.0003764,-74.3668975830078
9000000.00037641,-74.3808975219727
9000000.00037641,-74.3470077514648
9000000.00037641,-74.2714614868164
9000000.00037642,-74.160530090332
9000000.00037642,-74.0204620361328
9000000.00037643,-73.8574981689453
9000000.00037644,-73.6779022216797
9000000.00037644,-73.4879302978516
9000000.00037644,-73.2938232421875
9000000.00037645,-73.1018371582031
9000000.00037646,-72.9182205200195
9000000.00037646,-72.7492370605469
9000000.00037646,-72.5991439819336
9000000.00037647,-72.4470291137695
9000000.00037647,-72.2869491577148
9000000.00037648,-72.1205902099609
9000000.00037649,-71.9496231079102
9000000.00037649,-71.7757339477539
9000000.00037649,-71.6005935668945
9000000.0003765,-71.4258728027344
9000000.0003765,-71.2532653808594
9000000.00037651,-71.0844345092773
9000000.00037652,-70.9210662841797
9000000.00037652,-70.7648239135742
9000000.00037652,-70.6174011230469
9000000.00037653,-70.48046875
9000000.00037653,-70.3513565063477
9000000.00037654,-70.2263870239258
9000000.00037654,-70.1057281494141
9000000.00037655,-69.9895477294922
9000000.00037655,-69.8780059814453
9000000.00037656,-69.7712707519531
9000000.00037657,-69.6694946289063
9000000.00037657,-69.5728607177734
9000000.00037657,-69.4815216064453
9000000.00037658,-69.3956527709961
9000000.00037658,-69.3153991699219
9000000.00037659,-69.2409439086914
9000000.0003766,-69.1724472045898
9000000.0003766,-69.105354309082
9000000.0003766,-69.0266647338867
9000000.00037661,-68.9399642944336
9000000.00037661,-68.8500900268555
9000000.00037662,-68.7618942260742
9000000.00037663,-68.6802215576172
9000000.00037663,-68.6099166870117
9000000.00037663,-68.5558242797852
9000000.00037664,-68.5227813720703
9000000.00037665,-68.5156402587891
9000000.00037665,-68.5392532348633
9000000.00037665,-68.5984573364258
9000000.00037666,-68.6980972290039
9000000.00037666,-68.8426818847656
9000000.00037667,-69.0302200317383
9000000.00037668,-69.2562942504883
9000000.00037668,-69.5171813964844
9000000.00037668,-69.8091812133789
9000000.00037669,-70.1285705566406
9000000.00037669,-70.4716415405273
9000000.0003767,-70.8346710205078
9000000.00037671,-71.2139434814453
9000000.00037671,-71.6057510375977
9000000.00037671,-72.0063705444336
9000000.00037672,-72.4120941162109
9000000.00037672,-72.819206237793
9000000.00037673,-73.2239837646484
9000000.00037673,-73.6675033569336
9000000.00037674,-74.1816558837891
9000000.00037674,-74.7489776611328
9000000.00037675,-75.3520050048828
9000000.00037676,-75.9732513427734
9000000.00037676,-76.5952682495117
9000000.00037676,-77.2005767822266
9000000.00037677,-77.7717132568359
9000000.00037677,-78.2912063598633
9000000.00037678,-78.7415924072266
9000000.00037679,-79.1053924560547
9000000.00037679,-79.3651504516602
9000000.00037679,-79.5033950805664
9000000.0003768,-79.5053863525391
9000000.0003768,-79.3782424926758
9000000.00037681,-79.1384048461914
9000000.00037682,-78.8022537231445
9000000.00037682,-78.3861923217773
9000000.00037682,-77.9066009521484
9000000.00037683,-77.3798675537109
9000000.00037684,-76.8223876953125
9000000.00037684,-76.2505493164063
9000000.00037684,-75.6807403564453
9000000.00037685,-75.1293563842773
9000000.00037685,-74.6127700805664
9000000.00037686,-74.1473846435547
9000000.00037687,-73.7450866699219
9000000.00037687,-73.3592910766602
9000000.00037687,-72.9745559692383
9000000.00037688,-72.5923690795898
9000000.00037688,-72.2142105102539
9000000.00037689,-71.8415679931641
9000000.0003769,-71.4758987426758
9000000.0003769,-71.1187057495117
9000000.0003769,-70.7714614868164
9000000.00037691,-70.4356384277344
9000000.00037691,-70.1127243041992
9000000.00037692,-69.80419921875
9000000.00037692,-69.5115356445313
9000000.00037693,-69.2362213134766
9000000.00037693,-68.9740676879883
9000000.00037694,-68.7206039428711
9000000.00037695,-68.4768524169922
9000000.00037695,-68.2438507080078
9000000.00037695,-68.0226440429688
9000000.00037696,-67.8142623901367
9000000.00037696,-67.619743347168
9000000.00037697,-67.4401092529297
9000000.00037698,-67.2764129638672
9000000.00037698,-67.1296768188477
9000000.00037698,-67.0009460449219
9000000.00037699,-66.8912506103516
9000000.00037699,-66.8016204833984
9000000.000377,-66.7319869995117
9000000.00037701,-66.6792907714844
9000000.00037701,-66.6433181762695
9000000.00037701,-66.6241149902344
9000000.00037702,-66.6217269897461
9000000.00037703,-66.6361923217773
9000000.00037703,-66.6675720214844
9000000.00037703,-66.7158966064453
9000000.00037704,-66.7812271118164
9000000.00037704,-66.8635940551758
9000000.00037705,-66.9630508422852
9000000.00037706,-67.0796432495117
9000000.00037706,-67.2134094238281
9000000.00037706,-67.3640594482422
9000000.00037707,-67.5275039672852
9000000.00037707,-67.7036514282227
9000000.00037708,-67.8938980102539
9000000.00037709,-68.0996475219727
9000000.00037709,-68.3222961425781
9000000.00037709,-68.5632400512695
9000000.0003771,-68.8238754272461
9000000.0003771,-69.105598449707
9000000.00037711,-69.4098129272461
9000000.00037711,-69.737922668457
9000000.00037712,-70.09130859375
9000000.00037712,-70.4713821411133
9000000.00037713,-70.8795394897461
9000000.00037714,-71.346549987793
9000000.00037714,-71.8916549682617
9000000.00037714,-72.4989318847656
9000000.00037715,-73.1524658203125
9000000.00037715,-73.8363418579102
9000000.00037716,-74.5346450805664
9000000.00037717,-75.2314453125
9000000.00037717,-75.9108428955078
9000000.00037717,-76.5569152832031
9000000.00037718,-77.1537399291992
9000000.00037718,-77.6854019165039
9000000.00037719,-78.135986328125
9000000.0003772,-78.4895858764648
9000000.0003772,-78.7424774169922
9000000.0003772,-78.9279327392578
9000000.00037721,-79.0531997680664
9000000.00037722,-79.1228485107422
9000000.00037722,-79.1414642333984
9000000.00037722,-79.1136245727539
9000000.00037723,-79.0438995361328
9000000.00037723,-78.9368743896484
9000000.00037724,-78.7971267700195
9000000.00037725,-78.6292266845703
9000000.00037725,-78.4377517700195
9000000.00037725,-78.2272872924805
9000000.00037726,-78.0024032592773
9000000.00037726,-77.7641677856445
9000000.00037727,-77.473014831543
9000000.00037728,-77.1242904663086
9000000.00037728,-76.7277755737305
9000000.00037728,-76.2932510375977
9000000.00037729,-75.8305130004883
9000000.00037729,-75.3493347167969
9000000.0003773,-74.8595199584961
9000000.0003773,-74.3708343505859
9000000.00037731,-73.89306640625
9000000.00037731,-73.4360122680664
9000000.00037732,-73.0094528198242
9000000.00037733,-72.623161315918
9000000.00037733,-72.2869415283203
9000000.00037733,-71.9873275756836
9000000.00037734,-71.7043151855469
9000000.00037734,-71.4378204345703
9000000.00037735,-71.1877822875977
9000000.00037736,-70.9541320800781
9000000.00037736,-70.7368011474609
9000000.00037736,-70.5357284545898
9000000.00037737,-70.3508377075195
9000000.00037737,-70.1820602416992
9000000.00037738,-70.0293350219727
9000000.00037738,-69.8925933837891
9000000.00037739,-69.7717590332031
9000000.00037739,-69.6667785644531
9000000.0003774,-69.5782623291016
9000000.00037741,-69.5081329345703
9000000.00037741,-69.4559097290039
9000000.00037741,-69.4209213256836
9000000.00037742,-69.4025039672852
9000000.00037742,-69.4000015258789
9000000.00037743,-69.4127426147461
9000000.00037744,-69.4400634765625
9000000.00037744,-69.4812927246094
9000000.00037744,-69.535774230957
9000000.00037745,-69.6028366088867
9000000.00037745,-69.6818161010742
9000000.00037746,-69.7720565795898
9000000.00037747,-69.8725433349609
9000000.00037747,-69.9791030883789
9000000.00037747,-70.0922775268555
9000000.00037748,-70.2141494750977
9000000.00037749,-70.346809387207
9000000.00037749,-70.4923400878906
9000000.00037749,-70.6528167724609
9000000.0003775,-70.8303375244141
9000000.0003775,-71.026985168457
9000000.00037751,-71.2448348999023
9000000.00037752,-71.485969543457
9000000.00037752,-71.7524871826172
9000000.00037752,-72.0464706420898
9000000.00037753,-72.369987487793
9000000.00037753,-72.7600860595703
9000000.00037754,-73.2394409179688
9000000.00037755,-73.7886352539063
9000000.00037755,-74.3882522583008
9000000.00037755,-75.0188598632813
9000000.00037756,-75.6610488891602
9000000.00037756,-76.2953872680664
9000000.00037757,-76.902458190918
9000000.00037757,-77.4628448486328
9000000.00037758,-77.9571151733398
9000000.00037758,-78.365852355957
9000000.00037759,-78.6696395874023
9000000.0003776,-78.8490447998047
9000000.0003776,-78.8908996582031
9000000.0003776,-78.8119049072266
9000000.00037761,-78.627815246582
9000000.00037761,-78.3534317016602
9000000.00037762,-78.0035781860352
9000000.00037763,-77.5930633544922
9000000.00037763,-77.1366958618164
9000000.00037763,-76.649299621582
9000000.00037764,-76.1456756591797
9000000.00037764,-75.6406478881836
9000000.00037765,-75.1490325927734
9000000.00037766,-74.6856307983398
9000000.00037766,-74.265266418457
9000000.00037766,-73.8981475830078
9000000.00037767,-73.5359191894531
9000000.00037768,-73.16455078125
9000000.00037768,-72.7875823974609
9000000.00037768,-72.408561706543
9000000.00037769,-72.0310363769531
9000000.00037769,-71.6585464477539
9000000.0003777,-71.2946319580078
9000000.00037771,-70.9428405761719
9000000.00037771,-70.6067199707031
9000000.00037771,-70.2898101806641
9000000.00037772,-69.9956512451172
9000000.00037772,-69.7277908325195
9000000.00037773,-69.4897766113281
9000000.00037774,-69.2777481079102
9000000.00037774,-69.0851440429688
9000000.00037774,-68.9114532470703
9000000.00037775,-68.7561416625977
9000000.00037775,-68.6187057495117
9000000.00037776,-68.4986114501953
9000000.00037776,-68.3953399658203
9000000.00037777,-68.3083801269531
9000000.00037777,-68.2372131347656
9000000.00037778,-68.1813049316406
9000000.00037779,-68.1401443481445
9000000.00037779,-68.1132125854492
9000000.00037779,-68.0999908447266
9000000.0003778,-68.0989151000977
9000000.0003778,-68.1070938110352
9000000.00037781,-68.1259231567383
9000000.00037782,-68.1570816040039
9000000.00037782,-68.2022552490234
9000000.00037782,-68.2631301879883
9000000.00037783,-68.3413925170898
9000000.00037783,-68.4387130737305
9000000.00037784,-68.5567932128906
9000000.00037785,-68.6973037719727
9000000.00037785,-68.861946105957
9000000.00037785,-69.0523834228516
9000000.00037786,-69.2703170776367
9000000.00037787,-69.5183486938477
9000000.00037787,-69.8079986572266
9000000.00037787,-70.1378936767578
9000000.00037788,-70.5024261474609
9000000.00037788,-70.89599609375
9000000.00037789,-71.3129959106445
9000000.0003779,-71.7478332519531
9000000.0003779,-72.1948928833008
9000000.0003779,-72.6485824584961
9000000.00037791,-73.1032867431641
9000000.00037791,-73.5534133911133
9000000.00037792,-73.9933547973633
9000000.00037793,-74.4175109863281
9000000.00037793,-74.8202667236328
9000000.00037793,-75.2409591674805
9000000.00037794,-75.71240234375
9000000.00037794,-76.2192611694336
9000000.00037795,-76.7461853027344
9000000.00037795,-77.2778396606445
9000000.00037796,-77.7988815307617
9000000.00037796,-78.2939605712891
9000000.00037797,-78.7477416992188
9000000.00037798,-79.1448745727539
9000000.00037798,-79.4700241088867
9000000.00037798,-79.7078399658203
9000000.00037799,-79.8429870605469
9000000.00037799,-79.8601150512695
9000000.000378,-79.7427673339844
9000000.00037801,-79.4874954223633
9000000.00037801,-79.1115417480469
9000000.00037801,-78.6330413818359
9000000.00037802,-78.0701522827148
9000000.00037802,-77.4410095214844
9000000.00037803,-76.7637634277344
9000000.00037804,-76.0565490722656
9000000.00037804,-75.3375244140625
9000000.00037804,-74.6248321533203
9000000.00037805,-73.9366073608398
9000000.00037806,-73.2909927368164
9000000.00037806,-72.7061462402344
9000000.00037806,-72.1952362060547
9000000.00037807,-71.7068939208984
9000000.00037807,-71.2240371704102
9000000.00037808,-70.7482376098633
9000000.00037809,-70.2810516357422
9000000.00037809,-69.8240585327148
9000000.00037809,-69.3788146972656
9000000.0003781,-68.9468841552734
9000000.0003781,-68.5298461914063
9000000.00037811,-68.1292572021484
9000000.00037812,-67.7466812133789
9000000.00037812,-67.3836975097656
9000000.00037812,-67.0418548583984
9000000.00037813,-66.7227401733398
9000000.00037813,-66.4234313964844
9000000.00037814,-66.1402282714844
9000000.00037814,-65.8734817504883
9000000.00037815,-65.6235504150391
9000000.00037815,-65.3907852172852
9000000.00037816,-65.1755294799805
9000000.00037817,-64.9781494140625
9000000.00037817,-64.7989959716797
9000000.00037817,-64.6384201049805
9000000.00037818,-64.4967727661133
9000000.00037818,-64.3744125366211
9000000.00037819,-64.2716979980469
9000000.0003782,-64.18896484375
9000000.0003782,-64.1267929077148
9000000.0003782,-64.0857696533203
9000000.00037821,-64.0653457641602
9000000.00037821,-64.0649108886719
9000000.00037822,-64.083854675293
9000000.00037823,-64.1215438842773
9000000.00037823,-64.177375793457
9000000.00037823,-64.250732421875
9000000.00037824,-64.3409957885742
9000000.00037825,-64.4475555419922
9000000.00037825,-64.5697937011719
9000000.00037825,-64.7070846557617
9000000.00037826,-64.8588256835938
9000000.00037826,-65.0257110595703
9000000.00037827,-65.2229614257813
9000000.00037828,-65.4513397216797
9000000.00037828,-65.7060241699219
9000000.00037828,-65.9822082519531
9000000.00037829,-66.2750854492188
9000000.00037829,-66.5798416137695
9000000.0003783,-66.8916625976563
9000000.00037831,-67.2057495117188
9000000.00037831,-67.5172805786133
9000000.00037831,-67.8214416503906
9000000.00037832,-68.1134414672852
9000000.00037832,-68.3884429931641
9000000.00037833,-68.6416549682617
9000000.00037833,-68.8903884887695
9000000.00037834,-69.1517105102539
9000000.00037834,-69.4204483032227
9000000.00037835,-69.6914367675781
9000000.00037836,-69.9594955444336
9000000.00037836,-70.2194519042969
9000000.00037836,-70.4661407470703
9000000.00037837,-70.6943893432617
9000000.00037837,-70.8990173339844
9000000.00037838,-71.0748519897461
9000000.00037839,-71.2167282104492
9000000.00037839,-71.3194732666016
9000000.00037839,-71.3779067993164
9000000.0003784,-71.3878860473633
9000000.0003784,-71.3521118164063
9000000.00037841,-71.2752838134766
9000000.00037842,-71.1620254516602
9000000.00037842,-71.0169525146484
9000000.00037842,-70.8446960449219
9000000.00037843,-70.6498718261719
9000000.00037844,-70.4371032714844
9000000.00037844,-70.2110214233398
9000000.00037844,-69.9762420654297
9000000.00037845,-69.7373886108398
9000000.00037845,-69.4990844726563
9000000.00037846,-69.2659530639648
9000000.00037847,-69.0404663085938
9000000.00037847,-68.7991256713867
9000000.00037847,-68.5374450683594
9000000.00037848,-68.2594909667969
9000000.00037848,-67.9693374633789
9000000.00037849,-67.6710662841797
9000000.0003785,-67.3687515258789
9000000.0003785,-67.0664596557617
9000000.0003785,-66.7682723999023
9000000.00037851,-66.4782562255859
9000000.00037851,-66.2004928588867
9000000.00037852,-65.9390487670898
9000000.00037852,-65.6980056762695
9000000.00037853,-65.4814300537109
9000000.00037853,-65.2811050415039
9000000.00037854,-65.0869216918945
9000000.00037855,-64.9001312255859
9000000.00037855,-64.7219696044922
9000000.00037855,-64.5536956787109
9000000.00037856,-64.3965530395508
9000000.00037856,-64.2517929077148
9000000.00037857,-64.1206588745117
9000000.00037858,-64.00439453125
9000000.00037858,-63.9042510986328
9000000.00037858,-63.821475982666
9000000.00037859,-63.7573165893555
9000000.00037859,-63.713020324707
9000000.0003786,-63.6882171630859
9000000.00037861,-63.6784782409668
9000000.00037861,-63.6837615966797
9000000.00037861,-63.704418182373
9000000.00037862,-63.7407836914063
9000000.00037863,-63.793212890625
9000000.00037863,-63.8620414733887
9000000.00037863,-63.947624206543
9000000.00037864,-64.05029296875
9000000.00037864,-64.17041015625
9000000.00037865,-64.3083038330078
9000000.00037866,-64.4643325805664
9000000.00037866,-64.6388320922852
9000000.00037866,-64.8328628540039
9000000.00037867,-65.0548934936523
9000000.00037867,-65.3047332763672
9000000.00037868,-65.5790634155273
9000000.00037869,-65.8745880126953
9000000.00037869,-66.1879959106445
9000000.00037869,-66.515983581543
9000000.0003787,-66.8552322387695
9000000.0003787,-67.2024536132813
9000000.00037871,-67.5543212890625
9000000.00037871,-67.9075469970703
9000000.00037872,-68.2588119506836
9000000.00037872,-68.6048126220703
9000000.00037873,-68.9422454833984
9000000.00037874,-69.2966079711914
9000000.00037874,-69.6888198852539
9000000.00037874,-70.1087188720703
9000000.00037875,-70.5461273193359
9000000.00037875,-70.9908752441406
9000000.00037876,-71.4327926635742
9000000.00037877,-71.8617095947266
9000000.00037877,-72.267448425293
9000000.00037877,-72.6398468017578
9000000.00037878,-72.9687271118164
9000000.00037878,-73.2439193725586
9000000.00037879,-73.4552536010742
9000000.0003788,-73.5925598144531
9000000.0003788,-73.6487808227539
9000000.0003788,-73.6322479248047
9000000.00037881,-73.5513381958008
9000000.00037882,-73.4139633178711
9000000.00037882,-73.2280426025391
9000000.00037882,-73.0014877319336
9000000.00037883,-72.7422332763672
9000000.00037883,-72.4581909179688
9000000.00037884,-72.1572799682617
9000000.00037885,-71.8474197387695
9000000.00037885,-71.5365295410156
9000000.00037885,-71.2325286865234
9000000.00037886,-70.9433364868164
9000000.00037886,-70.6738739013672
9000000.00037887,-70.3918609619141
9000000.00037888,-70.089714050293
9000000.00037888,-69.771598815918
9000000.00037888,-69.4416732788086
9000000.00037889,-69.1040954589844
9000000.0003789,-68.7630310058594
9000000.0003789,-68.4226303100586
9000000.0003789,-68.0870513916016
9000000.00037891,-67.7604675292969
9000000.00037891,-67.4470291137695
9000000.00037892,-67.1509017944336
9000000.00037893,-66.8762359619141
9000000.00037893,-66.627197265625
9000000.00037893,-66.3951721191406
9000000.00037894,-66.1696929931641
9000000.00037894,-65.9521408081055
9000000.00037895,-65.7438888549805
9000000.00037896,-65.5463256835938
9000000.00037896,-65.3608322143555
9000000.00037896,-65.1887817382813
9000000.00037897,-65.0315475463867
9000000.00037897,-64.8905181884766
9000000.00037898,-64.7670745849609
9000000.00037899,-64.66259765625
9000000.00037899,-64.5784530639648
9000000.00037899,-64.5160293579102
9000000.000379,-64.4753265380859
9000000.00037901,-64.4525604248047
9000000.00037901,-64.4473648071289
9000000.00037901,-64.4596862792969
9000000.00037902,-64.4894714355469
9000000.00037902,-64.5366744995117
9000000.00037903,-64.6012496948242
9000000.00037904,-64.6831436157227
9000000.00037904,-64.7823028564453
9000000.00037904,-64.8986740112305
9000000.00037905,-65.0322189331055
9000000.00037905,-65.1828765869141
9000000.00037906,-65.3506011962891
9000000.00037907,-65.5368270874023
9000000.00037907,-65.7589645385742
9000000.00037907,-66.0172882080078
9000000.00037908,-66.3057098388672
9000000.00037909,-66.6181106567383
9000000.00037909,-66.9483947753906
9000000.00037909,-67.2904586791992
9000000.0003791,-67.6382064819336
9000000.0003791,-67.9855270385742
9000000.00037911,-68.3263320922852
9000000.00037912,-68.6545104980469
9000000.00037912,-68.9639587402344
9000000.00037912,-69.2485809326172
9000000.00037913,-69.5022659301758
9000000.00037913,-69.7407989501953
9000000.00037914,-69.9816589355469
9000000.00037915,-70.2212905883789
9000000.00037915,-70.4561309814453
9000000.00037915,-70.6826400756836
9000000.00037916,-70.8972702026367
9000000.00037916,-71.0964508056641
9000000.00037917,-71.2766418457031
9000000.00037917,-71.4342956542969
9000000.00037918,-71.5658493041992
9000000.00037918,-71.6677551269531
9000000.00037919,-71.736457824707
9000000.0003792,-71.7684097290039
9000000.0003792,-71.7596588134766
9000000.0003792,-71.708984375
9000000.00037921,-71.6205139160156
9000000.00037921,-71.4985961914063
9000000.00037922,-71.3475875854492
9000000.00037923,-71.1718444824219
9000000.00037923,-70.9757232666016
9000000.00037923,-70.7635879516602
9000000.00037924,-70.5397872924805
9000000.00037924,-70.3086776733398
9000000.00037925,-70.0746231079102
9000000.00037926,-69.8419799804688
9000000.00037926,-69.6150970458984
9000000.00037926,-69.3964157104492
9000000.00037927,-69.1651000976563
9000000.00037928,-68.9169311523438
9000000.00037928,-68.6552886962891
9000000.00037928,-68.3835525512695
9000000.00037929,-68.1051025390625
9000000.00037929,-67.8233184814453
9000000.0003793,-67.5415802001953
9000000.00037931,-67.2632751464844
9000000.00037931,-66.9917755126953
9000000.00037931,-66.7304611206055
9000000.00037932,-66.4827117919922
9000000.00037932,-66.2519226074219
9000000.00037933,-66.0414505004883
9000000.00037934,-65.8429794311523
9000000.00037934,-65.6471099853516
9000000.00037934,-65.4555969238281
9000000.00037935,-65.2702178955078
9000000.00037935,-65.0927429199219
9000000.00037936,-64.9249267578125
9000000.00037936,-64.7685546875
9000000.00037937,-64.6253814697266
9000000.00037937,-64.497184753418
9000000.00037938,-64.3857269287109
9000000.00037939,-64.2927780151367
9000000.00037939,-64.2201080322266
9000000.00037939,-64.1694793701172
9000000.0003794,-64.1399765014648
9000000.0003794,-64.1242065429688
9000000.00037941,-64.122428894043
9000000.00037942,-64.1355743408203
9000000.00037942,-64.1645431518555
9000000.00037942,-64.2102661132813
9000000.00037943,-64.2736511230469
9000000.00037943,-64.3556213378906
9000000.00037944,-64.4570922851563
9000000.00037945,-64.578971862793
9000000.00037945,-64.7221908569336
9000000.00037945,-64.8876647949219
9000000.00037946,-65.076301574707
9000000.00037947,-65.2883911132813
9000000.00037947,-65.5168075561523
9000000.00037947,-65.7606353759766
9000000.00037948,-66.0215454101563
9000000.00037948,-66.3012161254883
9000000.00037949,-66.601318359375
9000000.0003795,-66.9235305786133
9000000.0003795,-67.26953125
9000000.0003795,-67.6409912109375
9000000.00037951,-68.0395889282227
9000000.00037951,-68.4669876098633
9000000.00037952,-68.9248809814453
9000000.00037953,-69.4149322509766
9000000.00037953,-69.9388198852539
9000000.00037953,-70.5482025146484
9000000.00037954,-71.2761001586914
9000000.00037954,-72.0962677001953
9000000.00037955,-72.9824295043945
9000000.00037955,-73.908332824707
9000000.00037956,-74.8477096557617
9000000.00037956,-75.7743072509766
9000000.00037957,-76.6618499755859
9000000.00037958,-77.4840850830078
9000000.00037958,-78.2147445678711
9000000.00037958,-78.8275756835938
9000000.00037959,-79.2963027954102
9000000.00037959,-79.5946807861328
9000000.0003796,-79.7050094604492
9000000.00037961,-79.6502685546875
9000000.00037961,-79.4516296386719
9000000.00037961,-79.1289901733398
9000000.00037962,-78.7022247314453
9000000.00037962,-78.1912231445313
9000000.00037963,-77.6158752441406
9000000.00037964,-76.9960632324219
9000000.00037964,-76.3516845703125
9000000.00037964,-75.7026062011719
9000000.00037965,-75.068733215332
9000000.00037966,-74.4699478149414
9000000.00037966,-73.9261322021484
9000000.00037966,-73.4512100219727
9000000.00037967,-72.9828414916992
9000000.00037967,-72.5022048950195
9000000.00037968,-72.0131683349609
9000000.00037969,-71.5195846557617
9000000.00037969,-71.0252990722656
9000000.00037969,-70.5341796875
9000000.0003797,-70.0500564575195
9000000.0003797,-69.5768051147461
9000000.00037971,-69.1182708740234
9000000.00037972,-68.6783065795898
9000000.00037972,-68.2607727050781
9000000.00037972,-67.869514465332
9000000.00037973,-67.5083847045898
9000000.00037973,-67.1711578369141
9000000.00037974,-66.8493194580078
9000000.00037974,-66.5432968139648
9000000.00037975,-66.2535171508789
9000000.00037975,-65.9804077148438
9000000.00037976,-65.7243881225586
9000000.00037977,-65.4858932495117
9000000.00037977,-65.2653503417969
9000000.00037977,-65.0631866455078
9000000.00037978,-64.8798217773438
9000000.00037978,-64.715690612793
9000000.00037979,-64.5712127685547
9000000.0003798,-64.4468154907227
9000000.0003798,-64.3427505493164
9000000.0003798,-64.2584838867188
9000000.00037981,-64.193717956543
9000000.00037981,-64.148193359375
9000000.00037982,-64.1216278076172
9000000.00037983,-64.1137619018555
9000000.00037983,-64.1243209838867
9000000.00037983,-64.1530456542969
9000000.00037984,-64.1996536254883
9000000.00037985,-64.2638854980469
9000000.00037985,-64.3454666137695
9000000.00037985,-64.4441299438477
9000000.00037986,-64.5596084594727
9000000.00037986,-64.6916198730469
9000000.00037987,-64.8398818969727
9000000.00037988,-65.0046234130859
9000000.00037988,-65.1861953735352
9000000.00037988,-65.3849411010742
9000000.00037989,-65.6012115478516
9000000.00037989,-65.8353500366211
9000000.0003799,-66.0877075195313
9000000.00037991,-66.3586273193359
9000000.00037991,-66.6484451293945
9000000.00037991,-66.9575271606445
9000000.00037992,-67.2862014770508
9000000.00037992,-67.6348190307617
9000000.00037993,-68.0037307739258
9000000.00037993,-68.4250946044922
9000000.00037994,-68.9202499389648
9000000.00037994,-69.4733276367188
9000000.00037995,-70.0684356689453
9000000.00037996,-70.6897048950195
9000000.00037996,-71.3212509155273
9000000.00037996,-71.9471969604492
9000000.00037997,-72.5516510009766
9000000.00037997,-73.1187515258789
9000000.00037998,-73.6326141357422
9000000.00037999,-74.0773468017578
9000000.00037999,-74.4370803833008
9000000.00037999,-74.6959381103516
9000000.00038,-74.8470306396484
9000000.00038,-74.9147567749023
9000000.00038001,-74.9088897705078
9000000.00038002,-74.8373870849609
9000000.00038002,-74.7082138061523
9000000.00038002,-74.5293350219727
9000000.00038003,-74.308708190918
9000000.00038004,-74.0542984008789
9000000.00038004,-73.7740783691406
9000000.00038004,-73.4759979248047
9000000.00038005,-73.1680221557617
9000000.00038005,-72.8581237792969
9000000.00038006,-72.5542602539063
9000000.00038007,-72.260627746582
9000000.00038007,-71.9360961914063
9000000.00038007,-71.5729293823242
9000000.00038008,-71.1783676147461
9000000.00038008,-70.7596664428711
9000000.00038009,-70.3240814208984
9000000.0003801,-69.8788452148438
9000000.0003801,-69.4312210083008
9000000.0003801,-68.9884567260742
9000000.00038011,-68.5578002929688
9000000.00038011,-68.1464920043945
9000000.00038012,-67.7618026733398
9000000.00038012,-67.4109649658203
9000000.00038013,-67.1012268066406
9000000.00038013,-66.8188705444336
9000000.00038014,-66.546516418457
9000000.00038015,-66.2859420776367
9000000.00038015,-66.0389251708984
9000000.00038015,-65.8072509765625
9000000.00038016,-65.5927047729492
9000000.00038016,-65.3970642089844
9000000.00038017,-65.2221145629883
9000000.00038018,-65.0696334838867
9000000.00038018,-64.9413909912109
9000000.00038018,-64.8391876220703
9000000.00038019,-64.7648010253906
9000000.00038019,-64.7200012207031
9000000.0003802,-64.7011947631836
9000000.00038021,-64.6935882568359
9000000.00038021,-64.699577331543
9000000.00038021,-64.7229156494141
9000000.00038022,-64.7673721313477
9000000.00038023,-64.8367233276367
9000000.00038023,-64.9347305297852
9000000.00038023,-65.0651550292969
9000000.00038024,-65.2317733764648
9000000.00038024,-65.4383544921875
9000000.00038025,-65.6886520385742
9000000.00038026,-65.986442565918
9000000.00038026,-66.3354949951172
9000000.00038026,-66.743293762207
9000000.00038027,-67.2550888061523
9000000.00038027,-67.8680801391602
9000000.00038028,-68.5628433227539
9000000.00038029,-69.3199768066406
9000000.00038029,-70.1200561523438
9000000.00038029,-70.9436721801758
9000000.0003803,-71.7714233398438
9000000.00038031,-72.5838775634766
9000000.00038031,-73.3616409301758
9000000.00038031,-74.0852966308594
9000000.00038032,-74.7354278564453
9000000.00038032,-75.2926177978516
9000000.00038033,-75.7374649047852
9000000.00038034,-76.0892791748047
9000000.00038034,-76.3827819824219
9000000.00038034,-76.621696472168
9000000.00038035,-76.8097534179688
9000000.00038035,-76.9506683349609
9000000.00038036,-77.0481796264648
9000000.00038037,-77.1059951782227
9000000.00038037,-77.1278381347656
9000000.00038037,-77.1174468994141
9000000.00038038,-77.0785293579102
9000000.00038038,-77.0148162841797
9000000.00038039,-76.9300231933594
9000000.0003804,-76.8278884887695
9000000.0003804,-76.6995620727539
9000000.0003804,-76.5104904174805
9000000.00038041,-76.2667236328125
9000000.00038042,-75.9775238037109
9000000.00038042,-75.6521759033203
9000000.00038042,-75.2999572753906
9000000.00038043,-74.9301376342773
9000000.00038043,-74.5520095825195
9000000.00038044,-74.1748352050781
9000000.00038045,-73.8078994750977
9000000.00038045,-73.4604797363281
9000000.00038045,-73.141845703125
9000000.00038046,-72.8612823486328
9000000.00038046,-72.6261596679688
9000000.00038047,-72.4176406860352
9000000.00038048,-72.2270889282227
9000000.00038048,-72.0526885986328
9000000.00038048,-71.8926010131836
9000000.00038049,-71.7450256347656
9000000.0003805,-71.6081237792969
9000000.0003805,-71.4800720214844
9000000.0003805,-71.3590621948242
9000000.00038051,-71.2432632446289
9000000.00038051,-71.130859375
9000000.00038052,-71.02001953125
9000000.00038053,-70.9089279174805
9000000.00038053,-70.7957534790039
9000000.00038053,-70.6845321655273
9000000.00038054,-70.5800094604492
9000000.00038054,-70.4814529418945
9000000.00038055,-70.3881530761719
9000000.00038056,-70.2993698120117
9000000.00038056,-70.2143859863281
9000000.00038056,-70.1324768066406
9000000.00038057,-70.0529098510742
9000000.00038057,-69.974967956543
9000000.00038058,-69.8979187011719
9000000.00038059,-69.8210372924805
9000000.00038059,-69.7435989379883
9000000.00038059,-69.6648788452148
9000000.0003806,-69.5825119018555
9000000.00038061,-69.4919509887695
9000000.00038061,-69.3952713012695
9000000.00038061,-69.295036315918
9000000.00038062,-69.1937866210938
9000000.00038062,-69.0940780639648
9000000.00038063,-68.9984664916992
9000000.00038064,-68.9095077514648
9000000.00038064,-68.8297424316406
9000000.00038064,-68.7617340087891
9000000.00038065,-68.7080230712891
9000000.00038065,-68.6711730957031
9000000.00038066,-68.6537322998047
9000000.00038067,-68.6587066650391
9000000.00038067,-68.6924285888672
9000000.00038067,-68.7526626586914
9000000.00038068,-68.8348617553711
9000000.00038069,-68.934440612793
9000000.00038069,-69.0468521118164
9000000.00038069,-69.1675262451172
9000000.0003807,-69.2919006347656
9000000.0003807,-69.4154052734375
9000000.00038071,-69.5334777832031
9000000.00038072,-69.6415557861328
9000000.00038072,-69.7350769042969
9000000.00038072,-69.8094711303711
9000000.00038073,-69.8601837158203
9000000.00038073,-69.89501953125
9000000.00038074,-69.9243774414063
9000000.00038075,-69.9475250244141
9000000.00038075,-69.9637451171875
9000000.00038075,-69.9723205566406
9000000.00038076,-69.972526550293
9000000.00038076,-69.9636535644531
9000000.00038077,-69.9449691772461
9000000.00038078,-69.9157638549805
9000000.00038078,-69.8753051757813
9000000.00038078,-69.822883605957
9000000.00038079,-69.7577743530273
9000000.0003808,-69.6792602539063
9000000.0003808,-69.58447265625
9000000.0003808,-69.4674377441406
9000000.00038081,-69.3306579589844
9000000.00038081,-69.1772079467773
9000000.00038082,-69.0101928710938
9000000.00038083,-68.8326950073242
9000000.00038083,-68.6478118896484
9000000.00038083,-68.4586334228516
9000000.00038084,-68.2682495117188
9000000.00038084,-68.0797576904297
9000000.00038085,-67.896240234375
9000000.00038086,-67.7208023071289
9000000.00038086,-67.556526184082
9000000.00038086,-67.405517578125
9000000.00038087,-67.2574081420898
9000000.00038088,-67.1092758178711
9000000.00038088,-66.9619445800781
9000000.00038088,-66.8162536621094
9000000.00038089,-66.6730499267578
9000000.00038089,-66.5331649780273
9000000.0003809,-66.3974380493164
9000000.00038091,-66.2667083740234
9000000.00038091,-66.1418151855469
9000000.00038091,-66.0235900878906
9000000.00038092,-65.9128799438477
9000000.00038092,-65.8105163574219
9000000.00038093,-65.7173461914063
9000000.00038094,-65.6313858032227
9000000.00038094,-65.5503692626953
9000000.00038094,-65.4746856689453
9000000.00038095,-65.4047393798828
9000000.00038095,-65.3409194946289
9000000.00038096,-65.2836227416992
9000000.00038096,-65.2332305908203
9000000.00038097,-65.1901473999023
9000000.00038097,-65.1547622680664
9000000.00038098,-65.1274719238281
9000000.00038099,-65.1086654663086
9000000.00038099,-65.0987396240234
9000000.00038099,-65.0980834960938
9000000.000381,-65.1047973632813
9000000.000381,-65.1125564575195
9000000.00038101,-65.1227569580078
9000000.00038102,-65.1374282836914
9000000.00038102,-65.158576965332
9000000.00038102,-65.1882247924805
9000000.00038103,-65.2283782958984
9000000.00038103,-65.2810668945313
9000000.00038104,-65.3482971191406
9000000.00038105,-65.4320907592773
9000000.00038105,-65.5344543457031
9000000.00038105,-65.6574096679688
9000000.00038106,-65.802978515625
9000000.00038107,-65.9737243652344
9000000.00038107,-66.1770858764648
9000000.00038107,-66.4113311767578
9000000.00038108,-66.672004699707
9000000.00038108,-66.9546432495117
9000000.00038109,-67.2547760009766
9000000.0003811,-67.5679626464844
9000000.0003811,-67.8897247314453
9000000.0003811,-68.2156066894531
9000000.00038111,-68.541145324707
9000000.00038111,-68.8618850708008
9000000.00038112,-69.1733551025391
9000000.00038113,-69.4711074829102
9000000.00038113,-69.7506790161133
9000000.00038113,-70.0333862304688
9000000.00038114,-70.3386459350586
9000000.00038114,-70.6590805053711
9000000.00038115,-70.9873275756836
9000000.00038115,-71.316032409668
9000000.00038116,-71.637825012207
9000000.00038116,-71.9453430175781
9000000.00038117,-72.2312240600586
9000000.00038118,-72.4881134033203
9000000.00038118,-72.7086334228516
9000000.00038118,-72.8854293823242
9000000.00038119,-73.0111389160156
9000000.00038119,-73.0783920288086
9000000.0003812,-73.0800628662109
9000000.00038121,-73.0165634155273
9000000.00038121,-72.8955688476563
9000000.00038121,-72.7249908447266
9000000.00038122,-72.5127182006836
9000000.00038122,-72.2666625976563
9000000.00038123,-71.9947128295898
9000000.00038124,-71.7047805786133
9000000.00038124,-71.4047622680664
9000000.00038124,-71.1025543212891
9000000.00038125,-70.8060607910156
9000000.00038126,-70.5231857299805
9000000.00038126,-70.2618255615234
9000000.00038126,-70.0273361206055
9000000.00038127,-69.7927322387695
9000000.00038127,-69.550537109375
9000000.00038128,-69.3030395507813
9000000.00038129,-69.0525588989258
9000000.00038129,-68.801383972168
9000000.00038129,-68.5518341064453
9000000.0003813,-68.3062057495117
9000000.0003813,-68.0668029785156
9000000.00038131,-67.8359375
9000000.00038132,-67.6159057617188
9000000.00038132,-67.4090270996094
9000000.00038132,-67.2175903320313
9000000.00038133,-67.0439071655273
9000000.00038133,-66.8827590942383
9000000.00038134,-66.7280578613281
9000000.00038134,-66.5807723999023
9000000.00038135,-66.4418869018555
9000000.00038135,-66.312385559082
9000000.00038136,-66.1932373046875
9000000.00038137,-66.0854263305664
9000000.00038137,-65.9899368286133
9000000.00038137,-65.9077377319336
9000000.00038138,-65.8398208618164
9000000.00038138,-65.7871551513672
9000000.00038139,-65.7507247924805
9000000.0003814,-65.7315139770508
9000000.0003814,-65.7270736694336
9000000.0003814,-65.7280120849609
9000000.00038141,-65.7360076904297
9000000.00038141,-65.7536163330078
9000000.00038142,-65.7833938598633
9000000.00038143,-65.8279190063477
9000000.00038143,-65.8897323608398
9000000.00038143,-65.9714050292969
9000000.00038144,-66.0755004882813
9000000.00038145,-66.2045745849609
9000000.00038145,-66.3611831665039
9000000.00038145,-66.5478973388672
9000000.00038146,-66.7672729492188
9000000.00038146,-67.022087097168
9000000.00038147,-67.3159332275391
9000000.00038148,-67.6465377807617
9000000.00038148,-68.0103073120117
9000000.00038148,-68.4036254882813
9000000.00038149,-68.8228912353516
9000000.00038149,-69.2645034790039
9000000.0003815,-69.724853515625
9000000.00038151,-70.2003402709961
9000000.00038151,-70.6873626708984
9000000.00038151,-71.1823043823242
9000000.00038152,-71.6815719604492
9000000.00038152,-72.1815643310547
9000000.00038153,-72.6786651611328
9000000.00038153,-73.2204971313477
9000000.00038154,-73.8432769775391
9000000.00038154,-74.5262603759766
9000000.00038155,-75.2487182617188
9000000.00038156,-75.9899215698242
9000000.00038156,-76.729133605957
9000000.00038156,-77.4456329345703
9000000.00038157,-78.1186676025391
9000000.00038157,-78.7275238037109
9000000.00038158,-79.2514572143555
9000000.00038159,-79.6697463989258
9000000.00038159,-79.9616470336914
9000000.00038159,-80.1064376831055
9000000.0003816,-80.085693359375
9000000.0003816,-79.9052734375
9000000.00038161,-79.5854415893555
9000000.00038162,-79.1466445922852
9000000.00038162,-78.6093292236328
9000000.00038162,-77.9939422607422
9000000.00038163,-77.3209381103516
9000000.00038164,-76.6107482910156
9000000.00038164,-75.8838424682617
9000000.00038164,-75.1606521606445
9000000.00038165,-74.4616241455078
9000000.00038165,-73.8072128295898
9000000.00038166,-73.2178726196289
9000000.00038167,-72.7083282470703
9000000.00038167,-72.2194595336914
9000000.00038167,-71.7319946289063
9000000.00038168,-71.2481460571289
9000000.00038168,-70.7701034545898
9000000.00038169,-70.3000869750977
9000000.0003817,-69.8402862548828
9000000.0003817,-69.3929214477539
9000000.0003817,-68.9601821899414
9000000.00038171,-68.5442886352539
9000000.00038171,-68.1474304199219
9000000.00038172,-67.7718124389648
9000000.00038172,-67.4196548461914
9000000.00038173,-67.093147277832
9000000.00038173,-66.7878112792969
9000000.00038174,-66.4981536865234
9000000.00038175,-66.2248764038086
9000000.00038175,-65.9686584472656
9000000.00038175,-65.7301940917969
9000000.00038176,-65.5101699829102
9000000.00038176,-65.3092880249023
9000000.00038177,-65.1282348632813
9000000.00038178,-64.9677047729492
9000000.00038178,-64.8283767700195
9000000.00038178,-64.7109527587891
9000000.00038179,-64.6161193847656
9000000.00038179,-64.5445709228516
9000000.0003818,-64.4964141845703
9000000.00038181,-64.4700927734375
9000000.00038181,-64.4653167724609
9000000.00038181,-64.4819412231445
9000000.00038182,-64.5198135375977
9000000.00038183,-64.5787887573242
9000000.00038183,-64.6587142944336
9000000.00038183,-64.7594375610352
9000000.00038184,-64.8808135986328
9000000.00038184,-65.0226898193359
9000000.00038185,-65.1849136352539
9000000.00038186,-65.3673400878906
9000000.00038186,-65.56982421875
9000000.00038186,-65.7931594848633
9000000.00038187,-66.0485610961914
9000000.00038187,-66.3363037109375
9000000.00038188,-66.6525726318359
9000000.00038189,-66.9935531616211
9000000.00038189,-67.3554229736328
9000000.00038189,-67.7343673706055
9000000.0003819,-68.1265716552734
9000000.00038191,-68.5282135009766
9000000.00038191,-68.9354782104492
9000000.00038191,-69.3445434570313
9000000.00038192,-69.7516021728516
9000000.00038192,-70.1528244018555
9000000.00038193,-70.5444107055664
9000000.00038194,-70.9508438110352
9000000.00038194,-71.392951965332
9000000.00038194,-71.8613967895508
9000000.00038195,-72.3468322753906
9000000.00038195,-72.8399200439453
9000000.00038196,-73.3313217163086
9000000.00038197,-73.8116912841797
9000000.00038197,-74.2716979980469
9000000.00038197,-74.7019958496094
9000000.00038198,-75.0932388305664
9000000.00038198,-75.4360961914063
9000000.00038199,-75.7212142944336
9000000.000382,-75.9392700195313
9000000.000382,-76.0852890014648
9000000.000382,-76.1711120605469
9000000.00038201,-76.2032089233398
9000000.00038202,-76.1872482299805
9000000.00038202,-76.1288757324219
9000000.00038202,-76.0337448120117
9000000.00038203,-75.9075164794922
9000000.00038203,-75.7558364868164
9000000.00038204,-75.5843734741211
9000000.00038205,-75.3987731933594
9000000.00038205,-75.2046966552734
9000000.00038205,-75.0077972412109
9000000.00038206,-74.8137283325195
9000000.00038206,-74.625617980957
9000000.00038207,-74.4158935546875
9000000.00038208,-74.179084777832
9000000.00038208,-73.9197540283203
9000000.00038208,-73.6424713134766
9000000.00038209,-73.351806640625
9000000.0003821,-73.0523223876953
9000000.0003821,-72.7485885620117
9000000.0003821,-72.4451675415039
9000000.00038211,-72.1466369628906
9000000.00038211,-71.857551574707
9000000.00038212,-71.5824813842773
9000000.00038213,-71.3260040283203
9000000.00038213,-71.0926666259766
9000000.00038213,-70.8744506835938
9000000.00038214,-70.6608200073242
9000000.00038214,-70.4525909423828
9000000.00038215,-70.2505950927734
9000000.00038216,-70.0556488037109
9000000.00038216,-69.8685836791992
9000000.00038216,-69.6902160644531
9000000.00038217,-69.5213851928711
9000000.00038217,-69.3628921508789
9000000.00038218,-69.2155838012695
9000000.00038219,-69.0802688598633
9000000.00038219,-68.9577865600586
9000000.00038219,-68.8489456176758
9000000.0003822,-68.7504959106445
9000000.00038221,-68.651237487793
9000000.00038221,-68.5535202026367
9000000.00038221,-68.4607925415039
9000000.00038222,-68.3764724731445
9000000.00038222,-68.3040008544922
9000000.00038223,-68.2468109130859
9000000.00038224,-68.2083282470703
9000000.00038224,-68.1919937133789
9000000.00038224,-68.2012252807617
9000000.00038225,-68.2394714355469
9000000.00038225,-68.3101501464844
9000000.00038226,-68.4167098999023
9000000.00038227,-68.5625381469727
9000000.00038227,-68.7486953735352
9000000.00038227,-68.9720764160156
9000000.00038228,-69.2291946411133
9000000.00038229,-69.5165328979492
9000000.00038229,-69.8306045532227
9000000.00038229,-70.1678924560547
9000000.0003823,-70.5249099731445
9000000.0003823,-70.8981552124023
9000000.00038231,-71.2841186523438
9000000.00038232,-71.6793060302734
9000000.00038232,-72.0802154541016
9000000.00038232,-72.4833374023438
9000000.00038233,-72.8851776123047
9000000.00038233,-73.3293304443359
9000000.00038234,-73.8491516113281
9000000.00038235,-74.4258041381836
9000000.00038235,-75.0404510498047
9000000.00038235,-75.6742477416992
9000000.00038236,-76.3083572387695
9000000.00038236,-76.9239349365234
9000000.00038237,-77.5021362304688
9000000.00038238,-78.0241394042969
9000000.00038238,-78.4710845947266
9000000.00038238,-78.8241348266602
9000000.00038239,-79.0644607543945
9000000.0003824,-79.1732177734375
9000000.0003824,-79.1337280273438
9000000.0003824,-78.9515075683594
9000000.00038241,-78.6449203491211
9000000.00038241,-78.2324676513672
9000000.00038242,-77.7326583862305
9000000.00038243,-77.1640090942383
9000000.00038243,-76.5450286865234
9000000.00038243,-75.8942184448242
9000000.00038244,-75.2300872802734
9000000.00038244,-74.5711517333984
9000000.00038245,-73.935920715332
9000000.00038246,-73.342903137207
9000000.00038246,-72.8106002807617
9000000.00038246,-72.3524780273438
9000000.00038247,-71.9164276123047
9000000.00038248,-71.4850311279297
9000000.00038248,-71.0597686767578
9000000.00038248,-70.6421508789063
9000000.00038249,-70.2336730957031
9000000.00038249,-69.8358383178711
9000000.0003825,-69.4501266479492
9000000.00038251,-69.0780563354492
9000000.00038251,-68.7211074829102
9000000.00038251,-68.3807907104492
9000000.00038252,-68.0586013793945
9000000.00038252,-67.7560272216797
9000000.00038253,-67.4745788574219
9000000.00038254,-67.2108154296875
9000000.00038254,-66.9607543945313
9000000.00038254,-66.7250518798828
9000000.00038255,-66.5043563842773
9000000.00038255,-66.2993316650391
9000000.00038256,-66.1106338500977
9000000.00038257,-65.9389190673828
9000000.00038257,-65.7848434448242
9000000.00038257,-65.6490707397461
9000000.00038258,-65.5322418212891
9000000.00038259,-65.4350280761719
9000000.00038259,-65.3580780029297
9000000.00038259,-65.3020553588867
9000000.0003826,-65.2657012939453
9000000.0003826,-65.2437973022461
9000000.00038261,-65.2371444702148
9000000.00038262,-65.2470550537109
9000000.00038262,-65.2748260498047
9000000.00038262,-65.32177734375
9000000.00038263,-65.3891983032227
9000000.00038263,-65.4783935546875
9000000.00038264,-65.5906753540039
9000000.00038265,-65.7273406982422
9000000.00038265,-65.8896942138672
9000000.00038265,-66.0790481567383
9000000.00038266,-66.2966918945313
9000000.00038267,-66.5436935424805
9000000.00038267,-66.8175659179688
9000000.00038267,-67.1171035766602
9000000.00038268,-67.4419784545898
9000000.00038268,-67.7918930053711
9000000.00038269,-68.1665115356445
9000000.0003827,-68.5655288696289
9000000.0003827,-68.9886169433594
9000000.0003827,-69.4354705810547
9000000.00038271,-69.90576171875
9000000.00038271,-70.3991775512695
9000000.00038272,-70.9154052734375
9000000.00038273,-71.4541244506836
9000000.00038273,-72.0150146484375
9000000.00038273,-72.6559371948242
9000000.00038274,-73.4163208007813
9000000.00038274,-74.2682571411133
9000000.00038275,-75.1837997436523
9000000.00038276,-76.1350173950195
9000000.00038276,-77.093994140625
9000000.00038276,-78.0327835083008
9000000.00038277,-78.9234619140625
9000000.00038278,-79.7380981445313
9000000.00038278,-80.4487533569336
9000000.00038278,-81.0275115966797
9000000.00038279,-81.4464340209961
9000000.00038279,-81.6775970458984
9000000.0003828,-81.6980819702148
9000000.00038281,-81.5210494995117
9000000.00038281,-81.1722793579102
9000000.00038281,-80.6772766113281
9000000.00038282,-80.0615615844727
9000000.00038282,-79.3506546020508
9000000.00038283,-78.5700531005859
9000000.00038284,-77.7452774047852
9000000.00038284,-76.9018402099609
9000000.00038284,-76.0652618408203
9000000.00038285,-75.2610397338867
9000000.00038286,-74.5147018432617
9000000.00038286,-73.8517532348633
9000000.00038286,-73.290885925293
9000000.00038287,-72.7617416381836
9000000.00038287,-72.2403259277344
9000000.00038288,-71.7281799316406
9000000.00038289,-71.2268524169922
9000000.00038289,-70.7378692626953
9000000.00038289,-70.2627716064453
9000000.0003829,-69.8031158447266
9000000.0003829,-69.3604278564453
9000000.00038291,-68.9362487792969
9000000.00038292,-68.5321273803711
9000000.00038292,-68.1495895385742
9000000.00038292,-67.7901916503906
9000000.00038293,-67.4554672241211
9000000.00038293,-67.1438903808594
9000000.00038294,-66.8527069091797
9000000.00038294,-66.5816116333008
9000000.00038295,-66.330322265625
9000000.00038295,-66.0985260009766
9000000.00038296,-65.8859405517578
9000000.00038297,-65.692253112793
9000000.00038297,-65.5171737670898
9000000.00038297,-65.3604049682617
9000000.00038298,-65.2216491699219
9000000.00038298,-65.1006088256836
9000000.00038299,-64.9969863891602
9000000.000383,-64.9104766845703
9000000.000383,-64.8427429199219
9000000.000383,-64.7991485595703
9000000.00038301,-64.7784576416016
9000000.00038301,-64.778923034668
9000000.00038302,-64.7987976074219
9000000.00038303,-64.8363265991211
9000000.00038303,-64.889762878418
9000000.00038303,-64.9573516845703
9000000.00038304,-65.037353515625
9000000.00038305,-65.1280059814453
9000000.00038305,-65.2275695800781
9000000.00038305,-65.3342971801758
9000000.00038306,-65.4464263916016
9000000.00038306,-65.562873840332
9000000.00038307,-65.6906661987305
9000000.00038308,-65.8314895629883
9000000.00038308,-65.9844512939453
9000000.00038308,-66.1486587524414
9000000.00038309,-66.3232345581055
9000000.00038309,-66.5073013305664
9000000.0003831,-66.699951171875
9000000.00038311,-66.9003219604492
9000000.00038311,-67.1075134277344
9000000.00038311,-67.3206481933594
9000000.00038312,-67.5388336181641
9000000.00038312,-67.7611923217773
9000000.00038313,-67.9868316650391
9000000.00038313,-68.2309112548828
9000000.00038314,-68.5046615600586
9000000.00038314,-68.8013153076172
9000000.00038315,-69.1140899658203
9000000.00038316,-69.4362030029297
9000000.00038316,-69.7608871459961
9000000.00038316,-70.0813674926758
9000000.00038317,-70.3908615112305
9000000.00038317,-70.6826019287109
9000000.00038318,-70.9497985839844
9000000.00038319,-71.1856842041016
9000000.00038319,-71.3834838867188
9000000.00038319,-71.5364227294922
9000000.0003832,-71.6437911987305
9000000.0003832,-71.7221527099609
9000000.00038321,-71.7739105224609
9000000.00038322,-71.8000717163086
9000000.00038322,-71.8016586303711
9000000.00038322,-71.7796936035156
9000000.00038323,-71.7351913452148
9000000.00038324,-71.6691589355469
9000000.00038324,-71.5826263427734
9000000.00038324,-71.4766082763672
9000000.00038325,-71.3521194458008
9000000.00038325,-71.2101821899414
9000000.00038326,-71.0518112182617
9000000.00038327,-70.8761749267578
9000000.00038327,-70.661994934082
9000000.00038327,-70.408073425293
9000000.00038328,-70.1209869384766
9000000.00038328,-69.8073272705078
9000000.00038329,-69.4736709594727
9000000.0003833,-69.1266098022461
9000000.0003833,-68.7727203369141
9000000.0003833,-68.4186019897461
9000000.00038331,-68.0708236694336
9000000.00038332,-67.7359771728516
9000000.00038332,-67.4206466674805
9000000.00038332,-67.1314163208008
9000000.00038333,-66.874870300293
9000000.00038333,-66.6372375488281
9000000.00038334,-66.40185546875
9000000.00038335,-66.1709823608398
9000000.00038335,-65.9468688964844
9000000.00038335,-65.7317504882813
9000000.00038336,-65.5278930664063
9000000.00038336,-65.337532043457
9000000.00038337,-65.1629333496094
9000000.00038338,-65.0063323974609
9000000.00038338,-64.869987487793
9000000.00038338,-64.7561492919922
9000000.00038339,-64.6670684814453
9000000.00038339,-64.6049880981445
9000000.0003834,-64.5684280395508
9000000.00038341,-64.5471572875977
9000000.00038341,-64.5417404174805
9000000.00038341,-64.5536727905273
9000000.00038342,-64.5844497680664
9000000.00038343,-64.6355667114258
9000000.00038343,-64.7085037231445
9000000.00038343,-64.8047714233398
9000000.00038344,-64.9258499145508
9000000.00038344,-65.0732345581055
9000000.00038345,-65.2484283447266
9000000.00038346,-65.4529037475586
9000000.00038346,-65.6881790161133
9000000.00038346,-65.9569320678711
9000000.00038347,-66.2739639282227
9000000.00038347,-66.6381301879883
9000000.00038348,-67.0428314208984
9000000.00038349,-67.4814910888672
9000000.00038349,-67.9475173950195
9000000.00038349,-68.4343338012695
9000000.0003835,-68.9353485107422
9000000.00038351,-69.4439849853516
9000000.00038351,-69.9536590576172
9000000.00038351,-70.4577713012695
9000000.00038352,-70.9497528076172
9000000.00038352,-71.4230117797852
9000000.00038353,-71.870964050293
9000000.00038354,-72.3254852294922
9000000.00038354,-72.8154678344727
9000000.00038354,-73.3298416137695
9000000.00038355,-73.8575592041016
9000000.00038355,-74.3875732421875
9000000.00038356,-74.9088134765625
9000000.00038357,-75.4102325439453
9000000.00038357,-75.8807754516602
9000000.00038357,-76.3093795776367
9000000.00038358,-76.6849975585938
9000000.00038358,-76.9965667724609
9000000.00038359,-77.2330322265625
9000000.0003836,-77.3833465576172
9000000.0003836,-77.4391632080078
9000000.0003836,-77.4077072143555
9000000.00038361,-77.2986145019531
9000000.00038362,-77.1211929321289
9000000.00038362,-76.8847579956055
9000000.00038362,-76.5986328125
9000000.00038363,-76.2721328735352
9000000.00038363,-75.9145812988281
9000000.00038364,-75.5352935791016
9000000.00038365,-75.1435852050781
9000000.00038365,-74.748779296875
9000000.00038365,-74.3601913452148
9000000.00038366,-73.9871368408203
9000000.00038366,-73.635139465332
9000000.00038367,-73.2631072998047
9000000.00038368,-72.8620758056641
9000000.00038368,-72.4380493164063
9000000.00038368,-71.9970016479492
9000000.00038369,-71.5449523925781
9000000.0003837,-71.0878753662109
9000000.0003837,-70.6317825317383
9000000.0003837,-70.1826553344727
9000000.00038371,-69.7464904785156
9000000.00038371,-69.3292922973633
9000000.00038372,-68.9370498657227
9000000.00038373,-68.5757522583008
9000000.00038373,-68.2514038085938
9000000.00038373,-67.9543151855469
9000000.00038374,-67.6712417602539
9000000.00038374,-67.4028549194336
9000000.00038375,-67.1498031616211
9000000.00038376,-66.9127578735352
9000000.00038376,-66.6923751831055
9000000.00038376,-66.4893112182617
9000000.00038377,-66.3042373657227
9000000.00038377,-66.1378173828125
9000000.00038378,-65.9906997680664
9000000.00038379,-65.8635559082031
9000000.00038379,-65.7570419311523
9000000.00038379,-65.6718215942383
9000000.0003838,-65.6088562011719
9000000.00038381,-65.5690078735352
9000000.00038381,-65.5513229370117
9000000.00038381,-65.5547485351563
9000000.00038382,-65.5782318115234
9000000.00038382,-65.620719909668
9000000.00038383,-65.68115234375
9000000.00038384,-65.7584686279297
9000000.00038384,-65.8516311645508
9000000.00038384,-65.9595718383789
9000000.00038385,-66.0812377929688
9000000.00038385,-66.215576171875
9000000.00038386,-66.3615341186523
9000000.00038387,-66.5185623168945
9000000.00038387,-66.6922073364258
9000000.00038387,-66.8834991455078
9000000.00038388,-67.0914306640625
9000000.00038389,-67.3150253295898
9000000.00038389,-67.5532760620117
9000000.00038389,-67.8051834106445
9000000.0003839,-68.0697631835938
9000000.0003839,-68.3460159301758
9000000.00038391,-68.6329498291016
9000000.00038392,-68.929557800293
9000000.00038392,-69.2348556518555
9000000.00038392,-69.5478439331055
9000000.00038393,-69.8675308227539
9000000.00038393,-70.2194061279297
9000000.00038394,-70.6218185424805
9000000.00038395,-71.0630264282227
9000000.00038395,-71.5313034057617
9000000.00038395,-72.0149230957031
9000000.00038396,-72.5021438598633
9000000.00038396,-72.9812393188477
9000000.00038397,-73.4404830932617
9000000.00038398,-73.8681411743164
9000000.00038398,-74.2524871826172
9000000.00038398,-74.5817718505859
9000000.00038399,-74.8442840576172
9000000.000384,-75.0282897949219
9000000.000384,-75.1286087036133
9000000.000384,-75.1630554199219
9000000.00038401,-75.138916015625
9000000.00038401,-75.062141418457
9000000.00038402,-74.9387130737305
9000000.00038403,-74.7745971679688
9000000.00038403,-74.5757598876953
9000000.00038403,-74.3481826782227
9000000.00038404,-74.0978164672852
9000000.00038404,-73.8306350708008
9000000.00038405,-73.5526123046875
9000000.00038406,-73.2697143554688
9000000.00038406,-72.9879150390625
9000000.00038406,-72.7101364135742
9000000.00038407,-72.4030075073242
9000000.00038408,-72.0606918334961
9000000.00038408,-71.6895141601563
9000000.00038408,-71.2958145141602
9000000.00038409,-70.8859252929688
9000000.00038409,-70.466178894043
9000000.0003841,-70.0429077148438
9000000.00038411,-69.6224517822266
9000000.00038411,-69.2111358642578
9000000.00038411,-68.815299987793
9000000.00038412,-68.4412689208984
9000000.00038412,-68.0953903198242
9000000.00038413,-67.7839889526367
9000000.00038414,-67.4961624145508
9000000.00038414,-67.2174682617188
9000000.00038414,-66.9489440917969
9000000.00038415,-66.6916046142578
9000000.00038415,-66.4464645385742
9000000.00038416,-66.2145614624023
9000000.00038417,-65.9969177246094
9000000.00038417,-65.7945404052734
9000000.00038417,-65.6084671020508
9000000.00038418,-65.4397201538086
9000000.00038419,-65.2893218994141
9000000.00038419,-65.1582870483398
9000000.00038419,-65.0476531982422
9000000.0003842,-64.9580383300781
9000000.0003842,-64.8883819580078
9000000.00038421,-64.8379211425781
9000000.00038422,-64.8059310913086
9000000.00038422,-64.7917022705078
9000000.00038422,-64.7945251464844
9000000.00038423,-64.8136901855469
9000000.00038423,-64.8484878540039
9000000.00038424,-64.8982009887695
9000000.00038425,-64.9621124267578
9000000.00038425,-65.0395278930664
9000000.00038425,-65.1297225952148
9000000.00038426,-65.2319869995117
9000000.00038427,-65.3462600708008
9000000.00038427,-65.4799880981445
9000000.00038427,-65.6339111328125
9000000.00038428,-65.8060455322266
9000000.00038428,-65.9944229125977
9000000.00038429,-66.1970672607422
9000000.0003843,-66.4120025634766
9000000.0003843,-66.6372604370117
9000000.0003843,-66.8708572387695
9000000.00038431,-67.1108245849609
9000000.00038431,-67.3551788330078
9000000.00038432,-67.6019515991211
9000000.00038433,-67.8491744995117
9000000.00038433,-68.0948638916016
9000000.00038433,-68.3563003540039
9000000.00038434,-68.6473770141602
9000000.00038434,-68.9610061645508
9000000.00038435,-69.2901306152344
9000000.00038436,-69.6276626586914
9000000.00038436,-69.9665374755859
9000000.00038436,-70.2996826171875
9000000.00038437,-70.6200256347656
9000000.00038438,-70.9204864501953
9000000.00038438,-71.1940002441406
9000000.00038438,-71.4334869384766
9000000.00038439,-71.6318817138672
9000000.00038439,-71.782112121582
9000000.0003844,-71.8824615478516
9000000.00038441,-71.9475631713867
9000000.00038441,-71.9806747436523
9000000.00038441,-71.9838943481445
9000000.00038442,-71.9593276977539
9000000.00038442,-71.9090576171875
9000000.00038443,-71.8351821899414
9000000.00038444,-71.7398071289063
9000000.00038444,-71.6250152587891
9000000.00038444,-71.4929122924805
9000000.00038445,-71.3455810546875
9000000.00038446,-71.1851272583008
9000000.00038446,-71.0136489868164
9000000.00038446,-70.8312683105469
9000000.00038447,-70.6156997680664
9000000.00038447,-70.3647384643555
9000000.00038448,-70.084358215332
9000000.00038449,-69.7805099487305
9000000.00038449,-69.4591445922852
9000000.00038449,-69.1262283325195
9000000.0003845,-68.787712097168
9000000.0003845,-68.4495544433594
9000000.00038451,-68.1177062988281
9000000.00038452,-67.7981338500977
9000000.00038452,-67.4967956542969
9000000.00038452,-67.2196350097656
9000000.00038453,-66.9726181030273
9000000.00038453,-66.7438278198242
9000000.00038454,-66.5185623168945
9000000.00038455,-66.2985916137695
9000000.00038455,-66.0856857299805
9000000.00038455,-65.8816146850586
9000000.00038456,-65.6881561279297
9000000.00038457,-65.5070724487305
9000000.00038457,-65.3401412963867
9000000.00038457,-65.1891250610352
9000000.00038458,-65.0558090209961
9000000.00038458,-64.9419555664063
9000000.00038459,-64.8493347167969
9000000.0003846,-64.7797164916992
9000000.0003846,-64.7336730957031
9000000.0003846,-64.7079315185547
9000000.00038461,-64.7015686035156
9000000.00038461,-64.7138977050781
9000000.00038462,-64.744255065918
9000000.00038463,-64.7919540405273
9000000.00038463,-64.8563232421875
9000000.00038463,-64.9366836547852
9000000.00038464,-65.032356262207
9000000.00038465,-65.1426696777344
9000000.00038465,-65.2669525146484
9000000.00038465,-65.4045181274414
9000000.00038466,-65.5546951293945
9000000.00038466,-65.7179641723633
9000000.00038467,-65.9076156616211
9000000.00038468,-66.1244430541992
9000000.00038468,-66.364372253418
9000000.00038468,-66.6233139038086
9000000.00038469,-66.8972015380859
9000000.00038469,-67.1819534301758
9000000.0003847,-67.4734954833984
9000000.00038471,-67.7677459716797
9000000.00038471,-68.0606307983398
9000000.00038471,-68.3480834960938
9000000.00038472,-68.6260070800781
9000000.00038472,-68.8903427124023
9000000.00038473,-69.1370010375977
9000000.00038473,-69.3783111572266
9000000.00038474,-69.6271438598633
9000000.00038474,-69.8802719116211
9000000.00038475,-70.1344375610352
9000000.00038476,-70.3864212036133
9000000.00038476,-70.6329727172852
9000000.00038476,-70.8708572387695
9000000.00038477,-71.0968322753906
9000000.00038477,-71.3076629638672
9000000.00038478,-71.500114440918
9000000.00038479,-71.6709365844727
9000000.00038479,-71.8169021606445
9000000.00038479,-71.9347610473633
9000000.0003848,-72.0230865478516
9000000.0003848,-72.0867462158203
9000000.00038481,-72.1277618408203
9000000.00038482,-72.1477966308594
9000000.00038482,-72.1485214233398
9000000.00038482,-72.1315841674805
9000000.00038483,-72.0986633300781
9000000.00038484,-72.0514068603516
9000000.00038484,-71.9914779663086
9000000.00038484,-71.9205474853516
9000000.00038485,-71.8402709960938
9000000.00038485,-71.752311706543
9000000.00038486,-71.658332824707
9000000.00038487,-71.5590972900391
9000000.00038487,-71.4445571899414
9000000.00038487,-71.3130874633789
9000000.00038488,-71.1667098999023
9000000.00038488,-71.0074462890625
9000000.00038489,-70.8373260498047
9000000.0003849,-70.6583633422852
9000000.0003849,-70.4725875854492
9000000.0003849,-70.2820129394531
9000000.00038491,-70.0886764526367
9000000.00038492,-69.8945922851563
9000000.00038492,-69.7017822265625
9000000.00038492,-69.5122756958008
9000000.00038493,-69.3280868530273
9000000.00038493,-69.1416702270508
9000000.00038494,-68.9456481933594
9000000.00038495,-68.7423400878906
9000000.00038495,-68.5340423583984
9000000.00038495,-68.3230819702148
9000000.00038496,-68.1117553710938
9000000.00038496,-67.9023742675781
9000000.00038497,-67.6972503662109
9000000.00038498,-67.4986953735352
9000000.00038498,-67.3090133666992
9000000.00038498,-67.1305236816406
9000000.00038499,-66.9655227661133
9000000.00038499,-66.8163299560547
9000000.000385,-66.6807098388672
9000000.00038501,-66.5462112426758
9000000.00038501,-66.4139938354492
9000000.00038501,-66.2863311767578
9000000.00038502,-66.1655120849609
9000000.00038503,-66.0538177490234
9000000.00038503,-65.9535369873047
9000000.00038503,-65.8669509887695
9000000.00038504,-65.7963409423828
9000000.00038504,-65.7440032958984
9000000.00038505,-65.7122116088867
9000000.00038506,-65.703254699707
9000000.00038506,-65.7194137573242
9000000.00038506,-65.7618637084961
9000000.00038507,-65.8183212280273
9000000.00038507,-65.8865737915039
9000000.00038508,-65.9688568115234
9000000.00038509,-66.0674209594727
9000000.00038509,-66.1845092773438
9000000.00038509,-66.3223648071289
9000000.0003851,-66.4832305908203
9000000.00038511,-66.6693572998047
9000000.00038511,-66.8829803466797
9000000.00038511,-67.126350402832
9000000.00038512,-67.4017105102539
9000000.00038512,-67.711311340332
9000000.00038513,-68.0573806762695
9000000.00038514,-68.4596710205078
9000000.00038514,-68.9290084838867
9000000.00038514,-69.4542770385742
9000000.00038515,-70.0243530273438
9000000.00038515,-70.6281204223633
9000000.00038516,-71.2544555664063
9000000.00038517,-71.8922424316406
9000000.00038517,-72.5303573608398
9000000.00038517,-73.1576919555664
9000000.00038518,-73.7631225585938
9000000.00038518,-74.3355255126953
9000000.00038519,-74.8637847900391
9000000.0003852,-75.3367767333984
9000000.0003852,-75.7602996826172
9000000.0003852,-76.1806716918945
9000000.00038521,-76.5962982177734
9000000.00038522,-77.0014419555664
9000000.00038522,-77.3903656005859
9000000.00038522,-77.7573471069336
9000000.00038523,-78.0966644287109
9000000.00038523,-78.4025650024414
9000000.00038524,-78.6693344116211
9000000.00038525,-78.8912353515625
9000000.00038525,-79.0625457763672
9000000.00038525,-79.1775207519531
9000000.00038526,-79.2304458618164
9000000.00038526,-79.2143249511719
9000000.00038527,-79.112174987793
9000000.00038528,-78.928955078125
9000000.00038528,-78.675895690918
9000000.00038528,-78.3642196655273
9000000.00038529,-78.0051574707031
9000000.0003853,-77.6099395751953
9000000.0003853,-77.1897811889648
9000000.0003853,-76.7559204101563
9000000.00038531,-76.319580078125
9000000.00038531,-75.8919906616211
9000000.00038532,-75.484375
9000000.00038533,-75.1079559326172
9000000.00038533,-74.7739639282227
9000000.00038533,-74.4617385864258
9000000.00038534,-74.1447525024414
9000000.00038534,-73.8254928588867
9000000.00038535,-73.5064163208008
9000000.00038536,-73.1900024414063
9000000.00038536,-72.8787155151367
9000000.00038536,-72.5750350952148
9000000.00038537,-72.2814178466797
9000000.00038537,-72.0003509521484
9000000.00038538,-71.7342910766602
9000000.00038539,-71.4857177734375
9000000.00038539,-71.2570953369141
9000000.00038539,-71.050895690918
9000000.0003854,-70.8647842407227
9000000.00038541,-70.6855545043945
9000000.00038541,-70.5144119262695
9000000.00038541,-70.3537445068359
9000000.00038542,-70.2059478759766
9000000.00038542,-70.0734252929688
9000000.00038543,-69.9585723876953
9000000.00038544,-69.8637771606445
9000000.00038544,-69.7914428710938
9000000.00038544,-69.7439575195313
9000000.00038545,-69.7237319946289
9000000.00038545,-69.7331466674805
9000000.00038546,-69.7746047973633
9000000.00038547,-69.8495483398438
9000000.00038547,-69.947639465332
9000000.00038547,-70.0665817260742
9000000.00038548,-70.2078323364258
9000000.00038549,-70.3728485107422
9000000.00038549,-70.5630874633789
9000000.00038549,-70.7800140380859
9000000.0003855,-71.0250778198242
9000000.0003855,-71.2997436523438
9000000.00038551,-71.60546875
9000000.00038552,-71.9437103271484
9000000.00038552,-72.3159332275391
9000000.00038552,-72.7235870361328
9000000.00038553,-73.1681289672852
9000000.00038553,-73.7100830078125
9000000.00038554,-74.3887023925781
9000000.00038555,-75.1735534667969
9000000.00038555,-76.0342254638672
9000000.00038555,-76.9402923583984
9000000.00038556,-77.8613204956055
9000000.00038556,-78.7668914794922
9000000.00038557,-79.626579284668
9000000.00038558,-80.4099655151367
9000000.00038558,-81.0866165161133
9000000.00038558,-81.6261138916016
9000000.00038559,-81.9980316162109
9000000.0003856,-82.1719436645508
9000000.0003856,-82.1235198974609
9000000.0003856,-81.8687515258789
9000000.00038561,-81.4352493286133
9000000.00038561,-80.8501434326172
9000000.00038562,-80.1405868530273
9000000.00038563,-79.3337020874023
9000000.00038563,-78.4566421508789
9000000.00038563,-77.5365447998047
9000000.00038564,-76.6005401611328
9000000.00038564,-75.67578125
9000000.00038565,-74.7894058227539
9000000.00038566,-73.9685516357422
9000000.00038566,-73.2403564453125
9000000.00038566,-72.624885559082
9000000.00038567,-72.0495758056641
9000000.00038568,-71.4889144897461
9000000.00038568,-70.9437561035156
9000000.00038568,-70.4149322509766
9000000.00038569,-69.9032821655273
9000000.00038569,-69.4096603393555
9000000.0003857,-68.9348907470703
9000000.00038571,-68.4798278808594
9000000.00038571,-68.0453033447266
9000000.00038571,-67.6321640014648
9000000.00038572,-67.2412490844727
9000000.00038572,-66.8733978271484
9000000.00038573,-66.5294494628906
9000000.00038574,-66.2082443237305
9000000.00038574,-65.9080505371094
9000000.00038574,-65.6288604736328
9000000.00038575,-65.3706893920898
9000000.00038575,-65.1335296630859
9000000.00038576,-64.9173736572266
9000000.00038577,-64.7222213745117
9000000.00038577,-64.5480804443359
9000000.00038577,-64.3949508666992
9000000.00038578,-64.2628173828125
9000000.00038579,-64.1516952514648
9000000.00038579,-64.0615692138672
9000000.00038579,-63.9924468994141
9000000.0003858,-63.9440803527832
9000000.0003858,-63.9157867431641
9000000.00038581,-63.9077644348145
9000000.00038582,-63.920280456543
9000000.00038582,-63.9535903930664
9000000.00038582,-64.0079650878906
9000000.00038583,-64.0836715698242
9000000.00038583,-64.1809692382813
9000000.00038584,-64.3001174926758
9000000.00038585,-64.4413909912109
9000000.00038585,-64.6050491333008
9000000.00038585,-64.7913589477539
9000000.00038586,-65.0005722045898
9000000.00038587,-65.2343521118164
9000000.00038587,-65.509033203125
9000000.00038587,-65.8245849609375
9000000.00038588,-66.1750106811523
9000000.00038588,-66.5542984008789
9000000.00038589,-66.956428527832
9000000.0003859,-67.3753967285156
9000000.0003859,-67.8051910400391
9000000.0003859,-68.2397994995117
9000000.00038591,-68.673210144043
9000000.00038591,-69.0994110107422
9000000.00038592,-69.5124053955078
9000000.00038593,-69.9061660766602
9000000.00038593,-70.2746887207031
9000000.00038593,-70.645881652832
9000000.00038594,-71.0453338623047
9000000.00038594,-71.463508605957
9000000.00038595,-71.8908996582031
9000000.00038596,-72.3179931640625
9000000.00038596,-72.7352523803711
9000000.00038596,-73.1331787109375
9000000.00038597,-73.5022430419922
9000000.00038598,-73.8329315185547
9000000.00038598,-74.11572265625
9000000.00038598,-74.3410949707031
9000000.00038599,-74.4995422363281
9000000.00038599,-74.5815353393555
9000000.000386,-74.5787506103516
9000000.00038601,-74.4942092895508
9000000.00038601,-74.3371353149414
9000000.00038601,-74.1167602539063
9000000.00038602,-73.8423538208008
9000000.00038602,-73.5231704711914
9000000.00038603,-73.1684494018555
9000000.00038604,-72.7874603271484
9000000.00038604,-72.3894500732422
9000000.00038604,-71.9836807250977
9000000.00038605,-71.5793914794922
9000000.00038606,-71.1858444213867
9000000.00038606,-70.8123016357422
9000000.00038606,-70.4645538330078
9000000.00038607,-70.1056060791016
9000000.00038607,-69.7266159057617
9000000.00038608,-69.3321762084961
9000000.00038609,-68.9269104003906
9000000.00038609,-68.5154190063477
9000000.00038609,-68.1023178100586
9000000.0003861,-67.6922149658203
9000000.0003861,-67.2897186279297
9000000.00038611,-66.8994445800781
9000000.00038612,-66.525993347168
9000000.00038612,-66.1739883422852
9000000.00038612,-65.8480224609375
9000000.00038613,-65.5527191162109
9000000.00038613,-65.2798385620117
9000000.00038614,-65.018669128418
9000000.00038615,-64.7701110839844
9000000.00038615,-64.5350341796875
9000000.00038615,-64.3143463134766
9000000.00038616,-64.1089324951172
9000000.00038617,-63.9196853637695
9000000.00038617,-63.7474899291992
9000000.00038617,-63.5932388305664
9000000.00038618,-63.457820892334
9000000.00038618,-63.3421287536621
9000000.00038619,-63.2470512390137
9000000.0003862,-63.1734771728516
9000000.0003862,-63.1213645935059
9000000.0003862,-63.0881576538086
9000000.00038621,-63.0736541748047
9000000.00038621,-63.0778656005859
9000000.00038622,-63.1007995605469
9000000.00038623,-63.1424713134766
9000000.00038623,-63.2028961181641
9000000.00038623,-63.2820816040039
9000000.00038624,-63.3800430297852
9000000.00038625,-63.4967880249023
9000000.00038625,-63.6323356628418
9000000.00038625,-63.7866897583008
9000000.00038626,-63.9598693847656
9000000.00038626,-64.1520614624023
9000000.00038627,-64.3654022216797
9000000.00038628,-64.5999069213867
9000000.00038628,-64.8548049926758
9000000.00038628,-65.1293411254883
9000000.00038629,-65.4227523803711
9000000.00038629,-65.7342758178711
9000000.0003863,-66.0631484985352
9000000.00038631,-66.4085998535156
9000000.00038631,-66.7698822021484
9000000.00038631,-67.1462173461914
9000000.00038632,-67.5368576049805
9000000.00038633,-67.9410247802734
9000000.00038633,-68.3579711914063
9000000.00038634,-68.8136215209961
9000000.00038634,-69.3263549804688
9000000.00038634,-69.8840637207031
9000000.00038635,-70.4746551513672
9000000.00038636,-71.0860214233398
9000000.00038636,-71.7060699462891
9000000.00038636,-72.3226852416992
9000000.00038637,-72.9237823486328
9000000.00038637,-73.4972457885742
9000000.00038638,-74.0309829711914
9000000.00038639,-74.5128860473633
9000000.00038639,-74.9308624267578
9000000.00038639,-75.2728042602539
9000000.0003864,-75.5347061157227
9000000.0003864,-75.7385864257813
9000000.00038641,-75.8908996582031
9000000.00038642,-75.9963912963867
9000000.00038642,-76.0598068237305
9000000.00038642,-76.0858917236328
9000000.00038643,-76.0793991088867
9000000.00038644,-76.0450592041016
9000000.00038644,-75.9876327514648
9000000.00038644,-75.9118576049805
9000000.00038645,-75.8224792480469
9000000.00038645,-75.7242431640625
9000000.00038646,-75.6219024658203
9000000.00038647,-75.5180511474609
9000000.00038647,-75.3892669677734
9000000.00038647,-75.23095703125
9000000.00038648,-75.0470581054688
9000000.00038648,-74.8414993286133
9000000.00038649,-74.6182098388672
9000000.0003865,-74.3811187744141
9000000.0003865,-74.134162902832
9000000.0003865,-73.8812789916992
9000000.00038651,-73.6263885498047
9000000.00038652,-73.373420715332
9000000.00038652,-73.1263275146484
9000000.00038652,-72.8890151977539
9000000.00038653,-72.6654357910156
9000000.00038653,-72.4475326538086
9000000.00038654,-72.2254943847656
9000000.00038655,-72.0005722045898
9000000.00038655,-71.7740173339844
9000000.00038655,-71.5470886230469
9000000.00038656,-71.3210372924805
9000000.00038656,-71.0971221923828
9000000.00038657,-70.876594543457
9000000.00038658,-70.6607055664063
9000000.00038658,-70.4507217407227
9000000.00038658,-70.2478866577148
9000000.00038659,-70.0534591674805
9000000.00038659,-69.8686981201172
9000000.0003866,-69.6919631958008
9000000.00038661,-69.5153503417969
9000000.00038661,-69.3398132324219
9000000.00038661,-69.1670303344727
9000000.00038662,-68.9987030029297
9000000.00038663,-68.8365020751953
9000000.00038663,-68.6821212768555
9000000.00038663,-68.5372543334961
9000000.00038664,-68.4035720825195
9000000.00038664,-68.2827682495117
9000000.00038665,-68.1765365600586
9000000.00038666,-68.086555480957
9000000.00038666,-68.0145034790039
9000000.00038666,-67.9620895385742
9000000.00038667,-67.9300765991211
9000000.00038667,-67.9169387817383
9000000.00038668,-67.9208679199219
9000000.00038669,-67.9400634765625
9000000.00038669,-67.9727096557617
9000000.00038669,-68.0170059204102
9000000.0003867,-68.0711441040039
9000000.00038671,-68.13330078125
9000000.00038671,-68.2016906738281
9000000.00038671,-68.2744903564453
9000000.00038672,-68.3498916625977
9000000.00038672,-68.4260940551758
9000000.00038673,-68.5012817382813
9000000.00038674,-68.5873718261719
9000000.00038674,-68.6944274902344
9000000.00038674,-68.8178787231445
9000000.00038675,-68.9531555175781
9000000.00038675,-69.0956802368164
9000000.00038676,-69.2408752441406
9000000.00038677,-69.3841781616211
9000000.00038677,-69.5210189819336
9000000.00038677,-69.6468124389648
9000000.00038678,-69.7569885253906
9000000.00038678,-69.8469848632813
9000000.00038679,-69.912223815918
9000000.0003868,-69.948127746582
9000000.0003868,-69.9536666870117
9000000.0003868,-69.9384994506836
9000000.00038681,-69.904670715332
9000000.00038682,-69.8534698486328
9000000.00038682,-69.7861633300781
9000000.00038682,-69.7040405273438
9000000.00038683,-69.6083755493164
9000000.00038683,-69.5004425048828
9000000.00038684,-69.3815155029297
9000000.00038685,-69.2528915405273
9000000.00038685,-69.1158294677734
9000000.00038685,-68.9716110229492
9000000.00038686,-68.8215179443359
9000000.00038686,-68.6655960083008
9000000.00038687,-68.4898529052734
9000000.00038688,-68.2929458618164
9000000.00038688,-68.0786514282227
9000000.00038688,-67.8507308959961
9000000.00038689,-67.6129760742188
9000000.0003869,-67.369140625
9000000.0003869,-67.1230087280273
9000000.0003869,-66.8783569335938
9000000.00038691,-66.6389465332031
9000000.00038691,-66.4085464477539
9000000.00038692,-66.1909484863281
9000000.00038693,-65.9899139404297
9000000.00038693,-65.809211730957
9000000.00038693,-65.6396942138672
9000000.00038694,-65.4709625244141
9000000.00038694,-65.3049163818359
9000000.00038695,-65.1434631347656
9000000.00038696,-64.9885025024414
9000000.00038696,-64.8419418334961
9000000.00038696,-64.7056884765625
9000000.00038697,-64.5816421508789
9000000.00038697,-64.4717102050781
9000000.00038698,-64.3777923583984
9000000.00038699,-64.3017883300781
9000000.00038699,-64.2456130981445
9000000.00038699,-64.2111663818359
9000000.000387,-64.1973342895508
9000000.00038701,-64.1958160400391
9000000.00038701,-64.2069931030273
9000000.00038701,-64.2319946289063
9000000.00038702,-64.2719268798828
9000000.00038702,-64.3279190063477
9000000.00038703,-64.4010696411133
9000000.00038704,-64.4925155639648
9000000.00038704,-64.6033706665039
9000000.00038704,-64.734748840332
9000000.00038705,-64.8877716064453
9000000.00038705,-65.0635528564453
9000000.00038706,-65.2632141113281
9000000.00038707,-65.4867630004883
9000000.00038707,-65.7216186523438
9000000.00038707,-65.9665908813477
9000000.00038708,-66.2251129150391
9000000.00038709,-66.5006103515625
9000000.00038709,-66.7964935302734
9000000.00038709,-67.1161956787109
9000000.0003871,-67.4631423950195
9000000.0003871,-67.8407440185547
9000000.00038711,-68.2524337768555
9000000.00038712,-68.7016296386719
9000000.00038712,-69.1917572021484
9000000.00038712,-69.7262344360352
9000000.00038713,-70.3084945678711
9000000.00038713,-71.0008010864258
9000000.00038714,-71.8414077758789
9000000.00038715,-72.7977066040039
9000000.00038715,-73.8370971679688
9000000.00038715,-74.9269638061523
9000000.00038716,-76.0347061157227
9000000.00038716,-77.1277084350586
9000000.00038717,-78.1733627319336
9000000.00038718,-79.1390762329102
9000000.00038718,-79.9922256469727
9000000.00038718,-80.7002029418945
9000000.00038719,-81.2304153442383
9000000.0003872,-81.5502471923828
9000000.0003872,-81.6356811523438
9000000.0003872,-81.5095825195313
9000000.00038721,-81.1998825073242
9000000.00038721,-80.7334594726563
9000000.00038722,-80.1371917724609
9000000.00038723,-79.4379653930664
9000000.00038723,-78.6626510620117
9000000.00038723,-77.8381423950195
9000000.00038724,-76.9913101196289
9000000.00038724,-76.149040222168
9000000.00038725,-75.3382110595703
9000000.00038726,-74.5857009887695
9000000.00038726,-73.9183959960938
9000000.00038726,-73.355827331543
9000000.00038727,-72.8221664428711
9000000.00038728,-72.2921142578125
9000000.00038728,-71.7678833007813
9000000.00038728,-71.2517166137695
9000000.00038729,-70.7458419799805
9000000.00038729,-70.2524719238281
9000000.0003873,-69.7738418579102
9000000.00038731,-69.3121871948242
9000000.00038731,-68.8697280883789
9000000.00038731,-68.4486923217773
9000000.00038732,-68.0513076782227
9000000.00038732,-67.679801940918
9000000.00038733,-67.3364105224609
9000000.00038734,-67.0176010131836
9000000.00038734,-66.7185211181641
9000000.00038734,-66.4393692016602
9000000.00038735,-66.1803512573242
9000000.00038735,-65.9416732788086
9000000.00038736,-65.7235488891602
9000000.00038737,-65.5261764526367
9000000.00038737,-65.3497695922852
9000000.00038737,-65.1945343017578
9000000.00038738,-65.0606689453125
9000000.00038739,-64.9483871459961
9000000.00038739,-64.8578872680664
9000000.00038739,-64.7893905639648
9000000.0003874,-64.7435913085938
9000000.0003874,-64.7218551635742
9000000.00038741,-64.7235794067383
9000000.00038742,-64.7480010986328
9000000.00038742,-64.7943649291992
9000000.00038742,-64.8619155883789
9000000.00038743,-64.9498901367188
9000000.00038743,-65.0575332641602
9000000.00038744,-65.1840896606445
9000000.00038745,-65.3287963867188
9000000.00038745,-65.4909057617188
9000000.00038745,-65.6696548461914
9000000.00038746,-65.8642959594727
9000000.00038747,-66.0759201049805
9000000.00038747,-66.3262557983398
9000000.00038747,-66.6162490844727
9000000.00038748,-66.9389495849609
9000000.00038748,-67.2873764038086
9000000.00038749,-67.6545639038086
9000000.0003875,-68.0335388183594
9000000.0003875,-68.4173431396484
9000000.0003875,-68.7990036010742
9000000.00038751,-69.1715545654297
9000000.00038751,-69.5280151367188
9000000.00038752,-69.8614273071289
9000000.00038753,-70.1648254394531
9000000.00038753,-70.4312286376953
9000000.00038753,-70.6749877929688
9000000.00038754,-70.9135665893555
9000000.00038754,-71.1447067260742
9000000.00038755,-71.3661422729492
9000000.00038756,-71.5755996704102
9000000.00038756,-71.7708053588867
9000000.00038756,-71.9495010375977
9000000.00038757,-72.1094207763672
9000000.00038758,-72.248291015625
9000000.00038758,-72.3638458251953
9000000.00038758,-72.4538192749023
9000000.00038759,-72.5159378051758
9000000.00038759,-72.5479354858398
9000000.0003876,-72.5458526611328
9000000.00038761,-72.5049591064453
9000000.00038761,-72.4290161132813
9000000.00038761,-72.3223342895508
9000000.00038762,-72.1892395019531
9000000.00038762,-72.0340347290039
9000000.00038763,-71.8610458374023
9000000.00038764,-71.6745758056641
9000000.00038764,-71.4789428710938
9000000.00038764,-71.2784652709961
9000000.00038765,-71.0774459838867
9000000.00038766,-70.8802108764648
9000000.00038766,-70.6910705566406
9000000.00038766,-70.5127868652344
9000000.00038767,-70.3289108276367
9000000.00038767,-70.1353225708008
9000000.00038768,-69.9338836669922
9000000.00038769,-69.7264785766602
9000000.00038769,-69.5149765014648
9000000.00038769,-69.3012466430664
9000000.0003877,-69.0871658325195
9000000.0003877,-68.8746032714844
9000000.00038771,-68.6654281616211
9000000.00038772,-68.4615249633789
9000000.00038772,-68.2647476196289
9000000.00038772,-68.0769882202148
9000000.00038773,-67.9001083374023
9000000.00038773,-67.7308349609375
9000000.00038774,-67.5648727416992
9000000.00038775,-67.4025497436523
9000000.00038775,-67.2441864013672
9000000.00038775,-67.0901107788086
9000000.00038776,-66.9406433105469
9000000.00038777,-66.7961196899414
9000000.00038777,-66.6568603515625
9000000.00038777,-66.5231857299805
9000000.00038778,-66.3954238891602
9000000.00038778,-66.2739105224609
9000000.00038779,-66.1589584350586
9000000.0003878,-66.050895690918
9000000.0003878,-65.9483871459961
9000000.0003878,-65.8468399047852
9000000.00038781,-65.7472381591797
9000000.00038781,-65.650993347168
9000000.00038782,-65.5595245361328
9000000.00038783,-65.474250793457
9000000.00038783,-65.3965911865234
9000000.00038783,-65.3279571533203
9000000.00038784,-65.2697601318359
9000000.00038785,-65.2234268188477
9000000.00038785,-65.1903686523438
9000000.00038785,-65.172004699707
9000000.00038786,-65.1697540283203
9000000.00038786,-65.1839599609375
9000000.00038787,-65.2026519775391
9000000.00038788,-65.2243881225586
9000000.00038788,-65.2520980834961
9000000.00038788,-65.2887268066406
9000000.00038789,-65.3372039794922
9000000.00038789,-65.4004669189453
9000000.0003879,-65.4814453125
9000000.00038791,-65.5830764770508
9000000.00038791,-65.7082901000977
9000000.00038791,-65.8600311279297
9000000.00038792,-66.0412292480469
9000000.00038793,-66.2548141479492
9000000.00038793,-66.5037231445313
9000000.00038794,-66.8064041137695
9000000.00038794,-67.1720199584961
9000000.00038794,-67.5896301269531
9000000.00038795,-68.0482788085938
9000000.00038796,-68.5370101928711
9000000.00038796,-69.0448760986328
9000000.00038796,-69.560920715332
9000000.00038797,-70.0741958618164
9000000.00038797,-70.5737457275391
9000000.00038798,-71.0486145019531
9000000.00038799,-71.4878540039063
9000000.00038799,-71.8805160522461
9000000.00038799,-72.2156372070313
9000000.000388,-72.4974136352539
9000000.000388,-72.7673263549805
9000000.00038801,-73.0249862670898
9000000.00038802,-73.266357421875
9000000.00038802,-73.4874038696289
9000000.00038802,-73.6841049194336
9000000.00038803,-73.8524017333984
9000000.00038804,-73.9882736206055
9000000.00038804,-74.0876770019531
9000000.00038804,-74.1465835571289
9000000.00038805,-74.1609497070313
9000000.00038805,-74.1267471313477
9000000.00038806,-74.0399322509766
9000000.00038807,-73.894416809082
9000000.00038807,-73.6644134521484
9000000.00038807,-73.3532333374023
9000000.00038808,-72.9736557006836
9000000.00038808,-72.5384826660156
9000000.00038809,-72.0604858398438
9000000.0003881,-71.5524597167969
9000000.0003881,-71.0271835327148
9000000.0003881,-70.497444152832
9000000.00038811,-69.9760360717773
9000000.00038812,-69.4757385253906
9000000.00038812,-69.0093307495117
9000000.00038813,-68.5896072387695
9000000.00038813,-68.2293548583984
9000000.00038813,-67.9074172973633
9000000.00038814,-67.5952224731445
9000000.00038815,-67.2944259643555
9000000.00038815,-67.0066604614258
9000000.00038815,-66.7335968017578
9000000.00038816,-66.4768753051758
9000000.00038816,-66.2381591796875
9000000.00038817,-66.0190811157227
9000000.00038818,-65.8213043212891
9000000.00038818,-65.6464767456055
9000000.00038818,-65.4962463378906
9000000.00038819,-65.3722686767578
9000000.00038819,-65.2761993408203
9000000.0003882,-65.2075958251953
9000000.00038821,-65.1607437133789
9000000.00038821,-65.1355590820313
9000000.00038821,-65.132438659668
9000000.00038822,-65.1517639160156
9000000.00038823,-65.1939468383789
9000000.00038823,-65.2593841552734
9000000.00038823,-65.3484725952148
9000000.00038824,-65.4616088867188
9000000.00038824,-65.5991973876953
9000000.00038825,-65.7616195678711
9000000.00038826,-65.9492950439453
9000000.00038826,-66.1626052856445
9000000.00038826,-66.4024047851563
9000000.00038827,-66.6740417480469
9000000.00038827,-66.9772262573242
9000000.00038828,-67.3097152709961
9000000.00038829,-67.6692428588867
9000000.00038829,-68.0535583496094
9000000.00038829,-68.4604034423828
9000000.0003883,-68.8875274658203
9000000.00038831,-69.3326644897461
9000000.00038831,-69.793571472168
9000000.00038831,-70.2679824829102
9000000.00038832,-70.7536392211914
9000000.00038832,-71.2482986450195
9000000.00038833,-71.7497024536133
9000000.00038834,-72.2951278686523
9000000.00038834,-72.9122924804688
9000000.00038834,-73.5845794677734
9000000.00038835,-74.2953796386719
9000000.00038835,-75.0280685424805
9000000.00038836,-75.7660446166992
9000000.00038837,-76.49267578125
9000000.00038837,-77.1913681030273
9000000.00038837,-77.8454895019531
9000000.00038838,-78.4384384155273
9000000.00038838,-78.9535980224609
9000000.00038839,-79.3743438720703
9000000.0003884,-79.6840744018555
9000000.0003884,-79.8757934570313
9000000.0003884,-79.9756164550781
9000000.00038841,-79.9935989379883
9000000.00038842,-79.9378356933594
9000000.00038842,-79.8164443969727
9000000.00038842,-79.6375198364258
9000000.00038843,-79.4091644287109
9000000.00038843,-79.1394958496094
9000000.00038844,-78.8366012573242
9000000.00038845,-78.5085983276367
9000000.00038845,-78.1635894775391
9000000.00038845,-77.8096694946289
9000000.00038846,-77.4549560546875
9000000.00038846,-77.1033248901367
9000000.00038847,-76.7081985473633
9000000.00038848,-76.2616500854492
9000000.00038848,-75.7727203369141
9000000.00038848,-75.2504272460938
9000000.00038849,-74.7038269042969
9000000.0003885,-74.1419448852539
9000000.0003885,-73.5738143920898
9000000.0003885,-73.0084838867188
9000000.00038851,-72.4549789428711
9000000.00038851,-71.9223403930664
9000000.00038852,-71.4196090698242
9000000.00038853,-70.9558181762695
9000000.00038853,-70.5400009155273
9000000.00038853,-70.1569061279297
9000000.00038854,-69.7861328125
9000000.00038854,-69.4290008544922
9000000.00038855,-69.0868148803711
9000000.00038856,-68.7609024047852
9000000.00038856,-68.4525604248047
9000000.00038856,-68.1631240844727
9000000.00038857,-67.8938903808594
9000000.00038857,-67.6461791992188
9000000.00038858,-67.4213104248047
9000000.00038859,-67.2205963134766
9000000.00038859,-67.0453414916992
9000000.00038859,-66.8968658447266
9000000.0003886,-66.7750015258789
9000000.00038861,-66.675651550293
9000000.00038861,-66.5986175537109
9000000.00038861,-66.5440216064453
9000000.00038862,-66.5120162963867
9000000.00038862,-66.5027389526367
9000000.00038863,-66.5163116455078
9000000.00038864,-66.5528869628906
9000000.00038864,-66.6125946044922
9000000.00038864,-66.6955795288086
9000000.00038865,-66.8019714355469
9000000.00038865,-66.9319076538086
9000000.00038866,-67.0855331420898
9000000.00038867,-67.2641067504883
9000000.00038867,-67.4808883666992
9000000.00038867,-67.7359237670898
9000000.00038868,-68.0244064331055
9000000.00038869,-68.3415374755859
9000000.00038869,-68.682502746582
9000000.00038869,-69.0424957275391
9000000.0003887,-69.4167175292969
9000000.0003887,-69.8003616333008
9000000.00038871,-70.1886138916016
9000000.00038872,-70.5766754150391
9000000.00038872,-70.9597396850586
9000000.00038872,-71.3330001831055
9000000.00038873,-71.6916427612305
9000000.00038873,-72.0553588867188
9000000.00038874,-72.4428024291992
9000000.00038875,-72.84765625
9000000.00038875,-73.2635879516602
9000000.00038875,-73.6842727661133
9000000.00038876,-74.103385925293
9000000.00038876,-74.5146026611328
9000000.00038877,-74.9115982055664
9000000.00038878,-75.2880477905273
9000000.00038878,-75.6376113891602
9000000.00038878,-75.953987121582
9000000.00038879,-76.230827331543
9000000.0003888,-76.4618148803711
9000000.0003888,-76.6463470458984
9000000.0003888,-76.800048828125
9000000.00038881,-76.9251022338867
9000000.00038881,-77.0223999023438
9000000.00038882,-77.0928421020508
9000000.00038883,-77.1372985839844
9000000.00038883,-77.1566772460938
9000000.00038883,-77.1518630981445
9000000.00038884,-77.1237411499023
9000000.00038884,-77.0732040405273
9000000.00038885,-77.0011444091797
9000000.00038886,-76.908447265625
9000000.00038886,-76.796012878418
9000000.00038886,-76.6633224487305
9000000.00038887,-76.4943084716797
9000000.00038888,-76.2879486083984
9000000.00038888,-76.0491027832031
9000000.00038888,-75.7826385498047
9000000.00038889,-75.4934234619141
9000000.00038889,-75.1863098144531
9000000.0003889,-74.8661651611328
9000000.00038891,-74.5378570556641
9000000.00038891,-74.2062377929688
9000000.00038891,-73.8761749267578
9000000.00038892,-73.5525360107422
9000000.00038892,-73.2401809692383
9000000.00038893,-72.943977355957
9000000.00038894,-72.6511764526367
9000000.00038894,-72.3477401733398
9000000.00038894,-72.0365905761719
9000000.00038895,-71.7206268310547
9000000.00038895,-71.4027633666992
9000000.00038896,-71.0859222412109
9000000.00038897,-70.7730026245117
9000000.00038897,-70.4669189453125
9000000.00038897,-70.1705780029297
9000000.00038898,-69.8869018554688
9000000.00038899,-69.6187973022461
9000000.00038899,-69.3691711425781
9000000.00038899,-69.1409454345703
9000000.000389,-68.9315032958984
9000000.000389,-68.7257232666016
9000000.00038901,-68.5248870849609
9000000.00038902,-68.3316650390625
9000000.00038902,-68.1487045288086
9000000.00038902,-67.9786682128906
9000000.00038903,-67.8242263793945
9000000.00038903,-67.6880264282227
9000000.00038904,-67.5727310180664
9000000.00038905,-67.4810104370117
9000000.00038905,-67.4155197143555
9000000.00038905,-67.3789138793945
9000000.00038906,-67.3738555908203
9000000.00038907,-67.4002456665039
9000000.00038907,-67.4266586303711
9000000.00038907,-67.4502792358398
9000000.00038908,-67.4797592163086
9000000.00038908,-67.5237808227539
9000000.00038909,-67.5909881591797
9000000.0003891,-67.6900634765625
9000000.0003891,-67.8296661376953
9000000.0003891,-68.0184555053711
9000000.00038911,-68.2650985717773
9000000.00038911,-68.578254699707
9000000.00038912,-68.9665985107422
9000000.00038913,-69.4387893676758
9000000.00038913,-70.0034942626953
9000000.00038913,-70.7415466308594
9000000.00038914,-71.6978759765625
9000000.00038914,-72.8273162841797
9000000.00038915,-74.0846862792969
9000000.00038916,-75.4248046875
9000000.00038916,-76.8024826049805
9000000.00038916,-78.1725540161133
9000000.00038917,-79.4898376464844
9000000.00038918,-80.7091445922852
9000000.00038918,-81.7853088378906
9000000.00038918,-82.6731414794922
9000000.00038919,-83.3274612426758
9000000.00038919,-83.7030944824219
9000000.0003892,-83.767578125
9000000.00038921,-83.5548400878906
9000000.00038921,-83.1029281616211
9000000.00038921,-82.4482116699219
9000000.00038922,-81.627067565918
9000000.00038922,-80.6758804321289
9000000.00038923,-79.6310272216797
9000000.00038924,-78.5288772583008
9000000.00038924,-77.4058151245117
9000000.00038924,-76.2982177734375
9000000.00038925,-75.2424621582031
9000000.00038926,-74.2749252319336
9000000.00038926,-73.4319839477539
9000000.00038926,-72.7408905029297
9000000.00038927,-72.1085662841797
9000000.00038927,-71.5008850097656
9000000.00038928,-70.9175033569336
9000000.00038929,-70.3580551147461
9000000.00038929,-69.8221969604492
9000000.00038929,-69.3095779418945
9000000.0003893,-68.8198318481445
9000000.0003893,-68.3526077270508
9000000.00038931,-67.9075622558594
9000000.00038932,-67.4843368530273
9000000.00038932,-67.0825805664063
9000000.00038932,-66.7019271850586
9000000.00038933,-66.342041015625
9000000.00038934,-66.005256652832
9000000.00038934,-65.6935653686523
9000000.00038935,-65.4060516357422
9000000.00038935,-65.1418228149414
9000000.00038935,-64.8999710083008
9000000.00038936,-64.6795883178711
9000000.00038937,-64.4797821044922
9000000.00038937,-64.2996444702148
9000000.00038937,-64.1382751464844
9000000.00038938,-63.9947624206543
9000000.00038938,-63.8682098388672
9000000.00038939,-63.7577133178711
9000000.0003894,-63.6623687744141
9000000.0003894,-63.5831985473633
9000000.0003894,-63.5254898071289
9000000.00038941,-63.4886703491211
9000000.00038941,-63.4716835021973
9000000.00038942,-63.4734840393066
9000000.00038943,-63.4930076599121
9000000.00038943,-63.5292091369629
9000000.00038943,-63.5810279846191
9000000.00038944,-63.6474151611328
9000000.00038945,-63.7273139953613
9000000.00038945,-63.8196716308594
9000000.00038945,-63.9234352111816
9000000.00038946,-64.0375518798828
9000000.00038946,-64.1618499755859
9000000.00038947,-64.3063354492188
9000000.00038948,-64.4721069335938
9000000.00038948,-64.6565780639648
9000000.00038948,-64.8571853637695
9000000.00038949,-65.0713577270508
9000000.00038949,-65.2965240478516
9000000.0003895,-65.5301132202148
9000000.00038951,-65.7695541381836
9000000.00038951,-66.0122680664063
9000000.00038951,-66.2556991577148
9000000.00038952,-66.4972686767578
9000000.00038953,-66.7343978881836
9000000.00038953,-66.9645309448242
9000000.00038954,-67.1995086669922
9000000.00038954,-67.4502029418945
9000000.00038954,-67.7125930786133
9000000.00038955,-67.9826583862305
9000000.00038956,-68.2563552856445
9000000.00038956,-68.5296783447266
9000000.00038956,-68.798583984375
9000000.00038957,-69.0590438842773
9000000.00038957,-69.3070526123047
9000000.00038958,-69.5385589599609
9000000.00038959,-69.7495498657227
9000000.00038959,-69.9359970092773
9000000.00038959,-70.093879699707
9000000.0003896,-70.2229385375977
9000000.0003896,-70.3335189819336
9000000.00038961,-70.426887512207
9000000.00038962,-70.5034713745117
9000000.00038962,-70.5636901855469
9000000.00038962,-70.6079559326172
9000000.00038963,-70.6366882324219
9000000.00038964,-70.6503067016602
9000000.00038964,-70.6492233276367
9000000.00038964,-70.6338577270508
9000000.00038965,-70.6046295166016
9000000.00038965,-70.5619583129883
9000000.00038966,-70.5062561035156
9000000.00038967,-70.4370498657227
9000000.00038967,-70.343864440918
9000000.00038967,-70.226188659668
9000000.00038968,-70.0873413085938
9000000.00038968,-69.9306259155273
9000000.00038969,-69.7593536376953
9000000.0003897,-69.5768356323242
9000000.0003897,-69.3863830566406
9000000.0003897,-69.1913070678711
9000000.00038971,-68.9949188232422
9000000.00038972,-68.8005294799805
9000000.00038972,-68.611442565918
9000000.00038973,-68.4309692382813
9000000.00038973,-68.2624282836914
9000000.00038973,-68.0964126586914
9000000.00038974,-67.9228820800781
9000000.00038975,-67.7441635131836
9000000.00038975,-67.5625991821289
9000000.00038975,-67.3805236816406
9000000.00038976,-67.2002639770508
9000000.00038976,-67.0241622924805
9000000.00038977,-66.8545608520508
9000000.00038978,-66.6937866210938
9000000.00038978,-66.5441741943359
9000000.00038978,-66.4080657958984
9000000.00038979,-66.2877960205078
9000000.00038979,-66.1856918334961
9000000.0003898,-66.1000900268555
9000000.00038981,-66.0200119018555
9000000.00038981,-65.9461441040039
9000000.00038981,-65.8801803588867
9000000.00038982,-65.8238143920898
9000000.00038983,-65.7787246704102
9000000.00038983,-65.7466049194336
9000000.00038983,-65.7291412353516
9000000.00038984,-65.7280197143555
9000000.00038984,-65.7449417114258
9000000.00038985,-65.7815780639648
9000000.00038986,-65.8396224975586
9000000.00038986,-65.920768737793
9000000.00038986,-66.0271224975586
9000000.00038987,-66.1642990112305
9000000.00038987,-66.3308410644531
9000000.00038988,-66.5232315063477
9000000.00038989,-66.7379379272461
9000000.00038989,-66.9714508056641
9000000.00038989,-67.2202377319336
9000000.0003899,-67.4807815551758
9000000.00038991,-67.7495574951172
9000000.00038991,-68.0230484008789
9000000.00038992,-68.297721862793
9000000.00038992,-68.5700607299805
9000000.00038992,-68.836540222168
9000000.00038993,-69.0936431884766
9000000.00038994,-69.3637084960938
9000000.00038994,-69.6657638549805
9000000.00038994,-69.9913177490234
9000000.00038995,-70.3318939208984
9000000.00038995,-70.6789932250977
9000000.00038996,-71.0241241455078
9000000.00038997,-71.3588104248047
9000000.00038997,-71.674560546875
9000000.00038997,-71.9628753662109
9000000.00038998,-72.2152709960938
9000000.00038998,-72.4232711791992
9000000.00038999,-72.578369140625
9000000.00039,-72.6720886230469
9000000.00039,-72.6992492675781
9000000.00039,-72.6687927246094
9000000.00039001,-72.5871276855469
9000000.00039002,-72.4600982666016
9000000.00039002,-72.2935485839844
9000000.00039002,-72.0933227539063
9000000.00039003,-71.8652725219727
9000000.00039003,-71.615234375
9000000.00039004,-71.3490524291992
9000000.00039005,-71.0725784301758
9000000.00039005,-70.7916564941406
9000000.00039005,-70.5121307373047
9000000.00039006,-70.2398452758789
9000000.00039006,-69.9780654907227
9000000.00039007,-69.6987686157227
9000000.00039008,-69.3962936401367
9000000.00039008,-69.0752029418945
9000000.00039008,-68.7400512695313
9000000.00039009,-68.395393371582
9000000.0003901,-68.0457992553711
9000000.0003901,-67.6958084106445
9000000.0003901,-67.3499984741211
9000000.00039011,-67.0129089355469
9000000.00039011,-66.6891174316406
9000000.00039012,-66.3831634521484
9000000.00039013,-66.099609375
9000000.00039013,-65.843017578125
9000000.00039013,-65.6045913696289
9000000.00039014,-65.373291015625
9000000.00039014,-65.1503219604492
9000000.00039015,-64.9368743896484
9000000.00039016,-64.7341613769531
9000000.00039016,-64.5433731079102
9000000.00039016,-64.3657073974609
9000000.00039017,-64.2023773193359
9000000.00039017,-64.054573059082
9000000.00039018,-63.9234886169434
9000000.00039019,-63.8103370666504
9000000.00039019,-63.7163124084473
9000000.00039019,-63.6426162719727
9000000.0003902,-63.5892143249512
9000000.00039021,-63.5527496337891
9000000.00039021,-63.5329170227051
9000000.00039021,-63.5297088623047
9000000.00039022,-63.5431022644043
9000000.00039022,-63.5730895996094
9000000.00039023,-63.6196517944336
9000000.00039024,-63.6827735900879
9000000.00039024,-63.7624435424805
9000000.00039024,-63.858642578125
9000000.00039025,-63.9713592529297
9000000.00039025,-64.1005783081055
9000000.00039026,-64.2462768554688
9000000.00039027,-64.4091949462891
9000000.00039027,-64.5980682373047
9000000.00039027,-64.8130187988281
9000000.00039028,-65.0509796142578
9000000.00039029,-65.3088836669922
9000000.00039029,-65.5836486816406
9000000.00039029,-65.8722152709961
9000000.0003903,-66.171516418457
9000000.0003903,-66.4784698486328
9000000.00039031,-66.7900085449219
9000000.00039032,-67.1030654907227
9000000.00039032,-67.4145736694336
9000000.00039032,-67.7214508056641
9000000.00039033,-68.020637512207
9000000.00039033,-68.3333511352539
9000000.00039034,-68.6773681640625
9000000.00039035,-69.0444412231445
9000000.00039035,-69.4263153076172
9000000.00039035,-69.8147354125977
9000000.00039036,-70.2014465332031
9000000.00039036,-70.5782089233398
9000000.00039037,-70.936767578125
9000000.00039038,-71.2688674926758
9000000.00039038,-71.5662612915039
9000000.00039038,-71.8206939697266
9000000.00039039,-72.0239181518555
9000000.0003904,-72.1676712036133
9000000.0003904,-72.2479782104492
9000000.0003904,-72.2763748168945
9000000.00039041,-72.2582702636719
9000000.00039041,-72.1982269287109
9000000.00039042,-72.1008377075195
9000000.00039043,-71.9706726074219
9000000.00039043,-71.8123092651367
9000000.00039043,-71.6303253173828
9000000.00039044,-71.4293060302734
9000000.00039044,-71.2138137817383
9000000.00039045,-70.9884414672852
9000000.00039046,-70.7577514648438
9000000.00039046,-70.5263290405273
9000000.00039046,-70.296272277832
9000000.00039047,-70.0402297973633
9000000.00039048,-69.7536926269531
9000000.00039048,-69.4421463012695
9000000.00039048,-69.1110610961914
9000000.00039049,-68.7659225463867
9000000.00039049,-68.4122085571289
9000000.0003905,-68.0553894042969
9000000.00039051,-67.7009506225586
9000000.00039051,-67.354362487793
9000000.00039051,-67.0211029052734
9000000.00039052,-66.706657409668
9000000.00039052,-66.4164962768555
9000000.00039053,-66.1561050415039
9000000.00039054,-65.9144515991211
9000000.00039054,-65.677978515625
9000000.00039054,-65.4483413696289
9000000.00039055,-65.2272109985352
9000000.00039055,-65.0162353515625
9000000.00039056,-64.8170776367188
9000000.00039057,-64.6314010620117
9000000.00039057,-64.4608688354492
9000000.00039057,-64.30712890625
9000000.00039058,-64.1718597412109
9000000.00039059,-64.0567092895508
9000000.00039059,-63.9633369445801
9000000.00039059,-63.8934059143066
9000000.0003906,-63.8457832336426
9000000.0003906,-63.8128051757813
9000000.00039061,-63.7949256896973
9000000.00039062,-63.7932891845703
9000000.00039062,-63.8090400695801
9000000.00039062,-63.843318939209
9000000.00039063,-63.897274017334
9000000.00039063,-63.9720497131348
9000000.00039064,-64.0687866210938
9000000.00039065,-64.1886291503906
9000000.00039065,-64.3327255249023
9000000.00039065,-64.5022125244141
9000000.00039066,-64.6982421875
9000000.00039067,-64.9199066162109
9000000.00039067,-65.1435317993164
9000000.00039067,-65.3677749633789
9000000.00039068,-65.5999374389648
9000000.00039068,-65.8473434448242
9000000.00039069,-66.1172943115234
9000000.0003907,-66.4171142578125
9000000.0003907,-66.7540969848633
9000000.0003907,-67.1355590820313
9000000.00039071,-67.5688247680664
9000000.00039071,-68.0611877441406
9000000.00039072,-68.6199645996094
9000000.00039073,-69.2524719238281
9000000.00039073,-69.9660110473633
9000000.00039073,-70.838508605957
9000000.00039074,-71.9144287109375
9000000.00039075,-73.1509323120117
9000000.00039075,-74.5051727294922
9000000.00039076,-75.9343185424805
9000000.00039076,-77.3955078125
9000000.00039076,-78.8459167480469
9000000.00039077,-80.2426834106445
9000000.00039078,-81.54296875
9000000.00039078,-82.7039413452148
9000000.00039078,-83.6827392578125
9000000.00039079,-84.4365234375
9000000.00039079,-84.9224624633789
9000000.0003908,-85.109016418457
9000000.00039081,-85.0262832641602
9000000.00039081,-84.7109527587891
9000000.00039081,-84.1983184814453
9000000.00039082,-83.5236663818359
9000000.00039082,-82.7222900390625
9000000.00039083,-81.8294982910156
9000000.00039084,-80.8805694580078
9000000.00039084,-79.9108123779297
9000000.00039084,-78.9555053710938
9000000.00039085,-78.0499572753906
9000000.00039086,-77.2294616699219
9000000.00039086,-76.5293121337891
9000000.00039086,-75.9760971069336
9000000.00039087,-75.4813461303711
9000000.00039087,-75.0119552612305
9000000.00039088,-74.5669631958008
9000000.00039089,-74.1453628540039
9000000.00039089,-73.7461776733398
9000000.00039089,-73.3684158325195
9000000.0003909,-73.011100769043
9000000.0003909,-72.6732330322266
9000000.00039091,-72.3538284301758
9000000.00039092,-72.0519027709961
9000000.00039092,-71.766471862793
9000000.00039092,-71.4965362548828
9000000.00039093,-71.2411270141602
9000000.00039094,-71.0068054199219
9000000.00039094,-70.7991104125977
9000000.00039095,-70.6155242919922
9000000.00039095,-70.4535064697266
9000000.00039095,-70.3105239868164
9000000.00039096,-70.1840591430664
9000000.00039097,-70.0715713500977
9000000.00039097,-69.9705429077148
9000000.00039097,-69.8784255981445
9000000.00039098,-69.7927017211914
9000000.00039098,-69.7108459472656
9000000.00039099,-69.6303176879883
9000000.000391,-69.548583984375
9000000.000391,-69.4645004272461
9000000.000391,-69.3817520141602
9000000.00039101,-69.3019638061523
9000000.00039101,-69.2264709472656
9000000.00039102,-69.1566009521484
9000000.00039103,-69.0937042236328
9000000.00039103,-69.0391159057617
9000000.00039103,-68.9941787719727
9000000.00039104,-68.9602203369141
9000000.00039105,-68.938591003418
9000000.00039105,-68.9306182861328
9000000.00039105,-68.9376525878906
9000000.00039106,-68.9610214233398
9000000.00039106,-69.0010986328125
9000000.00039107,-69.0469665527344
9000000.00039108,-69.097282409668
9000000.00039108,-69.1546630859375
9000000.00039108,-69.2217407226563
9000000.00039109,-69.3011474609375
9000000.00039109,-69.3955154418945
9000000.0003911,-69.5074691772461
9000000.00039111,-69.6396408081055
9000000.00039111,-69.7946624755859
9000000.00039111,-69.9751586914063
9000000.00039112,-70.1837615966797
9000000.00039113,-70.4231033325195
9000000.00039113,-70.69580078125
9000000.00039114,-71.0393218994141
9000000.00039114,-71.4760284423828
9000000.00039114,-71.9859237670898
9000000.00039115,-72.5490112304688
9000000.00039116,-73.1452941894531
9000000.00039116,-73.754768371582
9000000.00039116,-74.3574523925781
9000000.00039117,-74.9333419799805
9000000.00039117,-75.4624404907227
9000000.00039118,-75.9247512817383
9000000.00039119,-76.3002777099609
9000000.00039119,-76.5690231323242
9000000.00039119,-76.7109985351563
9000000.0003912,-76.7132186889648
9000000.0003912,-76.5945205688477
9000000.00039121,-76.3706436157227
9000000.00039122,-76.0562057495117
9000000.00039122,-75.6658401489258
9000000.00039122,-75.2141494750977
9000000.00039123,-74.7157669067383
9000000.00039124,-74.1853103637695
9000000.00039124,-73.6374053955078
9000000.00039124,-73.0866622924805
9000000.00039125,-72.5477142333984
9000000.00039125,-72.0351715087891
9000000.00039126,-71.5636672973633
9000000.00039127,-71.1432723999023
9000000.00039127,-70.7262878417969
9000000.00039127,-70.2988739013672
9000000.00039128,-69.8645095825195
9000000.00039128,-69.4266891479492
9000000.00039129,-68.988899230957
9000000.0003913,-68.5546264648438
9000000.0003913,-68.1273574829102
9000000.0003913,-67.7105865478516
9000000.00039131,-67.3078002929688
9000000.00039132,-66.922477722168
9000000.00039132,-66.5581207275391
9000000.00039133,-66.2182006835938
9000000.00039133,-65.9062194824219
9000000.00039133,-65.6166458129883
9000000.00039134,-65.3418502807617
9000000.00039135,-65.0821533203125
9000000.00039135,-64.8378982543945
9000000.00039135,-64.6094131469727
9000000.00039136,-64.3970336914063
9000000.00039136,-64.2010955810547
9000000.00039137,-64.0219192504883
9000000.00039138,-63.8598556518555
9000000.00039138,-63.7152290344238
9000000.00039138,-63.5883674621582
9000000.00039139,-63.4796142578125
9000000.00039139,-63.3892936706543
9000000.0003914,-63.3171768188477
9000000.00039141,-63.2616958618164
9000000.00039141,-63.222957611084
9000000.00039141,-63.2011947631836
9000000.00039142,-63.196647644043
9000000.00039143,-63.2095527648926
9000000.00039143,-63.2401504516602
9000000.00039143,-63.2886734008789
9000000.00039144,-63.3553657531738
9000000.00039144,-63.4404640197754
9000000.00039145,-63.5442085266113
9000000.00039146,-63.6668319702148
9000000.00039146,-63.8085746765137
9000000.00039146,-63.9686698913574
9000000.00039147,-64.1353759765625
9000000.00039147,-64.3083343505859
9000000.00039148,-64.491455078125
9000000.00039149,-64.6886672973633
9000000.00039149,-64.9039077758789
9000000.00039149,-65.1410980224609
9000000.0003915,-65.4041595458984
9000000.00039151,-65.697021484375
9000000.00039151,-66.0236129760742
9000000.00039152,-66.3878555297852
9000000.00039152,-66.7936782836914
9000000.00039152,-67.2450103759766
9000000.00039153,-67.7457656860352
9000000.00039154,-68.3341445922852
9000000.00039154,-69.0315628051758
9000000.00039154,-69.8167877197266
9000000.00039155,-70.6685791015625
9000000.00039155,-71.5657196044922
9000000.00039156,-72.4869689941406
9000000.00039157,-73.4111099243164
9000000.00039157,-74.31689453125
9000000.00039157,-75.18310546875
9000000.00039158,-75.9885025024414
9000000.00039158,-76.7118606567383
9000000.00039159,-77.3319473266602
9000000.0003916,-77.8275299072266
9000000.0003916,-78.1917037963867
9000000.0003916,-78.4634094238281
9000000.00039161,-78.6538772583008
9000000.00039162,-78.7713241577148
9000000.00039162,-78.8239364624023
9000000.00039162,-78.8199157714844
9000000.00039163,-78.7674713134766
9000000.00039163,-78.6748046875
9000000.00039164,-78.5501098632813
9000000.00039165,-78.4015960693359
9000000.00039165,-78.2374496459961
9000000.00039165,-78.0658874511719
9000000.00039166,-77.8951110839844
9000000.00039166,-77.7296676635742
9000000.00039167,-77.5299835205078
9000000.00039168,-77.2881240844727
9000000.00039168,-77.0105667114258
9000000.00039168,-76.7038040161133
9000000.00039169,-76.3743209838867
9000000.0003917,-76.0285949707031
9000000.0003917,-75.6731262207031
9000000.00039171,-75.3143844604492
9000000.00039171,-74.958869934082
9000000.00039171,-74.6130676269531
9000000.00039172,-74.2834548950195
9000000.00039173,-73.9765243530273
9000000.00039173,-73.6987533569336
9000000.00039173,-73.4416732788086
9000000.00039174,-73.1922988891602
9000000.00039174,-72.9503784179688
9000000.00039175,-72.7156600952148
9000000.00039176,-72.4878768920898
9000000.00039176,-72.2667770385742
9000000.00039176,-72.0521011352539
9000000.00039177,-71.8435897827148
9000000.00039177,-71.640998840332
9000000.00039178,-71.4440612792969
9000000.00039179,-71.2525253295898
9000000.00039179,-71.0661239624023
9000000.00039179,-70.8846130371094
9000000.0003918,-70.7057189941406
9000000.00039181,-70.5238800048828
9000000.00039181,-70.3409805297852
9000000.00039181,-70.1594467163086
9000000.00039182,-69.9817047119141
9000000.00039182,-69.810188293457
9000000.00039183,-69.6473236083984
9000000.00039184,-69.4955444335938
9000000.00039184,-69.3572769165039
9000000.00039184,-69.2349548339844
9000000.00039185,-69.1310043334961
9000000.00039185,-69.0478515625
9000000.00039186,-68.9879302978516
9000000.00039187,-68.9518966674805
9000000.00039187,-68.919792175293
9000000.00039187,-68.8891525268555
9000000.00039188,-68.8648223876953
9000000.00039189,-68.8516006469727
9000000.00039189,-68.8543319702148
9000000.0003919,-68.8778381347656
9000000.0003919,-68.9269332885742
9000000.0003919,-69.0064544677734
9000000.00039191,-69.1212158203125
9000000.00039192,-69.2760543823242
9000000.00039192,-69.4757766723633
9000000.00039192,-69.725227355957
9000000.00039193,-70.0292129516602
9000000.00039193,-70.4317626953125
9000000.00039194,-70.9572067260742
9000000.00039195,-71.5808868408203
9000000.00039195,-72.2781219482422
9000000.00039195,-73.0242538452148
9000000.00039196,-73.7946014404297
9000000.00039196,-74.5644989013672
9000000.00039197,-75.3092803955078
9000000.00039198,-76.004264831543
9000000.00039198,-76.6247863769531
9000000.00039198,-77.1461715698242
9000000.00039199,-77.5437622070313
9000000.000392,-77.7928695678711
9000000.000392,-77.8804092407227
9000000.000392,-77.8376159667969
9000000.00039201,-77.6816024780273
9000000.00039201,-77.4273071289063
9000000.00039202,-77.0896682739258
9000000.00039203,-76.6836318969727
9000000.00039203,-76.2241363525391
9000000.00039203,-75.7261199951172
9000000.00039204,-75.2045211791992
9000000.00039204,-74.6742935180664
9000000.00039205,-74.1503677368164
9000000.00039206,-73.6476821899414
9000000.00039206,-73.1811904907227
9000000.00039206,-72.7607269287109
9000000.00039207,-72.3321685791016
9000000.00039208,-71.8813018798828
9000000.00039208,-71.4135894775391
9000000.00039208,-70.9344863891602
9000000.00039209,-70.449462890625
9000000.00039209,-69.963981628418
9000000.0003921,-69.4834976196289
9000000.00039211,-69.0134811401367
9000000.00039211,-68.5593948364258
9000000.00039211,-68.1266937255859
9000000.00039212,-67.7208480834961
9000000.00039212,-67.3473205566406
9000000.00039213,-67.0115661621094
9000000.00039214,-66.7041549682617
9000000.00039214,-66.4126052856445
9000000.00039214,-66.137809753418
9000000.00039215,-65.8806762695313
9000000.00039215,-65.6421051025391
9000000.00039216,-65.4230041503906
9000000.00039217,-65.2242584228516
9000000.00039217,-65.0467834472656
9000000.00039217,-64.891471862793
9000000.00039218,-64.7592315673828
9000000.00039219,-64.6509628295898
9000000.00039219,-64.5675659179688
9000000.00039219,-64.5099411010742
9000000.0003922,-64.4753875732422
9000000.0003922,-64.4540176391602
9000000.00039221,-64.4477233886719
9000000.00039222,-64.4593505859375
9000000.00039222,-64.4917297363281
9000000.00039222,-64.547721862793
9000000.00039223,-64.6301422119141
9000000.00039223,-64.7418441772461
9000000.00039224,-64.8856735229492
9000000.00039225,-65.064453125
9000000.00039225,-65.2810363769531
9000000.00039225,-65.5382537841797
9000000.00039226,-65.8389511108398
9000000.00039227,-66.1896667480469
9000000.00039227,-66.6350708007813
9000000.00039227,-67.1731872558594
9000000.00039228,-67.7856521606445
9000000.00039228,-68.4541015625
9000000.00039229,-69.1601867675781
9000000.0003923,-69.8855361938477
9000000.0003923,-70.6118011474609
9000000.0003923,-71.3206176757813
9000000.00039231,-71.9936294555664
9000000.00039231,-72.6124649047852
9000000.00039232,-73.1587829589844
9000000.00039233,-73.6142120361328
9000000.00039233,-73.9603958129883
9000000.00039233,-74.2117919921875
9000000.00039234,-74.3986892700195
9000000.00039235,-74.5264587402344
9000000.00039235,-74.600471496582
9000000.00039236,-74.6260833740234
9000000.00039236,-74.6086654663086
9000000.00039236,-74.5536041259766
9000000.00039237,-74.4662475585938
9000000.00039238,-74.3519744873047
9000000.00039238,-74.2161483764648
9000000.00039238,-74.0641479492188
9000000.00039239,-73.9013290405273
9000000.00039239,-73.7330703735352
9000000.0003924,-73.5532302856445
9000000.00039241,-73.3302154541016
9000000.00039241,-73.0674667358398
9000000.00039241,-72.7713165283203
9000000.00039242,-72.4480895996094
9000000.00039242,-72.1041259765625
9000000.00039243,-71.7457504272461
9000000.00039244,-71.3793106079102
9000000.00039244,-71.0111236572266
9000000.00039244,-70.6475296020508
9000000.00039245,-70.2948608398438
9000000.00039246,-69.9594421386719
9000000.00039246,-69.6476211547852
9000000.00039246,-69.3638610839844
9000000.00039247,-69.0888366699219
9000000.00039247,-68.8165588378906
9000000.00039248,-68.5480804443359
9000000.00039249,-68.2844390869141
9000000.00039249,-68.0266799926758
9000000.00039249,-67.7758483886719
9000000.0003925,-67.5329818725586
9000000.0003925,-67.2991333007813
9000000.00039251,-67.0753402709961
9000000.00039252,-66.8626556396484
9000000.00039252,-66.6621017456055
9000000.00039252,-66.4747467041016
9000000.00039253,-66.3016204833984
9000000.00039254,-66.1398468017578
9000000.00039254,-65.9863128662109
9000000.00039255,-65.8417205810547
9000000.00039255,-65.7067642211914
9000000.00039255,-65.5821304321289
9000000.00039256,-65.4685287475586
9000000.00039257,-65.3666381835938
9000000.00039257,-65.2771606445313
9000000.00039257,-65.2007904052734
9000000.00039258,-65.1382217407227
9000000.00039258,-65.0901489257813
9000000.00039259,-65.0572662353516
9000000.0003926,-65.0402755737305
9000000.0003926,-65.0400009155273
9000000.0003926,-65.0568161010742
9000000.00039261,-65.0898895263672
9000000.00039261,-65.1383056640625
9000000.00039262,-65.2011489868164
9000000.00039263,-65.2775192260742
9000000.00039263,-65.3665008544922
9000000.00039263,-65.4671936035156
9000000.00039264,-65.5786666870117
9000000.00039265,-65.7000350952148
9000000.00039265,-65.8303680419922
9000000.00039265,-65.9687728881836
9000000.00039266,-66.1143341064453
9000000.00039266,-66.2672805786133
9000000.00039267,-66.440788269043
9000000.00039268,-66.6358337402344
9000000.00039268,-66.8486175537109
9000000.00039268,-67.0753173828125
9000000.00039269,-67.312126159668
9000000.00039269,-67.5552291870117
9000000.0003927,-67.8008041381836
9000000.00039271,-68.0450439453125
9000000.00039271,-68.2841415405273
9000000.00039271,-68.5142669677734
9000000.00039272,-68.7316284179688
9000000.00039273,-68.9323883056641
9000000.00039273,-69.1127471923828
9000000.00039274,-69.2845001220703
9000000.00039274,-69.4598693847656
9000000.00039274,-69.6357040405273
9000000.00039275,-69.8088302612305
9000000.00039276,-69.9760894775391
9000000.00039276,-70.1343307495117
9000000.00039276,-70.280387878418
9000000.00039277,-70.4111022949219
9000000.00039277,-70.523307800293
9000000.00039278,-70.6138458251953
9000000.00039279,-70.679557800293
9000000.00039279,-70.71728515625
9000000.00039279,-70.7238616943359
9000000.0003928,-70.6961975097656
9000000.0003928,-70.6343994140625
9000000.00039281,-70.5417861938477
9000000.00039282,-70.4217681884766
9000000.00039282,-70.2777862548828
9000000.00039282,-70.1132431030273
9000000.00039283,-69.9315643310547
9000000.00039284,-69.7361755371094
9000000.00039284,-69.5304946899414
9000000.00039284,-69.3179397583008
9000000.00039285,-69.101936340332
9000000.00039285,-68.8859100341797
9000000.00039286,-68.6732711791992
9000000.00039287,-68.4656600952148
9000000.00039287,-68.243278503418
9000000.00039287,-68.0027770996094
9000000.00039288,-67.7480239868164
9000000.00039288,-67.4828720092773
9000000.00039289,-67.211181640625
9000000.0003929,-66.9368133544922
9000000.0003929,-66.6636199951172
9000000.0003929,-66.3954696655273
9000000.00039291,-66.1362152099609
9000000.00039292,-65.8897171020508
9000000.00039292,-65.6598358154297
9000000.00039293,-65.4504318237305
9000000.00039293,-65.2653579711914
9000000.00039293,-65.0955810546875
9000000.00039294,-64.9306793212891
9000000.00039295,-64.7724456787109
9000000.00039295,-64.6226654052734
9000000.00039295,-64.4831237792969
9000000.00039296,-64.3556289672852
9000000.00039296,-64.2419586181641
9000000.00039297,-64.1439056396484
9000000.00039298,-64.0632553100586
9000000.00039298,-64.0018157958984
9000000.00039298,-63.9613571166992
9000000.00039299,-63.9436798095703
9000000.00039299,-63.9505729675293
9000000.000393,-63.9831657409668
9000000.00039301,-64.039665222168
9000000.00039301,-64.1186904907227
9000000.00039301,-64.2189788818359
9000000.00039302,-64.3392562866211
9000000.00039303,-64.4782485961914
9000000.00039303,-64.6346893310547
9000000.00039303,-64.8073043823242
9000000.00039304,-64.9948272705078
9000000.00039304,-65.1959915161133
9000000.00039305,-65.4095153808594
9000000.00039306,-65.6341247558594
9000000.00039306,-65.8685684204102
9000000.00039306,-66.1129760742188
9000000.00039307,-66.3835296630859
9000000.00039307,-66.6815795898438
9000000.00039308,-67.0025787353516
9000000.00039309,-67.3419876098633
9000000.00039309,-67.6952590942383
9000000.00039309,-68.0578384399414
9000000.0003931,-68.425178527832
9000000.00039311,-68.7927322387695
9000000.00039311,-69.1559600830078
9000000.00039312,-69.5103073120117
9000000.00039312,-69.8512191772461
9000000.00039312,-70.1741638183594
9000000.00039313,-70.4745864868164
9000000.00039314,-70.7626876831055
9000000.00039314,-71.0504302978516
9000000.00039314,-71.3359298706055
9000000.00039315,-71.6172943115234
9000000.00039315,-71.8926467895508
9000000.00039316,-72.1600875854492
9000000.00039317,-72.4177398681641
9000000.00039317,-72.6636962890625
9000000.00039317,-72.8960876464844
9000000.00039318,-73.1130218505859
9000000.00039318,-73.3126068115234
9000000.00039319,-73.4929504394531
9000000.0003932,-73.6521682739258
9000000.0003932,-73.793571472168
9000000.0003932,-73.9314041137695
9000000.00039321,-74.0635528564453
9000000.00039322,-74.1865768432617
9000000.00039322,-74.2970275878906
9000000.00039322,-74.3914642333984
9000000.00039323,-74.466438293457
9000000.00039323,-74.5185165405273
9000000.00039324,-74.5442352294922
9000000.00039325,-74.540168762207
9000000.00039325,-74.5028610229492
9000000.00039325,-74.4288711547852
9000000.00039326,-74.3147506713867
9000000.00039326,-74.1557006835938
9000000.00039327,-73.9343185424805
9000000.00039328,-73.6534881591797
9000000.00039328,-73.3225021362305
9000000.00039328,-72.9506378173828
9000000.00039329,-72.5471878051758
9000000.0003933,-72.1214294433594
9000000.0003933,-71.6826477050781
9000000.00039331,-71.2401351928711
9000000.00039331,-70.8031692504883
9000000.00039331,-70.3810348510742
9000000.00039332,-69.9830169677734
9000000.00039333,-69.618408203125
9000000.00039333,-69.2964859008789
9000000.00039333,-69.0001754760742
9000000.00039334,-68.7075653076172
9000000.00039334,-68.4206848144531
9000000.00039335,-68.1415786743164
9000000.00039336,-67.8722686767578
9000000.00039336,-67.6147994995117
9000000.00039336,-67.371208190918
9000000.00039337,-67.1435165405273
9000000.00039337,-66.9337615966797
9000000.00039338,-66.7439880371094
9000000.00039339,-66.5762176513672
9000000.00039339,-66.4324951171875
9000000.00039339,-66.3148422241211
9000000.0003934,-66.2220458984375
9000000.00039341,-66.145149230957
9000000.00039341,-66.0845794677734
9000000.00039341,-66.0415802001953
9000000.00039342,-66.0173721313477
9000000.00039342,-66.01318359375
9000000.00039343,-66.0302429199219
9000000.00039344,-66.0697860717773
9000000.00039344,-66.1330413818359
9000000.00039344,-66.2212295532227
9000000.00039345,-66.3355941772461
9000000.00039345,-66.4773559570313
9000000.00039346,-66.6477508544922
9000000.00039347,-66.8469390869141
9000000.00039347,-67.0629348754883
9000000.00039347,-67.2944717407227
9000000.00039348,-67.5446472167969
9000000.00039349,-67.8165893554688
9000000.00039349,-68.1133880615234
9000000.0003935,-68.4381713867188
9000000.0003935,-68.7940444946289
9000000.0003935,-69.1841125488281
9000000.00039351,-69.6114959716797
9000000.00039352,-70.0792922973633
9000000.00039352,-70.5906219482422
9000000.00039352,-71.1485977172852
9000000.00039353,-71.7563171386719
9000000.00039353,-72.4770889282227
9000000.00039354,-73.3502044677734
9000000.00039355,-74.3427581787109
9000000.00039355,-75.421875
9000000.00039355,-76.5546417236328
9000000.00039356,-77.7081756591797
9000000.00039356,-78.8495788574219
9000000.00039357,-79.9459533691406
9000000.00039358,-80.9644012451172
9000000.00039358,-81.8720321655273
9000000.00039358,-82.6359558105469
9000000.00039359,-83.223274230957
9000000.0003936,-83.6010894775391
9000000.0003936,-83.7441787719727
9000000.0003936,-83.6728897094727
9000000.00039361,-83.4161758422852
9000000.00039361,-83.0022048950195
9000000.00039362,-82.4591674804688
9000000.00039363,-81.8152236938477
9000000.00039363,-81.0985565185547
9000000.00039363,-80.3373336791992
9000000.00039364,-79.5597305297852
9000000.00039364,-78.7939300537109
9000000.00039365,-78.0680999755859
9000000.00039366,-77.4104156494141
9000000.00039366,-76.8490447998047
9000000.00039366,-76.4054794311523
9000000.00039367,-76.0120315551758
9000000.00039368,-75.642333984375
9000000.00039368,-75.294563293457
9000000.00039369,-74.9668731689453
9000000.00039369,-74.6574478149414
9000000.00039369,-74.3644485473633
9000000.0003937,-74.0860595703125
9000000.00039371,-73.8204345703125
9000000.00039371,-73.5657577514648
9000000.00039371,-73.3201904296875
9000000.00039372,-73.0819091796875
9000000.00039372,-72.8490753173828
9000000.00039373,-72.6198654174805
9000000.00039374,-72.3992233276367
9000000.00039374,-72.1925201416016
9000000.00039374,-71.9985961914063
9000000.00039375,-71.8162841796875
9000000.00039376,-71.644416809082
9000000.00039376,-71.4818267822266
9000000.00039377,-71.3273468017578
9000000.00039377,-71.1798095703125
9000000.00039377,-71.0380554199219
9000000.00039378,-70.9009094238281
9000000.00039379,-70.7672119140625
9000000.00039379,-70.6357879638672
9000000.00039379,-70.505485534668
9000000.0003938,-70.3745422363281
9000000.0003938,-70.2413101196289
9000000.00039381,-70.1075057983398
9000000.00039382,-69.9750442504883
9000000.00039382,-69.8458404541016
9000000.00039382,-69.721794128418
9000000.00039383,-69.6048355102539
9000000.00039383,-69.4968719482422
9000000.00039384,-69.3998107910156
9000000.00039385,-69.3155670166016
9000000.00039385,-69.2460632324219
9000000.00039385,-69.1931991577148
9000000.00039386,-69.1589050292969
9000000.00039387,-69.1451110839844
9000000.00039387,-69.1529312133789
9000000.00039387,-69.1806640625
9000000.00039388,-69.2261581420898
9000000.00039388,-69.2872695922852
9000000.00039389,-69.3618698120117
9000000.0003939,-69.4478149414063
9000000.0003939,-69.5429611206055
9000000.0003939,-69.6451644897461
9000000.00039391,-69.7522964477539
9000000.00039391,-69.8622055053711
9000000.00039392,-69.9727554321289
9000000.00039393,-70.0818099975586
9000000.00039393,-70.1872253417969
9000000.00039393,-70.3016510009766
9000000.00039394,-70.4360046386719
9000000.00039395,-70.5855941772461
9000000.00039395,-70.7457122802734
9000000.00039396,-70.9116592407227
9000000.00039396,-71.0787200927734
9000000.00039396,-71.2422027587891
9000000.00039397,-71.3973846435547
9000000.00039398,-71.5395812988281
9000000.00039398,-71.6640701293945
9000000.00039398,-71.7661590576172
9000000.00039399,-71.8411407470703
9000000.00039399,-71.8843078613281
9000000.000394,-71.8947296142578
9000000.00039401,-71.8827056884766
9000000.00039401,-71.8502349853516
9000000.00039401,-71.7985076904297
9000000.00039402,-71.7286834716797
9000000.00039402,-71.6419448852539
9000000.00039403,-71.5394668579102
9000000.00039404,-71.4224166870117
9000000.00039404,-71.2919845581055
9000000.00039404,-71.1493301391602
9000000.00039405,-70.9956359863281
9000000.00039406,-70.8320693969727
9000000.00039406,-70.6598205566406
9000000.00039406,-70.4787445068359
9000000.00039407,-70.2740325927734
9000000.00039407,-70.0444107055664
9000000.00039408,-69.7940521240234
9000000.00039409,-69.5271072387695
9000000.00039409,-69.2477493286133
9000000.00039409,-68.9601364135742
9000000.0003941,-68.6684265136719
9000000.0003941,-68.3767852783203
9000000.00039411,-68.0893707275391
9000000.00039412,-67.8103408813477
9000000.00039412,-67.5438690185547
9000000.00039412,-67.2941055297852
9000000.00039413,-67.0652160644531
9000000.00039414,-66.8473663330078
9000000.00039414,-66.6292495727539
9000000.00039415,-66.4128494262695
9000000.00039415,-66.2001342773438
9000000.00039415,-65.9930801391602
9000000.00039416,-65.7936706542969
9000000.00039417,-65.6038665771484
9000000.00039417,-65.425651550293
9000000.00039417,-65.2609939575195
9000000.00039418,-65.1118774414063
9000000.00039418,-64.9802703857422
9000000.00039419,-64.8681488037109
9000000.0003942,-64.7774810791016
9000000.0003942,-64.7068862915039
9000000.0003942,-64.6470947265625
9000000.00039421,-64.5987091064453
9000000.00039421,-64.563117980957
9000000.00039422,-64.5417556762695
9000000.00039423,-64.536018371582
9000000.00039423,-64.5473251342773
9000000.00039423,-64.5770874023438
9000000.00039424,-64.626708984375
9000000.00039425,-64.6976165771484
9000000.00039425,-64.7912139892578
9000000.00039425,-64.9089126586914
9000000.00039426,-65.0521240234375
9000000.00039426,-65.2194671630859
9000000.00039427,-65.3786392211914
9000000.00039428,-65.5279388427734
9000000.00039428,-65.6774826049805
9000000.00039428,-65.8373718261719
9000000.00039429,-66.0177383422852
9000000.00039429,-66.2286834716797
9000000.0003943,-66.4803237915039
9000000.00039431,-66.7827758789063
9000000.00039431,-67.1461486816406
9000000.00039431,-67.5805587768555
9000000.00039432,-68.0961151123047
9000000.00039433,-68.7029342651367
9000000.00039433,-69.4111328125
9000000.00039434,-70.3097686767578
9000000.00039434,-71.4477157592773
9000000.00039434,-72.7748184204102
9000000.00039435,-74.2409057617188
9000000.00039436,-75.7958374023438
9000000.00039436,-77.3894424438477
9000000.00039436,-78.9715576171875
9000000.00039437,-80.4920349121094
9000000.00039437,-81.9007034301758
9000000.00039438,-83.1474075317383
9000000.00039439,-84.1819915771484
9000000.00039439,-84.9542922973633
9000000.00039439,-85.4141540527344
9000000.0003944,-85.5248107910156
9000000.0003944,-85.3218994140625
9000000.00039441,-84.848258972168
9000000.00039442,-84.1450424194336
9000000.00039442,-83.2534255981445
9000000.00039442,-82.2145614624023
9000000.00039443,-81.0696182250977
9000000.00039444,-79.8597640991211
9000000.00039444,-78.6261596679688
9000000.00039444,-77.4099807739258
9000000.00039445,-76.2523803710938
9000000.00039445,-75.1945190429688
9000000.00039446,-74.2775802612305
9000000.00039447,-73.5324020385742
9000000.00039447,-72.8537826538086
9000000.00039447,-72.2031097412109
9000000.00039448,-71.5799407958984
9000000.00039448,-70.9838333129883
9000000.00039449,-70.4143447875977
9000000.0003945,-69.8710174560547
9000000.0003945,-69.3534164428711
9000000.0003945,-68.8610992431641
9000000.00039451,-68.3936157226563
9000000.00039452,-67.9505310058594
9000000.00039452,-67.5313873291016
9000000.00039453,-67.1357421875
9000000.00039453,-66.7631607055664
9000000.00039453,-66.4153747558594
9000000.00039454,-66.0940551757813
9000000.00039455,-65.7986679077148
9000000.00039455,-65.5286483764648
9000000.00039455,-65.2834701538086
9000000.00039456,-65.0625686645508
9000000.00039456,-64.8654098510742
9000000.00039457,-64.6914520263672
9000000.00039458,-64.5401306152344
9000000.00039458,-64.4109191894531
9000000.00039458,-64.3032608032227
9000000.00039459,-64.2166137695313
9000000.00039459,-64.1504287719727
9000000.0003946,-64.1041030883789
9000000.00039461,-64.0774688720703
9000000.00039461,-64.0711441040039
9000000.00039461,-64.0858001708984
9000000.00039462,-64.1221084594727
9000000.00039463,-64.1807174682617
9000000.00039463,-64.2623062133789
9000000.00039463,-64.3675384521484
9000000.00039464,-64.4970703125
9000000.00039464,-64.6515731811523
9000000.00039465,-64.8317184448242
9000000.00039466,-65.0381546020508
9000000.00039466,-65.2715606689453
9000000.00039466,-65.5314407348633
9000000.00039467,-65.804328918457
9000000.00039467,-66.089469909668
9000000.00039468,-66.3909912109375
9000000.00039469,-66.7130279541016
9000000.00039469,-67.0597229003906
9000000.00039469,-67.4352188110352
9000000.0003947,-67.8436508178711
9000000.00039471,-68.2891540527344
9000000.00039471,-68.7758712768555
9000000.00039472,-69.3079376220703
9000000.00039472,-69.8894882202148
9000000.00039472,-70.5246658325195
9000000.00039473,-71.2176055908203
9000000.00039474,-72.0385513305664
9000000.00039474,-73.0303115844727
9000000.00039474,-74.1559371948242
9000000.00039475,-75.3784713745117
9000000.00039475,-76.6609344482422
9000000.00039476,-77.9663772583008
9000000.00039477,-79.2578353881836
9000000.00039477,-80.4983367919922
9000000.00039477,-81.6509323120117
9000000.00039478,-82.6786575317383
9000000.00039478,-83.5445404052734
9000000.00039479,-84.2116241455078
9000000.0003948,-84.642951965332
9000000.0003948,-84.8102951049805
9000000.0003948,-84.73681640625
9000000.00039481,-84.4549713134766
9000000.00039482,-83.9962997436523
9000000.00039482,-83.3923263549805
9000000.00039482,-82.6745986938477
9000000.00039483,-81.8746490478516
9000000.00039483,-81.0240097045898
9000000.00039484,-80.1542205810547
9000000.00039485,-79.2968139648438
9000000.00039485,-78.4833297729492
9000000.00039485,-77.7453002929688
9000000.00039486,-77.1142654418945
9000000.00039486,-76.6140975952148
9000000.00039487,-76.1670150756836
9000000.00039488,-75.7434921264648
9000000.00039488,-75.3421783447266
9000000.00039488,-74.9617462158203
9000000.00039489,-74.6008605957031
9000000.0003949,-74.258171081543
9000000.0003949,-73.9323501586914
9000000.00039491,-73.6220626831055
9000000.00039491,-73.3259658813477
9000000.00039491,-73.0427322387695
9000000.00039492,-72.7710189819336
9000000.00039493,-72.5094909667969
9000000.00039493,-72.2568130493164
9000000.00039493,-72.0177154541016
9000000.00039494,-71.7969131469727
9000000.00039494,-71.5929946899414
9000000.00039495,-71.4045486450195
9000000.00039496,-71.2301864624023
9000000.00039496,-71.068489074707
9000000.00039496,-70.9180679321289
9000000.00039497,-70.7775039672852
9000000.00039497,-70.6454086303711
9000000.00039498,-70.5203704833984
9000000.00039499,-70.4009780883789
9000000.00039499,-70.2858428955078
9000000.00039499,-70.1735534667969
9000000.000395,-70.0619354248047
9000000.00039501,-69.9487991333008
9000000.00039501,-69.8362655639648
9000000.00039501,-69.7267150878906
9000000.00039502,-69.6225204467773
9000000.00039502,-69.5260772705078
9000000.00039503,-69.4397506713867
9000000.00039504,-69.3659286499023
9000000.00039504,-69.3069915771484
9000000.00039504,-69.2653198242188
9000000.00039505,-69.243293762207
9000000.00039505,-69.2432861328125
9000000.00039506,-69.267692565918
9000000.00039507,-69.3154602050781
9000000.00039507,-69.347297668457
9000000.00039507,-69.3605499267578
9000000.00039508,-69.3669052124023
9000000.00039509,-69.378059387207
9000000.00039509,-69.4057083129883
9000000.0003951,-69.461540222168
9000000.0003951,-69.5572662353516
9000000.0003951,-69.7045593261719
9000000.00039511,-69.9151306152344
9000000.00039512,-70.2006683349609
9000000.00039512,-70.5728607177734
9000000.00039512,-71.0434188842773
9000000.00039513,-71.6240310668945
9000000.00039513,-72.3959808349609
9000000.00039514,-73.4011459350586
9000000.00039515,-74.5920639038086
9000000.00039515,-75.9212951660156
9000000.00039515,-77.3413848876953
9000000.00039516,-78.8048782348633
9000000.00039516,-80.2643356323242
9000000.00039517,-81.6723022460938
9000000.00039518,-82.9813232421875
9000000.00039518,-84.1439514160156
9000000.00039518,-85.1127471923828
9000000.00039519,-85.8402481079102
9000000.0003952,-86.2790069580078
9000000.0003952,-86.3974151611328
9000000.0003952,-86.2379684448242
9000000.00039521,-85.8386306762695
9000000.00039521,-85.2349624633789
9000000.00039522,-84.4625244140625
9000000.00039523,-83.5568618774414
9000000.00039523,-82.5535430908203
9000000.00039523,-81.4881210327148
9000000.00039524,-80.3961486816406
9000000.00039524,-79.3131790161133
9000000.00039525,-78.274772644043
9000000.00039526,-77.3164901733398
9000000.00039526,-76.473876953125
9000000.00039526,-75.7730941772461
9000000.00039527,-75.1173477172852
9000000.00039528,-74.4732208251953
9000000.00039528,-73.842414855957
9000000.00039529,-73.2266235351563
9000000.00039529,-72.627555847168
9000000.00039529,-72.0469055175781
9000000.0003953,-71.4863739013672
9000000.00039531,-70.9476623535156
9000000.00039531,-70.4324722290039
9000000.00039531,-69.9425048828125
9000000.00039532,-69.4794540405273
9000000.00039532,-69.0450286865234
9000000.00039533,-68.6409225463867
9000000.00039534,-68.2646102905273
9000000.00039534,-67.912483215332
9000000.00039534,-67.5846252441406
9000000.00039535,-67.281120300293
9000000.00039536,-67.0020370483398
9000000.00039536,-66.7474670410156
9000000.00039537,-66.5174942016602
9000000.00039537,-66.3121871948242
9000000.00039537,-66.1316299438477
9000000.00039538,-65.9759063720703
9000000.00039539,-65.845100402832
9000000.00039539,-65.7392959594727
9000000.00039539,-65.658561706543
9000000.0003954,-65.601692199707
9000000.0003954,-65.5651245117188
9000000.00039541,-65.5498046875
9000000.00039542,-65.5570220947266
9000000.00039542,-65.5880584716797
9000000.00039542,-65.6442108154297
9000000.00039543,-65.7267608642578
9000000.00039543,-65.8369979858398
9000000.00039544,-65.9762115478516
9000000.00039545,-66.1456832885742
9000000.00039545,-66.3467178344727
9000000.00039545,-66.5805816650391
9000000.00039546,-66.8485794067383
9000000.00039547,-67.1529235839844
9000000.00039547,-67.5050506591797
9000000.00039548,-67.9039306640625
9000000.00039548,-68.3443603515625
9000000.00039548,-68.8211364746094
9000000.00039549,-69.3290405273438
9000000.0003955,-69.8628616333008
9000000.0003955,-70.4173889160156
9000000.0003955,-70.987419128418
9000000.00039551,-71.5677337646484
9000000.00039551,-72.1531219482422
9000000.00039552,-72.7383728027344
9000000.00039553,-73.3182830810547
9000000.00039553,-73.8876342773438
9000000.00039553,-74.4909515380859
9000000.00039554,-75.1641311645508
9000000.00039555,-75.889045715332
9000000.00039555,-76.6475448608398
9000000.00039556,-77.421501159668
9000000.00039556,-78.1927719116211
9000000.00039556,-78.9432220458984
9000000.00039557,-79.6547088623047
9000000.00039558,-80.3090972900391
9000000.00039558,-80.8882446289063
9000000.00039558,-81.3740234375
9000000.00039559,-81.7482833862305
9000000.00039559,-81.9928970336914
9000000.0003956,-82.093879699707
9000000.00039561,-82.062255859375
9000000.00039561,-81.9140472412109
9000000.00039561,-81.6648635864258
9000000.00039562,-81.3303146362305
9000000.00039562,-80.9260101318359
9000000.00039563,-80.4675674438477
9000000.00039564,-79.970588684082
9000000.00039564,-79.4506988525391
9000000.00039564,-78.9234924316406
9000000.00039565,-78.4045867919922
9000000.00039566,-77.9095993041992
9000000.00039566,-77.4541320800781
9000000.00039566,-77.0487976074219
9000000.00039567,-76.6408843994141
9000000.00039567,-76.2155838012695
9000000.00039568,-75.7772521972656
9000000.00039569,-75.3302459716797
9000000.00039569,-74.87890625
9000000.00039569,-74.427604675293
9000000.0003957,-73.9806823730469
9000000.0003957,-73.5425033569336
9000000.00039571,-73.1174163818359
9000000.00039572,-72.7097702026367
9000000.00039572,-72.3239288330078
9000000.00039572,-71.9642333984375
9000000.00039573,-71.6350555419922
9000000.00039574,-71.3316116333008
9000000.00039574,-71.0458221435547
9000000.00039575,-70.7770690917969
9000000.00039575,-70.5247192382813
9000000.00039575,-70.2881622314453
9000000.00039576,-70.066764831543
9000000.00039577,-69.8599166870117
9000000.00039577,-69.6669845581055
9000000.00039577,-69.4873580932617
9000000.00039578,-69.3203964233398
9000000.00039578,-69.1654968261719
9000000.00039579,-69.0220260620117
9000000.0003958,-68.8893661499023
9000000.0003958,-68.7676010131836
9000000.0003958,-68.6586608886719
9000000.00039581,-68.5626449584961
9000000.00039581,-68.4794998168945
9000000.00039582,-68.4091491699219
9000000.00039583,-68.3515243530273
9000000.00039583,-68.3065719604492
9000000.00039583,-68.2742156982422
9000000.00039584,-68.2543869018555
9000000.00039585,-68.2470321655273
9000000.00039585,-68.252067565918
9000000.00039585,-68.2694473266602
9000000.00039586,-68.2990875244141
9000000.00039586,-68.3413543701172
9000000.00039587,-68.4011077880859
9000000.00039588,-68.4784851074219
9000000.00039588,-68.5718231201172
9000000.00039588,-68.6794586181641
9000000.00039589,-68.7997360229492
9000000.00039589,-68.9309768676758
9000000.0003959,-69.0715408325195
9000000.00039591,-69.2197494506836
9000000.00039591,-69.3739547729492
9000000.00039591,-69.5324859619141
9000000.00039592,-69.6936950683594
9000000.00039593,-69.8559036254883
9000000.00039593,-70.0174560546875
9000000.00039594,-70.1920471191406
9000000.00039594,-70.3907623291016
9000000.00039594,-70.6080780029297
9000000.00039595,-70.8384552001953
9000000.00039596,-71.0763549804688
9000000.00039596,-71.3162536621094
9000000.00039596,-71.5526123046875
9000000.00039597,-71.7798919677734
9000000.00039597,-71.9925689697266
9000000.00039598,-72.1850967407227
9000000.00039599,-72.3519439697266
9000000.00039599,-72.4875793457031
9000000.00039599,-72.5864715576172
9000000.000396,-72.6463088989258
9000000.000396,-72.6758422851563
9000000.00039601,-72.6784133911133
9000000.00039602,-72.6566848754883
9000000.00039602,-72.6133499145508
9000000.00039602,-72.5510864257813
9000000.00039603,-72.4725570678711
9000000.00039604,-72.3804550170898
9000000.00039604,-72.2774505615234
9000000.00039604,-72.1662292480469
9000000.00039605,-72.0494537353516
9000000.00039605,-71.929817199707
9000000.00039606,-71.8099975585938
9000000.00039607,-71.6914367675781
9000000.00039607,-71.5608139038086
9000000.00039607,-71.4155197143555
9000000.00039608,-71.2578201293945
9000000.00039608,-71.0899887084961
9000000.00039609,-70.9142761230469
9000000.0003961,-70.7329406738281
9000000.0003961,-70.5482559204102
9000000.0003961,-70.3624801635742
9000000.00039611,-70.1778717041016
9000000.00039612,-69.996696472168
9000000.00039612,-69.8212203979492
9000000.00039613,-69.653694152832
9000000.00039613,-69.4963912963867
9000000.00039613,-69.3455047607422
9000000.00039614,-69.1959686279297
9000000.00039615,-69.0480804443359
9000000.00039615,-68.9021606445313
9000000.00039615,-68.7585220336914
9000000.00039616,-68.6174926757813
9000000.00039616,-68.4793853759766
9000000.00039617,-68.3445053100586
9000000.00039618,-68.2131805419922
9000000.00039618,-68.0857238769531
9000000.00039618,-67.9624481201172
9000000.00039619,-67.8436737060547
9000000.00039619,-67.7297134399414
9000000.0003962,-67.6194458007813
9000000.00039621,-67.5088806152344
9000000.00039621,-67.3988494873047
9000000.00039621,-67.29052734375
9000000.00039622,-67.1851196289063
9000000.00039623,-67.0838012695313
9000000.00039623,-66.9877700805664
9000000.00039623,-66.8982238769531
9000000.00039624,-66.8163452148438
9000000.00039624,-66.7433166503906
9000000.00039625,-66.6803436279297
9000000.00039626,-66.6286163330078
9000000.00039626,-66.5893096923828
9000000.00039626,-66.5635833740234
9000000.00039627,-66.5513687133789
9000000.00039627,-66.5515899658203
9000000.00039628,-66.5631713867188
9000000.00039629,-66.5850601196289
9000000.00039629,-66.6161880493164
9000000.00039629,-66.6554946899414
9000000.0003963,-66.7019195556641
9000000.00039631,-66.7544021606445
9000000.00039631,-66.8118667602539
9000000.00039632,-66.8732604980469
9000000.00039632,-66.9375152587891
9000000.00039632,-67.0035705566406
9000000.00039633,-67.0703659057617
9000000.00039634,-67.1446380615234
9000000.00039634,-67.2321472167969
9000000.00039634,-67.330322265625
9000000.00039635,-67.4365997314453
9000000.00039635,-67.5484161376953
9000000.00039636,-67.6632080078125
9000000.00039637,-67.7784042358398
9000000.00039637,-67.8914489746094
9000000.00039637,-67.9997787475586
9000000.00039638,-68.1008148193359
9000000.00039638,-68.192008972168
9000000.00039639,-68.2707901000977
9000000.0003964,-68.3345947265625
9000000.0003964,-68.3823089599609
9000000.0003964,-68.4178619384766
9000000.00039641,-68.4428329467773
9000000.00039642,-68.4585113525391
9000000.00039642,-68.4661865234375
9000000.00039642,-68.467155456543
9000000.00039643,-68.4626998901367
9000000.00039643,-68.4541091918945
9000000.00039644,-68.4426727294922
9000000.00039645,-68.4296798706055
9000000.00039645,-68.4164276123047
9000000.00039645,-68.4041900634766
9000000.00039646,-68.3942642211914
9000000.00039646,-68.3873596191406
9000000.00039647,-68.3771209716797
9000000.00039648,-68.3622970581055
9000000.00039648,-68.3439483642578
9000000.00039648,-68.3231506347656
9000000.00039649,-68.3009643554688
9000000.0003965,-68.2784576416016
9000000.0003965,-68.2566909790039
9000000.00039651,-68.2367401123047
9000000.00039651,-68.2196578979492
9000000.00039651,-68.2065200805664
9000000.00039652,-68.1983947753906
9000000.00039653,-68.1963424682617
9000000.00039653,-68.2014312744141
9000000.00039653,-68.217643737793
9000000.00039654,-68.2464828491211
9000000.00039654,-68.2852935791016
9000000.00039655,-68.331413269043
9000000.00039656,-68.3821868896484
9000000.00039656,-68.434944152832
9000000.00039656,-68.4870376586914
9000000.00039657,-68.5358047485352
9000000.00039657,-68.5785827636719
9000000.00039658,-68.6127090454102
9000000.00039659,-68.6355361938477
9000000.00039659,-68.644401550293
9000000.00039659,-68.6366424560547
9000000.0003966,-68.6095657348633
9000000.00039661,-68.5630569458008
9000000.00039661,-68.4999542236328
9000000.00039661,-68.4232330322266
9000000.00039662,-68.3358535766602
9000000.00039662,-68.2407760620117
9000000.00039663,-68.140983581543
9000000.00039664,-68.039421081543
9000000.00039664,-67.9390640258789
9000000.00039664,-67.8428802490234
9000000.00039665,-67.7538299560547
9000000.00039665,-67.6748809814453
9000000.00039666,-67.6089935302734
9000000.00039667,-67.5580291748047
9000000.00039667,-67.5100479125977
9000000.00039667,-67.4622116088867
9000000.00039668,-67.4160232543945
9000000.00039669,-67.3729934692383
9000000.00039669,-67.3346252441406
9000000.0003967,-67.3024291992188
9000000.0003967,-67.2779006958008
9000000.0003967,-67.2625427246094
9000000.00039671,-67.2578735351563
9000000.00039672,-67.2653884887695
9000000.00039672,-67.2865905761719
9000000.00039672,-67.3229904174805
9000000.00039673,-67.3760986328125
9000000.00039673,-67.4508438110352
9000000.00039674,-67.5488815307617
9000000.00039675,-67.6668014526367
9000000.00039675,-67.8011779785156
9000000.00039675,-67.9485931396484
9000000.00039676,-68.1056289672852
9000000.00039677,-68.2688598632813
9000000.00039677,-68.4348602294922
9000000.00039678,-68.600227355957
9000000.00039678,-68.7615280151367
9000000.00039678,-68.9153442382813
9000000.00039679,-69.0582580566406
9000000.0003968,-69.1868438720703
9000000.0003968,-69.3039321899414
9000000.0003968,-69.4266586303711
9000000.00039681,-69.5536880493164
9000000.00039681,-69.6821517944336
9000000.00039682,-69.8091735839844
9000000.00039683,-69.9318618774414
9000000.00039683,-70.04736328125
9000000.00039683,-70.1527786254883
9000000.00039684,-70.245246887207
9000000.00039684,-70.3218765258789
9000000.00039685,-70.3798065185547
9000000.00039686,-70.416145324707
9000000.00039686,-70.4280242919922
9000000.00039686,-70.4124755859375
9000000.00039687,-70.367301940918
9000000.00039688,-70.2950668334961
9000000.00039688,-70.1991806030273
9000000.00039689,-70.0830459594727
9000000.00039689,-69.9500579833984
9000000.00039689,-69.8036346435547
9000000.0003969,-69.6471557617188
9000000.00039691,-69.4840469360352
9000000.00039691,-69.3176956176758
9000000.00039691,-69.1515045166016
9000000.00039692,-68.988883972168
9000000.00039692,-68.8332366943359
9000000.00039693,-68.6879577636719
9000000.00039694,-68.5422515869141
9000000.00039694,-68.3850326538086
9000000.00039694,-68.2192459106445
9000000.00039695,-68.0478439331055
9000000.00039696,-67.873779296875
9000000.00039696,-67.7000045776367
9000000.00039697,-67.5294876098633
9000000.00039697,-67.3651580810547
9000000.00039697,-67.2099914550781
9000000.00039698,-67.0669250488281
9000000.00039699,-66.9389190673828
9000000.00039699,-66.8289260864258
9000000.00039699,-66.7398910522461
9000000.000397,-66.6709976196289
9000000.000397,-66.6118545532227
9000000.00039701,-66.5623397827148
9000000.00039702,-66.5232238769531
9000000.00039702,-66.4952850341797
9000000.00039702,-66.4792938232422
9000000.00039703,-66.4760284423828
9000000.00039703,-66.4862594604492
9000000.00039704,-66.5107727050781
9000000.00039705,-66.5503311157227
9000000.00039705,-66.605712890625
9000000.00039705,-66.6776962280273
9000000.00039706,-66.7670516967773
9000000.00039707,-66.875862121582
9000000.00039707,-67.0198745727539
9000000.00039708,-67.1985931396484
9000000.00039708,-67.4057464599609
9000000.00039708,-67.6350784301758
9000000.00039709,-67.8803329467773
9000000.0003971,-68.1352386474609
9000000.0003971,-68.3935394287109
9000000.0003971,-68.6489715576172
9000000.00039711,-68.8952789306641
9000000.00039711,-69.1261901855469
9000000.00039712,-69.33544921875
9000000.00039713,-69.5167846679688
9000000.00039713,-69.6639556884766
9000000.00039713,-69.7890625
9000000.00039714,-69.9073104858398
9000000.00039715,-70.0170211791992
9000000.00039715,-70.1165237426758
9000000.00039716,-70.2041625976563
9000000.00039716,-70.2782745361328
9000000.00039716,-70.3371734619141
9000000.00039717,-70.3792114257813
9000000.00039718,-70.4027099609375
9000000.00039718,-70.406005859375
9000000.00039718,-70.3874359130859
9000000.00039719,-70.345329284668
9000000.00039719,-70.2780227661133
9000000.0003972,-70.181510925293
9000000.00039721,-70.0493392944336
9000000.00039721,-69.885139465332
9000000.00039721,-69.693229675293
9000000.00039722,-69.4779434204102
9000000.00039722,-69.2435913085938
9000000.00039723,-68.994514465332
9000000.00039724,-68.7350387573242
9000000.00039724,-68.4694747924805
9000000.00039724,-68.2021560668945
9000000.00039725,-67.9374084472656
9000000.00039726,-67.679557800293
9000000.00039726,-67.4329299926758
9000000.00039727,-67.200080871582
9000000.00039727,-66.9619522094727
9000000.00039727,-66.7143859863281
9000000.00039728,-66.4601593017578
9000000.00039729,-66.2020492553711
9000000.00039729,-65.9428329467773
9000000.00039729,-65.6852951049805
9000000.0003973,-65.4322204589844
9000000.0003973,-65.1863708496094
9000000.00039731,-64.9505386352539
9000000.00039732,-64.7275085449219
9000000.00039732,-64.5200424194336
9000000.00039732,-64.3309326171875
9000000.00039733,-64.162956237793
9000000.00039734,-64.0098495483398
9000000.00039734,-63.8642997741699
9000000.00039735,-63.7274589538574
9000000.00039735,-63.6004943847656
9000000.00039735,-63.4845695495605
9000000.00039736,-63.3808517456055
9000000.00039737,-63.2905044555664
9000000.00039737,-63.2146911621094
9000000.00039737,-63.1545791625977
9000000.00039738,-63.111328125
9000000.00039738,-63.0861053466797
9000000.00039739,-63.080078125
9000000.0003974,-63.094409942627
9000000.0003974,-63.1289901733398
9000000.0003974,-63.1803588867188
9000000.00039741,-63.2482795715332
9000000.00039741,-63.332820892334
9000000.00039742,-63.4340438842773
9000000.00039743,-63.5520172119141
9000000.00039743,-63.6868057250977
9000000.00039743,-63.8384742736816
9000000.00039744,-64.0070877075195
9000000.00039745,-64.1927032470703
9000000.00039745,-64.3954010009766
9000000.00039745,-64.615234375
9000000.00039746,-64.8522720336914
9000000.00039746,-65.1074752807617
9000000.00039747,-65.3913345336914
9000000.00039748,-65.7039489746094
9000000.00039748,-66.0415344238281
9000000.00039748,-66.4003295898438
9000000.00039749,-66.7765655517578
9000000.00039749,-67.1664733886719
9000000.0003975,-67.5662994384766
9000000.00039751,-67.9722595214844
9000000.00039751,-68.3805923461914
9000000.00039751,-68.7875366210938
9000000.00039752,-69.189323425293
9000000.00039753,-69.5821762084961
9000000.00039753,-69.9623413085938
9000000.00039754,-70.3473129272461
9000000.00039754,-70.7531509399414
9000000.00039754,-71.1738662719727
9000000.00039755,-71.6034927368164
9000000.00039756,-72.0360488891602
9000000.00039756,-72.465576171875
9000000.00039756,-72.8860855102539
9000000.00039757,-73.291618347168
9000000.00039757,-73.6761856079102
9000000.00039758,-74.0338287353516
9000000.00039759,-74.3585662841797
9000000.00039759,-74.644416809082
9000000.00039759,-74.8854293823242
9000000.0003976,-75.0787811279297
9000000.0003976,-75.2330932617188
9000000.00039761,-75.3521957397461
9000000.00039762,-75.4393157958984
9000000.00039762,-75.4976654052734
9000000.00039762,-75.5304565429688
9000000.00039763,-75.5409164428711
9000000.00039764,-75.5322647094727
9000000.00039764,-75.5077056884766
9000000.00039764,-75.4704666137695
9000000.00039765,-75.4237594604492
9000000.00039765,-75.3708038330078
9000000.00039766,-75.3148193359375
9000000.00039767,-75.2576751708984
9000000.00039767,-75.1847991943359
9000000.00039767,-75.0930862426758
9000000.00039768,-74.9847564697266
9000000.00039768,-74.8619995117188
9000000.00039769,-74.7270355224609
9000000.0003977,-74.5820617675781
9000000.0003977,-74.4292907714844
9000000.0003977,-74.2709197998047
9000000.00039771,-74.1091690063477
9000000.00039772,-73.9462280273438
9000000.00039772,-73.7843170166016
9000000.00039773,-73.6256408691406
9000000.00039773,-73.4723968505859
9000000.00039773,-73.319206237793
9000000.00039774,-73.1599731445313
9000000.00039775,-72.9958267211914
9000000.00039775,-72.827880859375
9000000.00039775,-72.6572799682617
9000000.00039776,-72.4851379394531
9000000.00039776,-72.3125915527344
9000000.00039777,-72.1407623291016
9000000.00039778,-71.9707794189453
9000000.00039778,-71.8037643432617
9000000.00039778,-71.6408615112305
9000000.00039779,-71.4831771850586
9000000.00039779,-71.3318557739258
9000000.0003978,-71.1853713989258
9000000.00039781,-71.0364837646484
9000000.00039781,-70.8860931396484
9000000.00039781,-70.7357635498047
9000000.00039782,-70.5870666503906
9000000.00039783,-70.4415588378906
9000000.00039783,-70.3008193969727
9000000.00039783,-70.1664123535156
9000000.00039784,-70.0399017333984
9000000.00039784,-69.9228591918945
9000000.00039785,-69.8168487548828
9000000.00039786,-69.7234420776367
9000000.00039786,-69.6441955566406
9000000.00039786,-69.5805816650391
9000000.00039787,-69.5319137573242
9000000.00039787,-69.4967727661133
9000000.00039788,-69.4739608764648
9000000.00039789,-69.462287902832
9000000.00039789,-69.460563659668
9000000.00039789,-69.4675903320313
9000000.0003979,-69.4821853637695
9000000.00039791,-69.5031433105469
9000000.00039791,-69.5292816162109
9000000.00039792,-69.5594024658203
9000000.00039792,-69.5923156738281
9000000.00039792,-69.6268310546875
9000000.00039793,-69.661750793457
9000000.00039794,-69.7030410766602
9000000.00039794,-69.7560653686523
9000000.00039794,-69.8187255859375
9000000.00039795,-69.8889236450195
9000000.00039795,-69.9645690917969
9000000.00039796,-70.043571472168
9000000.00039797,-70.1238174438477
9000000.00039797,-70.2032318115234
9000000.00039797,-70.2797088623047
9000000.00039798,-70.3511505126953
9000000.00039798,-70.4154586791992
9000000.00039799,-70.4705505371094
9000000.000398,-70.5143203735352
9000000.000398,-70.5460052490234
9000000.000398,-70.569221496582
9000000.00039801,-70.5851440429688
9000000.00039802,-70.5946655273438
9000000.00039802,-70.5986862182617
9000000.00039802,-70.5981063842773
9000000.00039803,-70.5938339233398
9000000.00039803,-70.5867538452148
9000000.00039804,-70.577766418457
9000000.00039805,-70.5677719116211
9000000.00039805,-70.5576782226563
9000000.00039805,-70.5483703613281
9000000.00039806,-70.5407562255859
9000000.00039806,-70.5357666015625
9000000.00039807,-70.5342102050781
9000000.00039808,-70.535285949707
9000000.00039808,-70.5378875732422
9000000.00039808,-70.5409088134766
9000000.00039809,-70.5432510375977
9000000.0003981,-70.5438003540039
9000000.0003981,-70.5414581298828
9000000.00039811,-70.5351181030273
9000000.00039811,-70.5236740112305
9000000.00039811,-70.5060272216797
9000000.00039812,-70.4810638427734
9000000.00039813,-70.4476776123047
9000000.00039813,-70.4047698974609
9000000.00039813,-70.351188659668
9000000.00039814,-70.2873840332031
9000000.00039814,-70.2146759033203
9000000.00039815,-70.1343536376953
9000000.00039816,-70.047737121582
9000000.00039816,-69.9561309814453
9000000.00039816,-69.86083984375
9000000.00039817,-69.7631683349609
9000000.00039818,-69.6644287109375
9000000.00039818,-69.5659255981445
9000000.00039819,-69.4689636230469
9000000.00039819,-69.3748550415039
9000000.00039819,-69.2848968505859
9000000.0003982,-69.1948699951172
9000000.00039821,-69.0895233154297
9000000.00039821,-68.9718780517578
9000000.00039821,-68.8463973999023
9000000.00039822,-68.7175369262695
9000000.00039822,-68.5897598266602
9000000.00039823,-68.4675216674805
9000000.00039824,-68.3552856445313
9000000.00039824,-68.2575149536133
9000000.00039824,-68.1786727905273
9000000.00039825,-68.1231994628906
9000000.00039825,-68.0955810546875
9000000.00039826,-68.1002578735352
9000000.00039827,-68.1407012939453
9000000.00039827,-68.206901550293
9000000.00039827,-68.2946929931641
9000000.00039828,-68.4035339355469
9000000.00039829,-68.5328979492188
9000000.00039829,-68.6822280883789
9000000.0003983,-68.8509902954102
9000000.0003983,-69.0386505126953
9000000.0003983,-69.2446670532227
9000000.00039831,-69.4684906005859
9000000.00039832,-69.709602355957
9000000.00039832,-69.9674453735352
9000000.00039832,-70.2414779663086
9000000.00039833,-70.5311813354492
9000000.00039833,-70.8706283569336
9000000.00039834,-71.2834625244141
9000000.00039835,-71.7534637451172
9000000.00039835,-72.2644119262695
9000000.00039835,-72.8000869750977
9000000.00039836,-73.3442611694336
9000000.00039837,-73.8807220458984
9000000.00039837,-74.3932495117188
9000000.00039838,-74.865608215332
9000000.00039838,-75.2815933227539
9000000.00039838,-75.6249771118164
9000000.00039839,-75.8795394897461
9000000.0003984,-76.0290603637695
9000000.0003984,-76.0614013671875
9000000.0003984,-75.9874038696289
9000000.00039841,-75.8211135864258
9000000.00039841,-75.5761032104492
9000000.00039842,-75.2659606933594
9000000.00039843,-74.9042510986328
9000000.00039843,-74.5045700073242
9000000.00039843,-74.0804748535156
9000000.00039844,-73.6455535888672
9000000.00039844,-73.2133865356445
9000000.00039845,-72.7975387573242
9000000.00039846,-72.4115982055664
9000000.00039846,-72.0691452026367
9000000.00039846,-71.7798767089844
9000000.00039847,-71.5035552978516
9000000.00039848,-71.2273788452148
9000000.00039848,-70.9531478881836
9000000.00039849,-70.6826782226563
9000000.00039849,-70.4177703857422
9000000.00039849,-70.1602401733398
9000000.0003985,-69.9118881225586
9000000.00039851,-69.6745300292969
9000000.00039851,-69.4499664306641
9000000.00039851,-69.2400207519531
9000000.00039852,-69.0464782714844
9000000.00039852,-68.8711700439453
9000000.00039853,-68.7158889770508
9000000.00039854,-68.5803451538086
9000000.00039854,-68.4623184204102
9000000.00039854,-68.3607330322266
9000000.00039855,-68.2745132446289
9000000.00039856,-68.2025756835938
9000000.00039856,-68.1438446044922
9000000.00039857,-68.0972366333008
9000000.00039857,-68.0616760253906
9000000.00039857,-68.0360794067383
9000000.00039858,-68.0193710327148
9000000.00039859,-68.0104751586914
9000000.00039859,-68.0083084106445
9000000.00039859,-68.0117874145508
9000000.0003986,-68.0207672119141
9000000.0003986,-68.0377349853516
9000000.00039861,-68.063117980957
9000000.00039862,-68.0971221923828
9000000.00039862,-68.1399765014648
9000000.00039862,-68.1918792724609
9000000.00039863,-68.253059387207
9000000.00039863,-68.3237152099609
9000000.00039864,-68.4040756225586
9000000.00039865,-68.4943466186523
9000000.00039865,-68.5947418212891
9000000.00039865,-68.7054748535156
9000000.00039866,-68.8267593383789
9000000.00039867,-68.9598617553711
9000000.00039867,-69.1172027587891
9000000.00039868,-69.2987594604492
9000000.00039868,-69.4999389648438
9000000.00039868,-69.716178894043
9000000.00039869,-69.9428787231445
9000000.0003987,-70.1754608154297
9000000.0003987,-70.4093551635742
9000000.0003987,-70.6399765014648
9000000.00039871,-70.8627395629883
9000000.00039871,-71.0730667114258
9000000.00039872,-71.2663726806641
9000000.00039873,-71.4380798339844
9000000.00039873,-71.583610534668
9000000.00039873,-71.7111434936523
9000000.00039874,-71.8313369750977
9000000.00039875,-71.9433059692383
9000000.00039875,-72.0461502075195
9000000.00039876,-72.1389923095703
9000000.00039876,-72.2209320068359
9000000.00039876,-72.2910995483398
9000000.00039877,-72.3485870361328
9000000.00039878,-72.3925170898438
9000000.00039878,-72.422004699707
9000000.00039878,-72.436149597168
9000000.00039879,-72.4340744018555
9000000.00039879,-72.4148864746094
9000000.0003988,-72.3775405883789
9000000.00039881,-72.3216171264648
9000000.00039881,-72.2481689453125
9000000.00039881,-72.1583480834961
9000000.00039882,-72.0532913208008
9000000.00039882,-71.9341354370117
9000000.00039883,-71.8020248413086
9000000.00039884,-71.6580963134766
9000000.00039884,-71.5035018920898
9000000.00039884,-71.3393783569336
9000000.00039885,-71.166862487793
9000000.00039886,-70.9870986938477
9000000.00039886,-70.8012313842773
9000000.00039887,-70.6091995239258
9000000.00039887,-70.3973846435547
9000000.00039887,-70.1645660400391
9000000.00039888,-69.9145126342773
9000000.00039889,-69.6510009765625
9000000.00039889,-69.3777923583984
9000000.00039889,-69.0986557006836
9000000.0003989,-68.8173599243164
9000000.0003989,-68.5376739501953
9000000.00039891,-68.2633666992188
9000000.00039892,-67.9981994628906
9000000.00039892,-67.7459487915039
9000000.00039892,-67.5103759765625
9000000.00039893,-67.2952499389648
9000000.00039894,-67.0912857055664
9000000.00039894,-66.8880004882813
9000000.00039895,-66.6873474121094
9000000.00039895,-66.491325378418
9000000.00039895,-66.301887512207
9000000.00039896,-66.1210174560547
9000000.00039897,-65.9506912231445
9000000.00039897,-65.7928771972656
9000000.00039897,-65.6495513916016
9000000.00039898,-65.5226898193359
9000000.00039898,-65.4142608642578
9000000.00039899,-65.3262405395508
9000000.000399,-65.2606048583984
9000000.000399,-65.217643737793
9000000.000399,-65.192741394043
9000000.00039901,-65.1851425170898
9000000.00039901,-65.1944732666016
9000000.00039902,-65.2203369140625
9000000.00039903,-65.2623596191406
9000000.00039903,-65.3201599121094
9000000.00039903,-65.3933486938477
9000000.00039904,-65.4815521240234
9000000.00039905,-65.5843811035156
9000000.00039905,-65.7014541625977
9000000.00039906,-65.8323974609375
9000000.00039906,-65.9768218994141
9000000.00039906,-66.134635925293
9000000.00039907,-66.3091201782227
9000000.00039908,-66.5006713867188
9000000.00039908,-66.7084808349609
9000000.00039908,-66.9317321777344
9000000.00039909,-67.1696166992188
9000000.00039909,-67.4213180541992
9000000.0003991,-67.6860427856445
9000000.00039911,-67.9629669189453
9000000.00039911,-68.2512817382813
9000000.00039911,-68.550178527832
9000000.00039912,-68.8588485717773
9000000.00039913,-69.1764831542969
9000000.00039913,-69.5022659301758
9000000.00039914,-69.8423461914063
9000000.00039914,-70.2017669677734
9000000.00039914,-70.5781021118164
9000000.00039915,-70.9689025878906
9000000.00039916,-71.3717269897461
9000000.00039916,-71.7841339111328
9000000.00039916,-72.2036972045898
9000000.00039917,-72.6279602050781
9000000.00039917,-73.0544967651367
9000000.00039918,-73.4808654785156
9000000.00039919,-73.9046173095703
9000000.00039919,-74.3233184814453
9000000.00039919,-74.7345275878906
9000000.0003992,-75.1510391235352
9000000.0003992,-75.6148147583008
9000000.00039921,-76.1163101196289
9000000.00039922,-76.6419830322266
9000000.00039922,-77.1782913208008
9000000.00039922,-77.7116851806641
9000000.00039923,-78.228630065918
9000000.00039924,-78.7155685424805
9000000.00039924,-79.1589660644531
9000000.00039924,-79.5452651977539
9000000.00039925,-79.8609390258789
9000000.00039925,-80.0924301147461
9000000.00039926,-80.2261962890625
9000000.00039927,-80.2487411499023
9000000.00039927,-80.1554107666016
9000000.00039927,-79.958381652832
9000000.00039928,-79.6716766357422
9000000.00039928,-79.3093032836914
9000000.00039929,-78.8852691650391
9000000.0003993,-78.4135894775391
9000000.0003993,-77.9082717895508
9000000.0003993,-77.3833389282227
9000000.00039931,-76.8527984619141
9000000.00039932,-76.3306579589844
9000000.00039932,-75.830924987793
9000000.00039933,-75.3676223754883
9000000.00039933,-74.9547576904297
9000000.00039933,-74.5679473876953
9000000.00039934,-74.1750564575195
9000000.00039935,-73.7784805297852
9000000.00039935,-73.3806228637695
9000000.00039935,-72.9838714599609
9000000.00039936,-72.5906219482422
9000000.00039936,-72.2032775878906
9000000.00039937,-71.8242340087891
9000000.00039938,-71.4558792114258
9000000.00039938,-71.1006164550781
9000000.00039938,-70.7608413696289
9000000.00039939,-70.4389419555664
9000000.00039939,-70.1373291015625
9000000.0003994,-69.8544769287109
9000000.00039941,-69.5796585083008
9000000.00039941,-69.3134384155273
9000000.00039941,-69.0573348999023
9000000.00039942,-68.812873840332
9000000.00039943,-68.5815734863281
9000000.00039943,-68.3649520874023
9000000.00039943,-68.1645431518555
9000000.00039944,-67.9818572998047
9000000.00039944,-67.8184204101563
9000000.00039945,-67.6757583618164
9000000.00039946,-67.5553817749023
9000000.00039946,-67.4588241577148
9000000.00039946,-67.3878936767578
9000000.00039947,-67.3465957641602
9000000.00039947,-67.3336181640625
9000000.00039948,-67.3461456298828
9000000.00039949,-67.3813781738281
9000000.00039949,-67.4365158081055
9000000.00039949,-67.5087356567383
9000000.0003995,-67.5952529907227
9000000.00039951,-67.6932525634766
9000000.00039951,-67.7999267578125
9000000.00039952,-67.912467956543
9000000.00039952,-68.0280838012695
9000000.00039952,-68.1439590454102
9000000.00039953,-68.2572860717773
9000000.00039954,-68.3812484741211
9000000.00039954,-68.5278701782227
9000000.00039954,-68.6926574707031
9000000.00039955,-68.8710708618164
9000000.00039955,-69.0586166381836
9000000.00039956,-69.2507781982422
9000000.00039957,-69.4430313110352
9000000.00039957,-69.6308670043945
9000000.00039957,-69.8097686767578
9000000.00039958,-69.975227355957
9000000.00039958,-70.1227264404297
9000000.00039959,-70.2477569580078
9000000.0003996,-70.3457946777344
9000000.0003996,-70.4144592285156
9000000.0003996,-70.4594955444336
9000000.00039961,-70.484016418457
9000000.00039962,-70.4907608032227
9000000.00039962,-70.4824371337891
9000000.00039962,-70.4617767333984
9000000.00039963,-70.4315032958984
9000000.00039963,-70.3943328857422
9000000.00039964,-70.3530044555664
9000000.00039965,-70.3102264404297
9000000.00039965,-70.2687225341797
9000000.00039965,-70.2312240600586
9000000.00039966,-70.2004547119141
9000000.00039966,-70.1784973144531
9000000.00039967,-70.1589202880859
9000000.00039968,-70.1391830444336
9000000.00039968,-70.1190567016602
9000000.00039968,-70.0983352661133
9000000.00039969,-70.0767974853516
9000000.0003997,-70.0542297363281
9000000.0003997,-70.0304107666016
9000000.00039971,-70.0051345825195
9000000.00039971,-69.9781646728516
9000000.00039971,-69.9493026733398
9000000.00039972,-69.918327331543
9000000.00039973,-69.8850173950195
9000000.00039973,-69.8491592407227
9000000.00039973,-69.812858581543
9000000.00039974,-69.7777862548828
9000000.00039974,-69.7430648803711
9000000.00039975,-69.7078170776367
9000000.00039976,-69.6711502075195
9000000.00039976,-69.632194519043
9000000.00039976,-69.5900650024414
9000000.00039977,-69.5438919067383
9000000.00039978,-69.4927825927734
9000000.00039978,-69.4358596801758
9000000.00039979,-69.3722457885742
9000000.00039979,-69.3010635375977
9000000.00039979,-69.221435546875
9000000.0003998,-69.1300888061523
9000000.00039981,-69.0204391479492
9000000.00039981,-68.8953170776367
9000000.00039981,-68.7582397460938
9000000.00039982,-68.6127166748047
9000000.00039982,-68.4622573852539
9000000.00039983,-68.3103866577148
9000000.00039984,-68.1605987548828
9000000.00039984,-68.0164184570313
9000000.00039984,-67.8813552856445
9000000.00039985,-67.758918762207
9000000.00039985,-67.6526260375977
9000000.00039986,-67.5659866333008
9000000.00039987,-67.5017547607422
9000000.00039987,-67.4524307250977
9000000.00039987,-67.4147338867188
9000000.00039988,-67.3881149291992
9000000.00039989,-67.3720092773438
9000000.00039989,-67.3658599853516
9000000.0003999,-67.3691101074219
9000000.0003999,-67.3812103271484
9000000.0003999,-67.4015960693359
9000000.00039991,-67.4297180175781
9000000.00039992,-67.4650039672852
9000000.00039992,-67.5069046020508
9000000.00039992,-67.5548706054688
9000000.00039993,-67.6083374023438
9000000.00039993,-67.6746139526367
9000000.00039994,-67.75927734375
9000000.00039995,-67.8591384887695
9000000.00039995,-67.9710159301758
9000000.00039995,-68.0917282104492
9000000.00039996,-68.2180938720703
9000000.00039997,-68.3469314575195
9000000.00039997,-68.4750518798828
9000000.00039998,-68.5992889404297
9000000.00039998,-68.7164459228516
9000000.00039998,-68.8233413696289
9000000.00039999,-68.9168014526367
9000000.0004,-68.9936370849609
9000000.0004,-69.0534362792969
9000000.0004,-69.1037292480469
9000000.00040001,-69.1457138061523
9000000.00040001,-69.1799697875977
9000000.00040002,-69.2070541381836
9000000.00040003,-69.2275390625
9000000.00040003,-69.2420043945313
9000000.00040003,-69.2510223388672
9000000.00040004,-69.2551498413086
9000000.00040004,-69.2549743652344
9000000.00040005,-69.2510528564453
9000000.00040006,-69.2439651489258
9000000.00040006,-69.2342834472656
9000000.00040006,-69.2220458984375
9000000.00040007,-69.2012405395508
9000000.00040008,-69.1712799072266
9000000.00040008,-69.1337585449219
9000000.00040009,-69.0902786254883
9000000.00040009,-69.0424346923828
9000000.00040009,-68.9918365478516
9000000.0004001,-68.9400634765625
9000000.00040011,-68.8887329101563
9000000.00040011,-68.8394393920898
9000000.00040011,-68.7937774658203
9000000.00040012,-68.7533416748047
9000000.00040012,-68.7197418212891
9000000.00040013,-68.6945724487305
9000000.00040014,-68.6712799072266
9000000.00040014,-68.6436614990234
9000000.00040014,-68.6138153076172
9000000.00040015,-68.583854675293
9000000.00040016,-68.5558776855469
9000000.00040016,-68.5319900512695
9000000.00040017,-68.5143051147461
9000000.00040017,-68.5049209594727
9000000.00040017,-68.5059509277344
9000000.00040018,-68.5194931030273
9000000.00040019,-68.5476608276367
9000000.00040019,-68.5925598144531
9000000.00040019,-68.6562881469727
9000000.0004002,-68.7328643798828
9000000.0004002,-68.8000411987305
9000000.00040021,-68.8620147705078
9000000.00040022,-68.9250793457031
9000000.00040022,-68.9955291748047
9000000.00040022,-69.0796585083008
9000000.00040023,-69.1837615966797
9000000.00040023,-69.3141403198242
9000000.00040024,-69.4770889282227
9000000.00040025,-69.6788940429688
9000000.00040025,-69.9258575439453
9000000.00040025,-70.2242813110352
9000000.00040026,-70.5804443359375
9000000.00040027,-71.004768371582
9000000.00040027,-71.5481567382813
9000000.00040028,-72.20556640625
9000000.00040028,-72.9533004760742
9000000.00040028,-73.7676391601563
9000000.00040029,-74.6248779296875
9000000.0004003,-75.5012969970703
9000000.0004003,-76.3731842041016
9000000.0004003,-77.2168426513672
9000000.00040031,-78.008544921875
9000000.00040031,-78.7245864868164
9000000.00040032,-79.3412551879883
9000000.00040033,-79.8348388671875
9000000.00040033,-80.1816329956055
9000000.00040033,-80.389404296875
9000000.00040034,-80.4899139404297
9000000.00040035,-80.4953918457031
9000000.00040035,-80.4180679321289
9000000.00040036,-80.2701873779297
9000000.00040036,-80.0639801025391
9000000.00040036,-79.8116836547852
9000000.00040037,-79.5255279541016
9000000.00040038,-79.2177581787109
9000000.00040038,-78.9006042480469
9000000.00040038,-78.586296081543
9000000.00040039,-78.2870712280273
9000000.00040039,-78.0151748657227
9000000.0004004,-77.7688674926758
9000000.00040041,-77.5099868774414
9000000.00040041,-77.2365951538086
9000000.00040041,-76.9500579833984
9000000.00040042,-76.6517181396484
9000000.00040042,-76.3429336547852
9000000.00040043,-76.0250549316406
9000000.00040044,-75.6994552612305
9000000.00040044,-75.3674697875977
9000000.00040044,-75.0304641723633
9000000.00040045,-74.6897964477539
9000000.00040046,-74.346809387207
9000000.00040046,-74.0028762817383
9000000.00040047,-73.6580657958984
9000000.00040047,-73.2979888916016
9000000.00040047,-72.9212417602539
9000000.00040048,-72.5316543579102
9000000.00040049,-72.1330718994141
9000000.00040049,-71.7293472290039
9000000.00040049,-71.3243179321289
9000000.0004005,-70.9218215942383
9000000.0004005,-70.5257186889648
9000000.00040051,-70.1398315429688
9000000.00040052,-69.7680130004883
9000000.00040052,-69.4141082763672
9000000.00040052,-69.0819625854492
9000000.00040053,-68.7754135131836
9000000.00040054,-68.4860382080078
9000000.00040054,-68.2038421630859
9000000.00040055,-67.9303359985352
9000000.00040055,-67.6670150756836
9000000.00040055,-67.4153900146484
9000000.00040056,-67.1769638061523
9000000.00040057,-66.9532318115234
9000000.00040057,-66.7457046508789
9000000.00040057,-66.5558776855469
9000000.00040058,-66.3852615356445
9000000.00040058,-66.2353591918945
9000000.00040059,-66.1076736450195
9000000.0004006,-66.0037002563477
9000000.0004006,-65.9244537353516
9000000.0004006,-65.8686065673828
9000000.00040061,-65.8349533081055
9000000.00040061,-65.8223571777344
9000000.00040062,-65.8296813964844
9000000.00040063,-65.8557891845703
9000000.00040063,-65.8995590209961
9000000.00040063,-65.9598541259766
9000000.00040064,-66.035530090332
9000000.00040065,-66.1254653930664
9000000.00040065,-66.228515625
9000000.00040066,-66.3435592651367
9000000.00040066,-66.4694519042969
9000000.00040066,-66.6067581176758
9000000.00040067,-66.7750778198242
9000000.00040068,-66.9756774902344
9000000.00040068,-67.2026824951172
9000000.00040068,-67.4502258300781
9000000.00040069,-67.7124176025391
9000000.00040069,-67.9833908081055
9000000.0004007,-68.2572708129883
9000000.00040071,-68.5281677246094
9000000.00040071,-68.7902145385742
9000000.00040071,-69.0375366210938
9000000.00040072,-69.2642440795898
9000000.00040073,-69.4644775390625
9000000.00040073,-69.6323547363281
9000000.00040074,-69.7769927978516
9000000.00040074,-69.9111251831055
9000000.00040074,-70.034294128418
9000000.00040075,-70.1460189819336
9000000.00040076,-70.2458419799805
9000000.00040076,-70.3332824707031
9000000.00040076,-70.4078750610352
9000000.00040077,-70.4691543579102
9000000.00040077,-70.5166549682617
9000000.00040078,-70.5498962402344
9000000.00040079,-70.5684204101563
9000000.00040079,-70.5717544555664
9000000.00040079,-70.5594253540039
9000000.0004008,-70.5279541015625
9000000.0004008,-70.4690017700195
9000000.00040081,-70.3854751586914
9000000.00040082,-70.2811050415039
9000000.00040082,-70.1596298217773
9000000.00040082,-70.0247802734375
9000000.00040083,-69.8803024291992
9000000.00040084,-69.7299194335938
9000000.00040084,-69.5773773193359
9000000.00040085,-69.4264068603516
9000000.00040085,-69.2807388305664
9000000.00040085,-69.1441192626953
9000000.00040086,-69.0202713012695
9000000.00040087,-68.9119567871094
9000000.00040087,-68.8090515136719
9000000.00040087,-68.7080459594727
9000000.00040088,-68.6091003417969
9000000.00040088,-68.5123748779297
9000000.00040089,-68.4180374145508
9000000.0004009,-68.3262405395508
9000000.0004009,-68.2371520996094
9000000.0004009,-68.1509323120117
9000000.00040091,-68.0677490234375
9000000.00040092,-67.9877548217773
9000000.00040092,-67.9111175537109
9000000.00040093,-67.8379974365234
9000000.00040093,-67.7685546875
9000000.00040093,-67.7028045654297
9000000.00040094,-67.6405944824219
9000000.00040095,-67.5817947387695
9000000.00040095,-67.5262832641602
9000000.00040095,-67.4739532470703
9000000.00040096,-67.424674987793
9000000.00040096,-67.3783264160156
9000000.00040097,-67.3348007202148
9000000.00040098,-67.2939758300781
9000000.00040098,-67.255729675293
9000000.00040098,-67.2199401855469
9000000.00040099,-67.1864852905273
9000000.00040099,-67.1552581787109
9000000.000401,-67.1222229003906
9000000.00040101,-67.0765991210938
9000000.00040101,-67.021614074707
9000000.00040101,-66.9615783691406
9000000.00040102,-66.9007949829102
9000000.00040103,-66.8435516357422
9000000.00040103,-66.7941665649414
9000000.00040104,-66.7569198608398
9000000.00040104,-66.7361221313477
9000000.00040104,-66.7360763549805
9000000.00040105,-66.7610778808594
9000000.00040106,-66.8154296875
9000000.00040106,-66.9034194946289
9000000.00040106,-67.0275268554688
9000000.00040107,-67.1677627563477
9000000.00040107,-67.3199768066406
9000000.00040108,-67.4873046875
9000000.00040109,-67.6728515625
9000000.00040109,-67.8797607421875
9000000.00040109,-68.1111526489258
9000000.0004011,-68.3701477050781
9000000.00040111,-68.6598815917969
9000000.00040111,-68.9834671020508
9000000.00040112,-69.3440399169922
9000000.00040112,-69.7447204589844
9000000.00040112,-70.1886291503906
9000000.00040113,-70.6789016723633
9000000.00040114,-71.2743606567383
9000000.00040114,-72.0112609863281
9000000.00040114,-72.8588714599609
9000000.00040115,-73.7864685058594
9000000.00040115,-74.763313293457
9000000.00040116,-75.7586822509766
9000000.00040117,-76.7418441772461
9000000.00040117,-77.6820602416992
9000000.00040117,-78.5486145019531
9000000.00040118,-79.3107681274414
9000000.00040119,-79.9377822875977
9000000.00040119,-80.3989410400391
9000000.0004012,-80.6635055541992
9000000.0004012,-80.7082824707031
9000000.0004012,-80.5532150268555
9000000.00040121,-80.2251052856445
9000000.00040122,-79.7498779296875
9000000.00040122,-79.1534881591797
9000000.00040122,-78.4618759155273
9000000.00040123,-77.7009887695313
9000000.00040123,-76.8967742919922
9000000.00040124,-76.0751724243164
9000000.00040125,-75.2621231079102
9000000.00040125,-74.4835815429688
9000000.00040125,-73.765495300293
9000000.00040126,-73.1337966918945
9000000.00040126,-72.6077651977539
9000000.00040127,-72.1190872192383
9000000.00040128,-71.6434020996094
9000000.00040128,-71.1811370849609
9000000.00040128,-70.7327270507813
9000000.00040129,-70.298583984375
9000000.0004013,-69.879150390625
9000000.0004013,-69.474853515625
9000000.00040131,-69.0861129760742
9000000.00040131,-68.7133636474609
9000000.00040131,-68.3570251464844
9000000.00040132,-68.0175323486328
9000000.00040133,-67.6953125
9000000.00040133,-67.3907928466797
9000000.00040133,-67.1032638549805
9000000.00040134,-66.8317565917969
9000000.00040134,-66.5763397216797
9000000.00040135,-66.3370590209961
9000000.00040136,-66.1139831542969
9000000.00040136,-65.9071655273438
9000000.00040136,-65.7166595458984
9000000.00040137,-65.5425262451172
9000000.00040138,-65.3848266601563
9000000.00040138,-65.2436218261719
9000000.00040139,-65.1189575195313
9000000.00040139,-65.0108947753906
9000000.00040139,-64.9195022583008
9000000.0004014,-64.8441314697266
9000000.00040141,-64.7829055786133
9000000.00040141,-64.7363052368164
9000000.00040141,-64.7049942016602
9000000.00040142,-64.6896514892578
9000000.00040142,-64.6909332275391
9000000.00040143,-64.7095184326172
9000000.00040144,-64.7460708618164
9000000.00040144,-64.8012619018555
9000000.00040144,-64.8757553100586
9000000.00040145,-64.9702224731445
9000000.00040145,-65.0853424072266
9000000.00040146,-65.2217636108398
9000000.00040147,-65.3776550292969
9000000.00040147,-65.5236358642578
9000000.00040147,-65.6587066650391
9000000.00040148,-65.7926406860352
9000000.00040149,-65.935188293457
9000000.00040149,-66.0960998535156
9000000.0004015,-66.2851409912109
9000000.0004015,-66.5120697021484
9000000.0004015,-66.7866439819336
9000000.00040151,-67.1186141967773
9000000.00040152,-67.5177459716797
9000000.00040152,-67.993782043457
9000000.00040152,-68.5564956665039
9000000.00040153,-69.2156448364258
9000000.00040153,-70.047607421875
9000000.00040154,-71.0931167602539
9000000.00040155,-72.3084182739258
9000000.00040155,-73.6497421264648
9000000.00040155,-75.0733337402344
9000000.00040156,-76.5354309082031
9000000.00040157,-77.9922866821289
9000000.00040157,-79.4001312255859
9000000.00040158,-80.715217590332
9000000.00040158,-81.8937759399414
9000000.00040158,-82.8920593261719
9000000.00040159,-83.6663055419922
9000000.0004016,-84.1727523803711
9000000.0004016,-84.3823318481445
9000000.0004016,-84.3344345092773
9000000.00040161,-84.0640182495117
9000000.00040161,-83.6037979125977
9000000.00040162,-82.9864730834961
9000000.00040163,-82.244758605957
9000000.00040163,-81.4113616943359
9000000.00040163,-80.5189895629883
9000000.00040164,-79.6003494262695
9000000.00040164,-78.6881484985352
9000000.00040165,-77.8150939941406
9000000.00040166,-77.0138931274414
9000000.00040166,-76.3172607421875
9000000.00040166,-75.7492904663086
9000000.00040167,-75.2214736938477
9000000.00040168,-74.7030639648438
9000000.00040168,-74.1954574584961
9000000.00040169,-73.7000198364258
9000000.00040169,-73.2181396484375
9000000.00040169,-72.7511978149414
9000000.0004017,-72.3005676269531
9000000.00040171,-71.8676376342773
9000000.00040171,-71.4537811279297
9000000.00040171,-71.0603790283203
9000000.00040172,-70.6888122558594
9000000.00040172,-70.3404693603516
9000000.00040173,-70.0167236328125
9000000.00040174,-69.7174301147461
9000000.00040174,-69.4409408569336
9000000.00040174,-69.1864013671875
9000000.00040175,-68.9529495239258
9000000.00040176,-68.7397308349609
9000000.00040176,-68.5458679199219
9000000.00040177,-68.3705139160156
9000000.00040177,-68.2127990722656
9000000.00040177,-68.0718688964844
9000000.00040178,-67.9468536376953
9000000.00040179,-67.8368988037109
9000000.00040179,-67.7411422729492
9000000.00040179,-67.6587219238281
9000000.0004018,-67.5882263183594
9000000.0004018,-67.5281295776367
9000000.00040181,-67.4797897338867
9000000.00040182,-67.4447402954102
9000000.00040182,-67.4245147705078
9000000.00040182,-67.4206466674805
9000000.00040183,-67.4346618652344
9000000.00040183,-67.4681015014648
9000000.00040184,-67.5224990844727
9000000.00040185,-67.5993957519531
9000000.00040185,-67.700309753418
9000000.00040185,-67.8267822265625
9000000.00040186,-67.980354309082
9000000.00040187,-68.1619415283203
9000000.00040187,-68.3650207519531
9000000.00040188,-68.5881195068359
9000000.00040188,-68.832145690918
9000000.00040188,-69.0979919433594
9000000.00040189,-69.3865737915039
9000000.0004019,-69.6987915039063
9000000.0004019,-70.0355529785156
9000000.0004019,-70.3977584838867
9000000.00040191,-70.7863082885742
9000000.00040191,-71.2021102905273
9000000.00040192,-71.6460723876953
9000000.00040193,-72.1190872192383
9000000.00040193,-72.6220703125
9000000.00040193,-73.2126007080078
9000000.00040194,-73.9285736083984
9000000.00040195,-74.7413558959961
9000000.00040195,-75.6223373413086
9000000.00040196,-76.5428848266602
9000000.00040196,-77.4743881225586
9000000.00040196,-78.3882141113281
9000000.00040197,-79.255744934082
9000000.00040198,-80.0483551025391
9000000.00040198,-80.7374267578125
9000000.00040198,-81.2943267822266
9000000.00040199,-81.6904449462891
9000000.00040199,-81.8971557617188
9000000.000402,-81.891227722168
9000000.00040201,-81.6868362426758
9000000.00040201,-81.3101959228516
9000000.00040201,-80.7871780395508
9000000.00040202,-80.1436767578125
9000000.00040202,-79.4055633544922
9000000.00040203,-78.5987167358398
9000000.00040204,-77.7490158081055
9000000.00040204,-76.8823471069336
9000000.00040204,-76.0245895385742
9000000.00040205,-75.2016143798828
9000000.00040206,-74.4393157958984
9000000.00040206,-73.763557434082
9000000.00040207,-73.1933517456055
9000000.00040207,-72.6579284667969
9000000.00040207,-72.1329498291016
9000000.00040208,-71.6197738647461
9000000.00040209,-71.119758605957
9000000.00040209,-70.6342468261719
9000000.00040209,-70.1645965576172
9000000.0004021,-69.7121658325195
9000000.0004021,-69.2783050537109
9000000.00040211,-68.8643646240234
9000000.00040212,-68.4716949462891
9000000.00040212,-68.1016616821289
9000000.00040212,-67.7556076049805
9000000.00040213,-67.4348907470703
9000000.00040214,-67.1370162963867
9000000.00040214,-66.8587951660156
9000000.00040215,-66.6005172729492
9000000.00040215,-66.3624801635742
9000000.00040215,-66.1449890136719
9000000.00040216,-65.9483413696289
9000000.00040217,-65.7728271484375
9000000.00040217,-65.6187438964844
9000000.00040217,-65.4863967895508
9000000.00040218,-65.3760833740234
9000000.00040218,-65.2880935668945
9000000.00040219,-65.2227249145508
9000000.0004022,-65.180290222168
9000000.0004022,-65.1594772338867
9000000.0004022,-65.1559066772461
9000000.00040221,-65.170524597168
9000000.00040221,-65.2047119140625
9000000.00040222,-65.2598342895508
9000000.00040223,-65.3372497558594
9000000.00040223,-65.438346862793
9000000.00040223,-65.5644760131836
9000000.00040224,-65.7170104980469
9000000.00040225,-65.897331237793
9000000.00040225,-66.1067962646484
9000000.00040226,-66.3467788696289
9000000.00040226,-66.6186447143555
9000000.00040226,-66.924446105957
9000000.00040227,-67.2726974487305
9000000.00040228,-67.6622772216797
9000000.00040228,-68.0889358520508
9000000.00040228,-68.5484008789063
9000000.00040229,-69.0364151000977
9000000.00040229,-69.5487365722656
9000000.0004023,-70.0810928344727
9000000.00040231,-70.6292343139648
9000000.00040231,-71.1889038085938
9000000.00040231,-71.7558441162109
9000000.00040232,-72.3257904052734
9000000.00040233,-72.8944931030273
9000000.00040233,-73.4576950073242
9000000.00040234,-74.0637969970703
9000000.00040234,-74.7502517700195
9000000.00040234,-75.4963912963867
9000000.00040235,-76.2815551757813
9000000.00040236,-77.0850601196289
9000000.00040236,-77.8862457275391
9000000.00040236,-78.664436340332
9000000.00040237,-79.3989715576172
9000000.00040237,-80.0691680908203
9000000.00040238,-80.6543655395508
9000000.00040239,-81.1338882446289
9000000.00040239,-81.4870758056641
9000000.00040239,-81.6932525634766
9000000.0004024,-81.7328872680664
9000000.0004024,-81.6086502075195
9000000.00040241,-81.3416442871094
9000000.00040242,-80.9535064697266
9000000.00040242,-80.4658432006836
9000000.00040242,-79.9002838134766
9000000.00040243,-79.2784423828125
9000000.00040244,-78.6219329833984
9000000.00040244,-77.9523849487305
9000000.00040245,-77.2914123535156
9000000.00040245,-76.66064453125
9000000.00040245,-76.0816879272461
9000000.00040246,-75.5761642456055
9000000.00040247,-75.1601257324219
9000000.00040247,-74.7764053344727
9000000.00040247,-74.4047012329102
9000000.00040248,-74.0454559326172
9000000.00040248,-73.699104309082
9000000.00040249,-73.3660888671875
9000000.0004025,-73.0468444824219
9000000.0004025,-72.7418060302734
9000000.0004025,-72.451416015625
9000000.00040251,-72.1761093139648
9000000.00040252,-71.9163284301758
9000000.00040252,-71.6725082397461
9000000.00040253,-71.4450912475586
9000000.00040253,-71.2345123291016
9000000.00040253,-71.0433349609375
9000000.00040254,-70.8727951049805
9000000.00040255,-70.7213668823242
9000000.00040255,-70.5874862670898
9000000.00040255,-70.4696273803711
9000000.00040256,-70.3662338256836
9000000.00040256,-70.2757720947266
9000000.00040257,-70.1967010498047
9000000.00040258,-70.1274642944336
9000000.00040258,-70.0665283203125
9000000.00040258,-70.0123519897461
9000000.00040259,-69.9633865356445
9000000.00040259,-69.9180908203125
9000000.0004026,-69.8740310668945
9000000.00040261,-69.8286819458008
9000000.00040261,-69.784423828125
9000000.00040261,-69.7439041137695
9000000.00040262,-69.7097854614258
9000000.00040263,-69.6847305297852
9000000.00040263,-69.6713943481445
9000000.00040264,-69.6724395751953
9000000.00040264,-69.6905288696289
9000000.00040264,-69.7283248901367
9000000.00040265,-69.7884826660156
9000000.00040266,-69.8736572265625
9000000.00040266,-69.9865188598633
9000000.00040266,-70.1296310424805
9000000.00040267,-70.3028869628906
9000000.00040267,-70.5038833618164
9000000.00040268,-70.730224609375
9000000.00040269,-70.9795227050781
9000000.00040269,-71.2493743896484
9000000.00040269,-71.5373992919922
9000000.0004027,-71.841194152832
9000000.00040271,-72.1583709716797
9000000.00040271,-72.4865264892578
9000000.00040272,-72.8232803344727
9000000.00040272,-73.1662368774414
9000000.00040272,-73.5130004882813
9000000.00040273,-73.8611755371094
9000000.00040274,-74.2522964477539
9000000.00040274,-74.7171096801758
9000000.00040274,-75.2370147705078
9000000.00040275,-75.7934341430664
9000000.00040275,-76.3677673339844
9000000.00040276,-76.9414291381836
9000000.00040277,-77.4958343505859
9000000.00040277,-78.0123901367188
9000000.00040277,-78.4725112915039
9000000.00040278,-78.8576049804688
9000000.00040279,-79.1490783691406
9000000.00040279,-79.3283462524414
9000000.0004028,-79.376823425293
9000000.0004028,-79.2775421142578
9000000.0004028,-79.0344848632813
9000000.00040281,-78.6661987304688
9000000.00040282,-78.1914901733398
9000000.00040282,-77.6291885375977
9000000.00040283,-76.9981002807617
9000000.00040283,-76.3170547485352
9000000.00040283,-75.6048736572266
9000000.00040284,-74.8803634643555
9000000.00040285,-74.162353515625
9000000.00040285,-73.4696578979492
9000000.00040285,-72.8210906982422
9000000.00040286,-72.235481262207
9000000.00040286,-71.7264556884766
9000000.00040287,-71.2403030395508
9000000.00040288,-70.7593231201172
9000000.00040288,-70.285270690918
9000000.00040288,-69.8199234008789
9000000.00040289,-69.3650588989258
9000000.0004029,-68.9224472045898
9000000.0004029,-68.4938659667969
9000000.00040291,-68.0810852050781
9000000.00040291,-67.6858901977539
9000000.00040291,-67.3100357055664
9000000.00040292,-66.9553070068359
9000000.00040293,-66.6234741210938
9000000.00040293,-66.3163146972656
9000000.00040293,-66.0312118530273
9000000.00040294,-65.764404296875
9000000.00040294,-65.5159683227539
9000000.00040295,-65.2859878540039
9000000.00040296,-65.0745315551758
9000000.00040296,-64.8816833496094
9000000.00040296,-64.7075119018555
9000000.00040297,-64.5521011352539
9000000.00040298,-64.4155197143555
9000000.00040298,-64.2978515625
9000000.00040299,-64.1991653442383
9000000.00040299,-64.1195373535156
9000000.00040299,-64.0590515136719
9000000.000403,-64.0183639526367
9000000.00040301,-63.9990730285645
9000000.00040301,-64.0006332397461
9000000.00040301,-64.022346496582
9000000.00040302,-64.0635070800781
9000000.00040302,-64.123405456543
9000000.00040303,-64.2013549804688
9000000.00040304,-64.2966384887695
9000000.00040304,-64.4085540771484
9000000.00040304,-64.5364074707031
9000000.00040305,-64.6794815063477
9000000.00040305,-64.8370895385742
9000000.00040306,-65.0085144042969
9000000.00040307,-65.1941452026367
9000000.00040307,-65.4064636230469
9000000.00040307,-65.6462783813477
9000000.00040308,-65.9098205566406
9000000.00040309,-66.1933212280273
9000000.00040309,-66.4930191040039
9000000.0004031,-66.8051452636719
9000000.0004031,-67.1259307861328
9000000.0004031,-67.4516067504883
9000000.00040311,-67.7784194946289
9000000.00040312,-68.1025848388672
9000000.00040312,-68.4203567504883
9000000.00040312,-68.7279586791992
9000000.00040313,-69.0216217041016
9000000.00040313,-69.3211212158203
9000000.00040314,-69.64404296875
9000000.00040315,-69.9832916259766
9000000.00040315,-70.3318023681641
9000000.00040315,-70.6824951171875
9000000.00040316,-71.0282897949219
9000000.00040317,-71.3621215820313
9000000.00040317,-71.6768951416016
9000000.00040318,-71.9655532836914
9000000.00040318,-72.2210006713867
9000000.00040318,-72.4361801147461
9000000.00040319,-72.6039962768555
9000000.0004032,-72.7173919677734
9000000.0004032,-72.7720794677734
9000000.0004032,-72.7756271362305
9000000.00040321,-72.7333450317383
9000000.00040321,-72.6500701904297
9000000.00040322,-72.5306167602539
9000000.00040323,-72.3798217773438
9000000.00040323,-72.2025146484375
9000000.00040323,-72.0035247802734
9000000.00040324,-71.7876815795898
9000000.00040324,-71.5598220825195
9000000.00040325,-71.3247604370117
9000000.00040326,-71.0873336791992
9000000.00040326,-70.8523635864258
9000000.00040326,-70.6222305297852
9000000.00040327,-70.3698348999023
9000000.00040328,-70.090446472168
9000000.00040328,-69.7892227172852
9000000.00040329,-69.4713287353516
9000000.00040329,-69.1418991088867
9000000.00040329,-68.8061065673828
9000000.0004033,-68.4691009521484
9000000.00040331,-68.1360397338867
9000000.00040331,-67.8120651245117
9000000.00040331,-67.5023498535156
9000000.00040332,-67.2120361328125
9000000.00040332,-66.9462814331055
9000000.00040333,-66.7102432250977
9000000.00040334,-66.4923629760742
9000000.00040334,-66.2790679931641
9000000.00040334,-66.0725021362305
9000000.00040335,-65.8748092651367
9000000.00040336,-65.688117980957
9000000.00040336,-65.5145797729492
9000000.00040337,-65.356330871582
9000000.00040337,-65.2155075073242
9000000.00040337,-65.0942535400391
9000000.00040338,-64.9947128295898
9000000.00040339,-64.9190216064453
9000000.00040339,-64.8693161010742
9000000.00040339,-64.8477478027344
9000000.0004034,-64.85400390625
9000000.0004034,-64.8814163208008
9000000.00040341,-64.9296417236328
9000000.00040342,-64.998908996582
9000000.00040342,-65.089469909668
9000000.00040342,-65.2015609741211
9000000.00040343,-65.3354034423828
9000000.00040343,-65.4912567138672
9000000.00040344,-65.6693344116211
9000000.00040345,-65.8698959350586
9000000.00040345,-66.0931625366211
9000000.00040345,-66.3393783569336
9000000.00040346,-66.6087799072266
9000000.00040347,-66.9038467407227
9000000.00040347,-67.251106262207
9000000.00040348,-67.6506805419922
9000000.00040348,-68.0930023193359
9000000.00040348,-68.5684967041016
9000000.00040349,-69.0675735473633
9000000.0004035,-69.5806655883789
9000000.0004035,-70.0981979370117
9000000.0004035,-70.6105880737305
9000000.00040351,-71.1082611083984
9000000.00040351,-71.5816345214844
9000000.00040352,-72.0211486816406
9000000.00040353,-72.4172058105469
9000000.00040353,-72.7602386474609
9000000.00040353,-73.0622787475586
9000000.00040354,-73.3421325683594
9000000.00040355,-73.6004333496094
9000000.00040355,-73.8377990722656
9000000.00040356,-74.0548553466797
9000000.00040356,-74.2522125244141
9000000.00040356,-74.4304962158203
9000000.00040357,-74.5903396606445
9000000.00040358,-74.7323455810547
9000000.00040358,-74.8571548461914
9000000.00040358,-74.9653701782227
9000000.00040359,-75.0576248168945
9000000.00040359,-75.1345367431641
9000000.0004036,-75.198844909668
9000000.00040361,-75.2564392089844
9000000.00040361,-75.3049468994141
9000000.00040361,-75.3414306640625
9000000.00040362,-75.3629379272461
9000000.00040362,-75.3665084838867
9000000.00040363,-75.3491897583008
9000000.00040364,-75.3080444335938
9000000.00040364,-75.2401123046875
9000000.00040364,-75.1424407958984
9000000.00040365,-75.012077331543
9000000.00040366,-74.846076965332
9000000.00040366,-74.641487121582
9000000.00040367,-74.3936386108398
9000000.00040367,-74.0812225341797
9000000.00040367,-73.7066268920898
9000000.00040368,-73.2800674438477
9000000.00040369,-72.811767578125
9000000.00040369,-72.3119354248047
9000000.00040369,-71.7907943725586
9000000.0004037,-71.2585525512695
9000000.0004037,-70.7254333496094
9000000.00040371,-70.20166015625
9000000.00040372,-69.6974334716797
9000000.00040372,-69.2229843139648
9000000.00040372,-68.7885284423828
9000000.00040373,-68.4042739868164
9000000.00040374,-68.0531463623047
9000000.00040374,-67.7121963500977
9000000.00040375,-67.3828277587891
9000000.00040375,-67.0664520263672
9000000.00040375,-66.7644577026367
9000000.00040376,-66.4782638549805
9000000.00040377,-66.2092666625977
9000000.00040377,-65.958869934082
9000000.00040377,-65.7284927368164
9000000.00040378,-65.5195236206055
9000000.00040378,-65.333366394043
9000000.00040379,-65.1714401245117
9000000.0004038,-65.0351333618164
9000000.0004038,-64.9256057739258
9000000.0004038,-64.842170715332
9000000.00040381,-64.7835388183594
9000000.00040381,-64.7484359741211
9000000.00040382,-64.7355880737305
9000000.00040383,-64.7437057495117
9000000.00040383,-64.7715301513672
9000000.00040383,-64.8177642822266
9000000.00040384,-64.8811416625977
9000000.00040385,-64.9603881835938
9000000.00040385,-65.0542221069336
9000000.00040386,-65.1613616943359
9000000.00040386,-65.2805404663086
9000000.00040386,-65.4117736816406
9000000.00040387,-65.5698699951172
9000000.00040388,-65.7561721801758
9000000.00040388,-65.9666290283203
9000000.00040388,-66.1971740722656
9000000.00040389,-66.4437484741211
9000000.00040389,-66.7023010253906
9000000.0004039,-66.9687652587891
9000000.00040391,-67.2390823364258
9000000.00040391,-67.5092010498047
9000000.00040391,-67.7750473022461
9000000.00040392,-68.0325775146484
9000000.00040393,-68.2777252197266
9000000.00040393,-68.5064315795898
9000000.00040394,-68.7303924560547
9000000.00040394,-68.9620513916016
9000000.00040394,-69.1984558105469
9000000.00040395,-69.4366607666016
9000000.00040396,-69.673713684082
9000000.00040396,-69.9066772460938
9000000.00040396,-70.1325836181641
9000000.00040397,-70.348503112793
9000000.00040397,-70.5514755249023
9000000.00040398,-70.7385559082031
9000000.00040399,-70.9067993164063
9000000.00040399,-71.0532455444336
9000000.00040399,-71.1749572753906
9000000.000404,-71.2711486816406
9000000.000404,-71.3476791381836
9000000.00040401,-71.4059906005859
9000000.00040402,-71.4470291137695
9000000.00040402,-71.4717559814453
9000000.00040402,-71.4811401367188
9000000.00040403,-71.4761199951172
9000000.00040404,-71.4576721191406
9000000.00040404,-71.4267425537109
9000000.00040405,-71.3843002319336
9000000.00040405,-71.3312911987305
9000000.00040405,-71.2686767578125
9000000.00040406,-71.1974182128906
9000000.00040407,-71.1174926757813
9000000.00040407,-71.0176773071289
9000000.00040407,-70.89697265625
9000000.00040408,-70.7584457397461
9000000.00040408,-70.6051940917969
9000000.00040409,-70.4402847290039
9000000.0004041,-70.2668151855469
9000000.0004041,-70.0878601074219
9000000.0004041,-69.9065093994141
9000000.00040411,-69.725830078125
9000000.00040412,-69.5489196777344
9000000.00040412,-69.3788528442383
9000000.00040413,-69.2187194824219
9000000.00040413,-69.0715942382813
9000000.00040413,-68.9289093017578
9000000.00040414,-68.7814254760742
9000000.00040415,-68.631233215332
9000000.00040415,-68.4804229736328
9000000.00040415,-68.3310775756836
9000000.00040416,-68.1852874755859
9000000.00040416,-68.0451354980469
9000000.00040417,-67.912712097168
9000000.00040418,-67.7901000976563
9000000.00040418,-67.6793975830078
9000000.00040418,-67.5826797485352
9000000.00040419,-67.5020370483398
9000000.0004042,-67.4395599365234
9000000.0004042,-67.3943405151367
9000000.00040421,-67.3581848144531
9000000.00040421,-67.3312454223633
9000000.00040421,-67.3144073486328
9000000.00040422,-67.3085556030273
9000000.00040423,-67.314567565918
9000000.00040423,-67.3333282470703
9000000.00040424,-67.36572265625
9000000.00040424,-67.4126358032227
9000000.00040424,-67.4749374389648
9000000.00040425,-67.5535278320313
9000000.00040426,-67.6492767333984
9000000.00040426,-67.763069152832
9000000.00040426,-67.8954925537109
9000000.00040427,-68.0433502197266
9000000.00040427,-68.2058029174805
9000000.00040428,-68.383171081543
9000000.00040429,-68.5757751464844
9000000.00040429,-68.7839431762695
9000000.00040429,-69.0079803466797
9000000.0004043,-69.2482223510742
9000000.00040431,-69.5049896240234
9000000.00040431,-69.7785873413086
9000000.00040432,-70.0693588256836
9000000.00040432,-70.3776092529297
9000000.00040432,-70.7036590576172
9000000.00040433,-71.0478363037109
9000000.00040434,-71.442268371582
9000000.00040434,-71.9083023071289
9000000.00040434,-72.4300842285156
9000000.00040435,-72.9917831420898
9000000.00040435,-73.5775375366211
9000000.00040436,-74.1715087890625
9000000.00040437,-74.7578582763672
9000000.00040437,-75.3207244873047
9000000.00040437,-75.8442687988281
9000000.00040438,-76.3126449584961
9000000.00040439,-76.7100143432617
9000000.00040439,-77.0205154418945
9000000.0004044,-77.2283096313477
9000000.0004044,-77.3227005004883
9000000.0004044,-77.3174743652344
9000000.00040441,-77.2254180908203
9000000.00040442,-77.0585632324219
9000000.00040442,-76.8289566040039
9000000.00040443,-76.5486068725586
9000000.00040443,-76.2295532226563
9000000.00040443,-75.8838272094727
9000000.00040444,-75.5234603881836
9000000.00040445,-75.1604690551758
9000000.00040445,-74.8069000244141
9000000.00040445,-74.4747695922852
9000000.00040446,-74.1761169433594
9000000.00040446,-73.9191207885742
9000000.00040447,-73.6632537841797
9000000.00040448,-73.397102355957
9000000.00040448,-73.1239929199219
9000000.00040448,-72.8472518920898
9000000.00040449,-72.570198059082
9000000.0004045,-72.2961578369141
9000000.0004045,-72.028450012207
9000000.00040451,-71.7704010009766
9000000.00040451,-71.5253372192383
9000000.00040451,-71.2965774536133
9000000.00040452,-71.0874481201172
9000000.00040453,-70.9012680053711
9000000.00040453,-70.7413711547852
9000000.00040453,-70.6067276000977
9000000.00040454,-70.4929351806641
9000000.00040454,-70.3982543945313
9000000.00040455,-70.3209228515625
9000000.00040456,-70.2592010498047
9000000.00040456,-70.2113418579102
9000000.00040456,-70.1755828857422
9000000.00040457,-70.1501846313477
9000000.00040458,-70.1333923339844
9000000.00040458,-70.1234588623047
9000000.00040459,-70.1186294555664
9000000.00040459,-70.1171646118164
9000000.00040459,-70.1173095703125
9000000.0004046,-70.1187744140625
9000000.00040461,-70.1255569458008
9000000.00040461,-70.1383590698242
9000000.00040462,-70.1575469970703
9000000.00040462,-70.1835021972656
9000000.00040462,-70.2165908813477
9000000.00040463,-70.2571868896484
9000000.00040464,-70.3056640625
9000000.00040464,-70.3623962402344
9000000.00040464,-70.4277572631836
9000000.00040465,-70.5021133422852
9000000.00040465,-70.5858535766602
9000000.00040466,-70.679328918457
9000000.00040467,-70.7812805175781
9000000.00040467,-70.872428894043
9000000.00040467,-70.9521865844727
9000000.00040468,-71.0270156860352
9000000.00040469,-71.1033782958984
9000000.00040469,-71.1877365112305
9000000.0004047,-71.2865447998047
9000000.0004047,-71.4062652587891
9000000.0004047,-71.5533599853516
9000000.00040471,-71.7342910766602
9000000.00040472,-71.9555206298828
9000000.00040472,-72.2235107421875
9000000.00040472,-72.5447158813477
9000000.00040473,-72.9255981445313
9000000.00040473,-73.4121398925781
9000000.00040474,-74.0281829833984
9000000.00040475,-74.7469940185547
9000000.00040475,-75.5418395996094
9000000.00040475,-76.3859939575195
9000000.00040476,-77.2527160644531
9000000.00040477,-78.1152877807617
9000000.00040477,-78.9469680786133
9000000.00040478,-79.7210311889648
9000000.00040478,-80.4107437133789
9000000.00040478,-80.9893646240234
9000000.00040479,-81.43017578125
9000000.0004048,-81.7064361572266
9000000.0004048,-81.8025207519531
9000000.0004048,-81.7483673095703
9000000.00040481,-81.5636367797852
9000000.00040481,-81.2660369873047
9000000.00040482,-80.8732833862305
9000000.00040483,-80.403076171875
9000000.00040483,-79.8731384277344
9000000.00040483,-79.3011779785156
9000000.00040484,-78.7048950195313
9000000.00040484,-78.1020050048828
9000000.00040485,-77.5102233886719
9000000.00040486,-76.9472579956055
9000000.00040486,-76.4308090209961
9000000.00040486,-75.973030090332
9000000.00040487,-75.5153045654297
9000000.00040488,-75.0408630371094
9000000.00040488,-74.5542068481445
9000000.00040489,-74.0598602294922
9000000.00040489,-73.5623397827148
9000000.00040489,-73.066162109375
9000000.0004049,-72.5758514404297
9000000.00040491,-72.0959243774414
9000000.00040491,-71.6308898925781
9000000.00040491,-71.1852798461914
9000000.00040492,-70.7635955810547
9000000.00040492,-70.3703689575195
9000000.00040493,-70.0101089477539
9000000.00040494,-69.6778793334961
9000000.00040494,-69.3652877807617
9000000.00040494,-69.0716857910156
9000000.00040495,-68.7964324951172
9000000.00040496,-68.5388793945313
9000000.00040496,-68.2983703613281
9000000.00040497,-68.0742645263672
9000000.00040497,-67.8659057617188
9000000.00040497,-67.6726531982422
9000000.00040498,-67.4938507080078
9000000.00040499,-67.328857421875
9000000.00040499,-67.1770248413086
9000000.00040499,-67.0377044677734
9000000.000405,-66.910400390625
9000000.000405,-66.7955474853516
9000000.00040501,-66.6936950683594
9000000.00040502,-66.6054077148438
9000000.00040502,-66.5312194824219
9000000.00040502,-66.4716796875
9000000.00040503,-66.4273376464844
9000000.00040503,-66.3987350463867
9000000.00040504,-66.3864135742188
9000000.00040505,-66.3909301757813
9000000.00040505,-66.4128265380859
9000000.00040505,-66.45263671875
9000000.00040506,-66.5109252929688
9000000.00040507,-66.586181640625
9000000.00040507,-66.6544647216797
9000000.00040508,-66.7149810791016
9000000.00040508,-66.7756729125977
9000000.00040508,-66.8444900512695
9000000.00040509,-66.9293746948242
9000000.0004051,-67.0382843017578
9000000.0004051,-67.1791534423828
9000000.0004051,-67.3599319458008
9000000.00040511,-67.5885772705078
9000000.00040511,-67.8730239868164
9000000.00040512,-68.2212219238281
9000000.00040513,-68.6411285400391
9000000.00040513,-69.1406784057617
9000000.00040513,-69.7847213745117
9000000.00040514,-70.6082000732422
9000000.00040515,-71.5741882324219
9000000.00040515,-72.6457748413086
9000000.00040516,-73.7860412597656
9000000.00040516,-74.9580764770508
9000000.00040516,-76.1249542236328
9000000.00040517,-77.2497711181641
9000000.00040518,-78.2956085205078
9000000.00040518,-79.2255477905273
9000000.00040518,-80.0026702880859
9000000.00040519,-80.5900650024414
9000000.00040519,-80.950813293457
9000000.0004052,-81.0609970092773
9000000.00040521,-80.9555130004883
9000000.00040521,-80.6633682250977
9000000.00040521,-80.2115325927734
9000000.00040522,-79.6269302368164
9000000.00040522,-78.9365234375
9000000.00040523,-78.1672592163086
9000000.00040524,-77.3460845947266
9000000.00040524,-76.4999465942383
9000000.00040524,-75.6557922363281
9000000.00040525,-74.840576171875
9000000.00040526,-74.0812377929688
9000000.00040526,-73.4047393798828
9000000.00040527,-72.8305358886719
9000000.00040527,-72.2812423706055
9000000.00040527,-71.7314682006836
9000000.00040528,-71.1839294433594
9000000.00040529,-70.6413421630859
9000000.00040529,-70.1064300537109
9000000.00040529,-69.5819091796875
9000000.0004053,-69.0704956054688
9000000.0004053,-68.5749130249023
9000000.00040531,-68.0978698730469
9000000.00040532,-67.64208984375
9000000.00040532,-67.2102890014648
9000000.00040532,-66.8051834106445
9000000.00040533,-66.4294967651367
9000000.00040534,-66.0798645019531
9000000.00040534,-65.7509841918945
9000000.00040535,-65.4426498413086
9000000.00040535,-65.1546630859375
9000000.00040535,-64.8868179321289
9000000.00040536,-64.638916015625
9000000.00040537,-64.4107513427734
9000000.00040537,-64.2021255493164
9000000.00040537,-64.0128402709961
9000000.00040538,-63.8426895141602
9000000.00040538,-63.6914672851563
9000000.00040539,-63.5589790344238
9000000.0004054,-63.4450187683105
9000000.0004054,-63.3493041992188
9000000.0004054,-63.2716102600098
9000000.00040541,-63.212215423584
9000000.00040541,-63.1714286804199
9000000.00040542,-63.1495590209961
9000000.00040543,-63.146915435791
9000000.00040543,-63.1638069152832
9000000.00040543,-63.2005424499512
9000000.00040544,-63.2574272155762
9000000.00040545,-63.334774017334
9000000.00040545,-63.4328918457031
9000000.00040546,-63.5520858764648
9000000.00040546,-63.6926689147949
9000000.00040546,-63.8529624938965
9000000.00040547,-64.0097351074219
9000000.00040548,-64.1623916625977
9000000.00040548,-64.3188629150391
9000000.00040548,-64.4870681762695
9000000.00040549,-64.674919128418
9000000.00040549,-64.8903350830078
9000000.0004055,-65.141242980957
9000000.00040551,-65.4355621337891
9000000.00040551,-65.7812042236328
9000000.00040551,-66.1860961914063
9000000.00040552,-66.6581497192383
9000000.00040553,-67.2052841186523
9000000.00040553,-67.8354339599609
9000000.00040554,-68.6124420166016
9000000.00040554,-69.5706253051758
9000000.00040554,-70.6735534667969
9000000.00040555,-71.8848190307617
9000000.00040556,-73.1679992675781
9000000.00040556,-74.4866714477539
9000000.00040556,-75.8044204711914
9000000.00040557,-77.0848159790039
9000000.00040557,-78.2914581298828
9000000.00040558,-79.3879089355469
9000000.00040559,-80.337760925293
9000000.00040559,-81.1045913696289
9000000.00040559,-81.6519775390625
9000000.0004056,-81.9585571289063
9000000.00040561,-82.0648880004883
9000000.00040561,-81.9978256225586
9000000.00040562,-81.7815780639648
9000000.00040562,-81.4403610229492
9000000.00040562,-80.9983901977539
9000000.00040563,-80.4798736572266
9000000.00040564,-79.9090347290039
9000000.00040564,-79.3100662231445
9000000.00040565,-78.7071990966797
9000000.00040565,-78.124641418457
9000000.00040565,-77.5866012573242
9000000.00040566,-77.117301940918
9000000.00040567,-76.7343521118164
9000000.00040567,-76.369758605957
9000000.00040567,-76.0007247924805
9000000.00040568,-75.6291580200195
9000000.00040568,-75.256950378418
9000000.00040569,-74.8860092163086
9000000.0004057,-74.5182266235352
9000000.0004057,-74.155517578125
9000000.0004057,-73.7997741699219
9000000.00040571,-73.4529037475586
9000000.00040572,-73.1168060302734
9000000.00040572,-72.7933731079102
9000000.00040573,-72.4845199584961
9000000.00040573,-72.192138671875
9000000.00040573,-71.9142608642578
9000000.00040574,-71.6474380493164
9000000.00040575,-71.3913421630859
9000000.00040575,-71.1456451416016
9000000.00040575,-70.9100189208984
9000000.00040576,-70.6841430664063
9000000.00040576,-70.4676742553711
9000000.00040577,-70.2602996826172
9000000.00040578,-70.0616836547852
9000000.00040578,-69.8715057373047
9000000.00040578,-69.6894302368164
9000000.00040579,-69.51513671875
9000000.0004058,-69.3482971191406
9000000.0004058,-69.1870803833008
9000000.00040581,-69.0273590087891
9000000.00040581,-68.8706741333008
9000000.00040581,-68.7189788818359
9000000.00040582,-68.5742340087891
9000000.00040583,-68.4383926391602
9000000.00040583,-68.3134155273438
9000000.00040584,-68.2012557983398
9000000.00040584,-68.103874206543
9000000.00040584,-68.0232238769531
9000000.00040585,-67.9612731933594
9000000.00040586,-67.9199600219727
9000000.00040586,-67.901252746582
9000000.00040586,-67.9068222045898
9000000.00040587,-67.9340591430664
9000000.00040587,-67.9811553955078
9000000.00040588,-68.0472412109375
9000000.00040589,-68.131462097168
9000000.00040589,-68.2329406738281
9000000.00040589,-68.350830078125
9000000.0004059,-68.484245300293
9000000.00040591,-68.6323318481445
9000000.00040591,-68.7942199707031
9000000.00040592,-68.9690551757813
9000000.00040592,-69.1559600830078
9000000.00040592,-69.3540725708008
9000000.00040593,-69.5625305175781
9000000.00040594,-69.8067932128906
9000000.00040594,-70.1050186157227
9000000.00040594,-70.4454193115234
9000000.00040595,-70.8161849975586
9000000.00040595,-71.2055130004883
9000000.00040596,-71.6016159057617
9000000.00040597,-71.9926910400391
9000000.00040597,-72.3669281005859
9000000.00040597,-72.712532043457
9000000.00040598,-73.017707824707
9000000.00040599,-73.2706527709961
9000000.00040599,-73.4595718383789
9000000.000406,-73.5726470947266
9000000.000406,-73.6022262573242
9000000.000406,-73.5593566894531
9000000.00040601,-73.4533538818359
9000000.00040602,-73.2928466796875
9000000.00040602,-73.0865020751953
9000000.00040603,-72.8429565429688
9000000.00040603,-72.5708541870117
9000000.00040603,-72.2788543701172
9000000.00040604,-71.9756011962891
9000000.00040605,-71.6697387695313
9000000.00040605,-71.3699111938477
9000000.00040605,-71.0847778320313
9000000.00040606,-70.8229751586914
9000000.00040606,-70.5903244018555
9000000.00040607,-70.3568954467773
9000000.00040608,-70.1144866943359
9000000.00040608,-69.8657608032227
9000000.00040608,-69.6133880615234
9000000.00040609,-69.3600234985352
9000000.0004061,-69.1083526611328
9000000.0004061,-68.8610305786133
9000000.00040611,-68.6207275390625
9000000.00040611,-68.3901138305664
9000000.00040611,-68.1718521118164
9000000.00040612,-67.968620300293
9000000.00040613,-67.783073425293
9000000.00040613,-67.6178894042969
9000000.00040613,-67.4701766967773
9000000.00040614,-67.3349990844727
9000000.00040614,-67.2119598388672
9000000.00040615,-67.1006698608398
9000000.00040616,-67.0007247924805
9000000.00040616,-66.9117279052734
9000000.00040616,-66.8332901000977
9000000.00040617,-66.7649993896484
9000000.00040618,-66.7064666748047
9000000.00040618,-66.6573028564453
9000000.00040619,-66.6170959472656
9000000.00040619,-66.5854568481445
9000000.00040619,-66.5619812011719
9000000.0004062,-66.5446243286133
9000000.00040621,-66.5287857055664
9000000.00040621,-66.5162200927734
9000000.00040622,-66.5091323852539
9000000.00040622,-66.5097274780273
9000000.00040622,-66.5202178955078
9000000.00040623,-66.5428161621094
9000000.00040624,-66.5797271728516
9000000.00040624,-66.6331634521484
9000000.00040624,-66.7053298950195
9000000.00040625,-66.7984390258789
9000000.00040625,-66.9146957397461
9000000.00040626,-67.0563125610352
9000000.00040627,-67.2228851318359
9000000.00040627,-67.3845596313477
9000000.00040627,-67.538948059082
9000000.00040628,-67.6945648193359
9000000.00040629,-67.8599319458008
9000000.00040629,-68.0435791015625
9000000.0004063,-68.2540283203125
9000000.0004063,-68.4997940063477
9000000.0004063,-68.7894058227539
9000000.00040631,-69.1313781738281
9000000.00040632,-69.5342330932617
9000000.00040632,-70.0065078735352
9000000.00040632,-70.5567016601563
9000000.00040633,-71.193359375
9000000.00040633,-71.9917755126953
9000000.00040634,-72.9933319091797
9000000.00040635,-74.1556167602539
9000000.00040635,-75.4362487792969
9000000.00040635,-76.7928237915039
9000000.00040636,-78.1829376220703
9000000.00040637,-79.5642013549805
9000000.00040637,-80.8942184448242
9000000.00040638,-82.1305847167969
9000000.00040638,-83.2309112548828
9000000.00040638,-84.1527938842773
9000000.00040639,-84.8538360595703
9000000.0004064,-85.2916412353516
9000000.0004064,-85.4362030029297
9000000.00040641,-85.3205795288086
9000000.00040641,-84.9801330566406
9000000.00040641,-84.4485168457031
9000000.00040642,-83.7593841552734
9000000.00040643,-82.946403503418
9000000.00040643,-82.0432205200195
9000000.00040643,-81.0835037231445
9000000.00040644,-80.1009140014648
9000000.00040644,-79.1290969848633
9000000.00040645,-78.2017211914063
9000000.00040646,-77.3524475097656
9000000.00040646,-76.6149215698242
9000000.00040646,-76.01416015625
9000000.00040647,-75.461540222168
9000000.00040648,-74.9254531860352
9000000.00040648,-74.4064559936523
9000000.00040649,-73.9050979614258
9000000.00040649,-73.4219436645508
9000000.00040649,-72.9575424194336
9000000.0004065,-72.5124435424805
9000000.00040651,-72.0872116088867
9000000.00040651,-71.6823883056641
9000000.00040651,-71.2985382080078
9000000.00040652,-70.9362182617188
9000000.00040652,-70.5959701538086
9000000.00040653,-70.2783584594727
9000000.00040654,-69.9862594604492
9000000.00040654,-69.7209930419922
9000000.00040654,-69.4807968139648
9000000.00040655,-69.2638778686523
9000000.00040656,-69.0684814453125
9000000.00040656,-68.8928146362305
9000000.00040657,-68.7351150512695
9000000.00040657,-68.5936050415039
9000000.00040657,-68.4665069580078
9000000.00040658,-68.3520431518555
9000000.00040659,-68.2484512329102
9000000.00040659,-68.1539459228516
9000000.00040659,-68.0667572021484
9000000.0004066,-67.9878158569336
9000000.0004066,-67.9245452880859
9000000.00040661,-67.8766860961914
9000000.00040662,-67.8433151245117
9000000.00040662,-67.8234939575195
9000000.00040662,-67.8163070678711
9000000.00040663,-67.8208236694336
9000000.00040663,-67.8361206054688
9000000.00040664,-67.8612594604492
9000000.00040665,-67.8953323364258
9000000.00040665,-67.9374008178711
9000000.00040665,-67.9865417480469
9000000.00040666,-68.0418243408203
9000000.00040667,-68.1032333374023
9000000.00040667,-68.1811141967773
9000000.00040668,-68.2764358520508
9000000.00040668,-68.3863906860352
9000000.00040668,-68.508186340332
9000000.00040669,-68.6390075683594
9000000.0004067,-68.7760543823242
9000000.0004067,-68.9165267944336
9000000.0004067,-69.0576171875
9000000.00040671,-69.1965255737305
9000000.00040671,-69.3304443359375
9000000.00040672,-69.4565734863281
9000000.00040673,-69.5721054077148
9000000.00040673,-69.6742401123047
9000000.00040673,-69.7724609375
9000000.00040674,-69.8763122558594
9000000.00040675,-69.9830627441406
9000000.00040675,-70.0899963378906
9000000.00040676,-70.1943969726563
9000000.00040676,-70.2935485839844
9000000.00040676,-70.3847274780273
9000000.00040677,-70.4652252197266
9000000.00040678,-70.5323028564453
9000000.00040678,-70.5832595825195
9000000.00040678,-70.6153717041016
9000000.00040679,-70.6259155273438
9000000.00040679,-70.612174987793
9000000.0004068,-70.5725708007813
9000000.00040681,-70.5101470947266
9000000.00040681,-70.4269104003906
9000000.00040681,-70.3246536254883
9000000.00040682,-70.2051696777344
9000000.00040682,-70.0702667236328
9000000.00040683,-69.9217300415039
9000000.00040684,-69.7613677978516
9000000.00040684,-69.5909652709961
9000000.00040684,-69.4123229980469
9000000.00040685,-69.2272491455078
9000000.00040686,-69.0375289916992
9000000.00040686,-68.8449554443359
9000000.00040687,-68.6500015258789
9000000.00040687,-68.4376373291016
9000000.00040687,-68.2060394287109
9000000.00040688,-67.9588623046875
9000000.00040689,-67.6997833251953
9000000.00040689,-67.4324645996094
9000000.00040689,-67.1605529785156
9000000.0004069,-66.8877334594727
9000000.0004069,-66.6176452636719
9000000.00040691,-66.3539733886719
9000000.00040692,-66.1003646850586
9000000.00040692,-65.8604965209961
9000000.00040692,-65.6380157470703
9000000.00040693,-65.4365997314453
9000000.00040694,-65.2473983764648
9000000.00040694,-65.0603485107422
9000000.00040695,-64.8772811889648
9000000.00040695,-64.7000122070313
9000000.00040695,-64.5303802490234
9000000.00040696,-64.3701934814453
9000000.00040697,-64.2212982177734
9000000.00040697,-64.0855102539063
9000000.00040697,-63.9646530151367
9000000.00040698,-63.8605575561523
9000000.00040698,-63.7750434875488
9000000.00040699,-63.7099456787109
9000000.000407,-63.6670837402344
9000000.000407,-63.6452255249023
9000000.000407,-63.6359977722168
9000000.00040701,-63.6398773193359
9000000.00040701,-63.6581153869629
9000000.00040702,-63.6919403076172
9000000.00040703,-63.7425994873047
9000000.00040703,-63.8113327026367
9000000.00040703,-63.8993759155273
9000000.00040704,-64.0079727172852
9000000.00040705,-64.1383590698242
9000000.00040705,-64.2917785644531
9000000.00040706,-64.4694671630859
9000000.00040706,-64.6726760864258
9000000.00040706,-64.9025268554688
9000000.00040707,-65.1583251953125
9000000.00040708,-65.4389419555664
9000000.00040708,-65.7434921264648
9000000.00040708,-66.0710906982422
9000000.00040709,-66.4208526611328
9000000.00040709,-66.7919006347656
9000000.0004071,-67.1833419799805
9000000.00040711,-67.5943069458008
9000000.00040711,-68.0238952636719
9000000.00040711,-68.4712295532227
9000000.00040712,-68.935432434082
9000000.00040713,-69.4156112670898
9000000.00040713,-69.910888671875
9000000.00040714,-70.4677352905273
9000000.00040714,-71.118522644043
9000000.00040714,-71.8412475585938
9000000.00040715,-72.613899230957
9000000.00040716,-73.4144821166992
9000000.00040716,-74.2209701538086
9000000.00040716,-75.0113677978516
9000000.00040717,-75.7636566162109
9000000.00040717,-76.4558334350586
9000000.00040718,-77.0658950805664
9000000.00040719,-77.5718231201172
9000000.00040719,-77.9516220092773
9000000.00040719,-78.1832656860352
9000000.0004072,-78.2499771118164
9000000.00040721,-78.1655654907227
9000000.00040721,-77.9493408203125
9000000.00040722,-77.6200790405273
9000000.00040722,-77.1965408325195
9000000.00040722,-76.6975021362305
9000000.00040723,-76.141731262207
9000000.00040724,-75.5479888916016
9000000.00040724,-74.9350433349609
9000000.00040725,-74.321662902832
9000000.00040725,-73.7266159057617
9000000.00040725,-73.1686782836914
9000000.00040726,-72.6666030883789
9000000.00040727,-72.2337799072266
9000000.00040727,-71.8141098022461
9000000.00040727,-71.3898849487305
9000000.00040728,-70.9637832641602
9000000.00040728,-70.5384521484375
9000000.00040729,-70.1165618896484
9000000.0004073,-69.7007827758789
9000000.0004073,-69.2937622070313
9000000.0004073,-68.8981857299805
9000000.00040731,-68.5167007446289
9000000.00040732,-68.1519775390625
9000000.00040732,-67.8066787719727
9000000.00040733,-67.4834671020508
9000000.00040733,-67.1850128173828
9000000.00040733,-66.9066619873047
9000000.00040734,-66.6423110961914
9000000.00040735,-66.3924102783203
9000000.00040735,-66.1574249267578
9000000.00040735,-65.9378128051758
9000000.00040736,-65.7340240478516
9000000.00040736,-65.5465393066406
9000000.00040737,-65.3758010864258
9000000.00040738,-65.2222671508789
9000000.00040738,-65.0864105224609
9000000.00040738,-64.9686813354492
9000000.00040739,-64.8695449829102
9000000.0004074,-64.7894592285156
9000000.0004074,-64.7288513183594
9000000.00040741,-64.6876754760742
9000000.00040741,-64.6654586791992
9000000.00040741,-64.6617279052734
9000000.00040742,-64.6759796142578
9000000.00040743,-64.7077560424805
9000000.00040743,-64.7565536499023
9000000.00040744,-64.8218994140625
9000000.00040744,-64.9033050537109
9000000.00040744,-65.0002975463867
9000000.00040745,-65.1123886108398
9000000.00040746,-65.2390899658203
9000000.00040746,-65.3799285888672
9000000.00040746,-65.5354995727539
9000000.00040747,-65.7184219360352
9000000.00040747,-65.9292907714844
9000000.00040748,-66.1641006469727
9000000.00040749,-66.4188385009766
9000000.00040749,-66.6894912719727
9000000.00040749,-66.9720611572266
9000000.0004075,-67.2625274658203
9000000.00040751,-67.556884765625
9000000.00040751,-67.8511199951172
9000000.00040752,-68.1412200927734
9000000.00040752,-68.4231872558594
9000000.00040752,-68.693000793457
9000000.00040753,-68.9466552734375
9000000.00040754,-69.2011413574219
9000000.00040754,-69.4724273681641
9000000.00040754,-69.7549438476563
9000000.00040755,-70.0431442260742
9000000.00040755,-70.3314666748047
9000000.00040756,-70.6143569946289
9000000.00040757,-70.8862457275391
9000000.00040757,-71.1415863037109
9000000.00040757,-71.3748168945313
9000000.00040758,-71.5803833007813
9000000.00040759,-71.7527313232422
9000000.00040759,-71.8862915039063
9000000.0004076,-71.9755096435547
9000000.0004076,-72.0171203613281
9000000.0004076,-72.0172805786133
9000000.00040761,-71.9801025390625
9000000.00040762,-71.9092864990234
9000000.00040762,-71.8085403442383
9000000.00040763,-71.6815643310547
9000000.00040763,-71.5320663452148
9000000.00040763,-71.3637619018555
9000000.00040764,-71.1803436279297
9000000.00040765,-70.9855270385742
9000000.00040765,-70.7830123901367
9000000.00040765,-70.5765075683594
9000000.00040766,-70.3697204589844
9000000.00040766,-70.1643524169922
9000000.00040767,-69.9383316040039
9000000.00040768,-69.6880187988281
9000000.00040768,-69.4178314208984
9000000.00040768,-69.1321640014648
9000000.00040769,-68.8354263305664
9000000.0004077,-68.5320281982422
9000000.0004077,-68.2263793945313
9000000.00040771,-67.9228820800781
9000000.00040771,-67.6259384155273
9000000.00040771,-67.3399658203125
9000000.00040772,-67.0693664550781
9000000.00040773,-66.8185501098633
9000000.00040773,-66.5919189453125
9000000.00040773,-66.3793487548828
9000000.00040774,-66.1690673828125
9000000.00040774,-65.9630355834961
9000000.00040775,-65.7631912231445
9000000.00040776,-65.5714874267578
9000000.00040776,-65.3898773193359
9000000.00040776,-65.2203063964844
9000000.00040777,-65.0647277832031
9000000.00040778,-64.9250869750977
9000000.00040778,-64.803337097168
9000000.00040779,-64.7014236450195
9000000.00040779,-64.6212997436523
9000000.00040779,-64.5649185180664
9000000.0004078,-64.5305252075195
9000000.00040781,-64.5079879760742
9000000.00040781,-64.4981689453125
9000000.00040782,-64.5028457641602
9000000.00040782,-64.523811340332
9000000.00040782,-64.5628509521484
9000000.00040783,-64.6217346191406
9000000.00040784,-64.702262878418
9000000.00040784,-64.8062133789063
9000000.00040784,-64.9353637695313
9000000.00040785,-65.0915069580078
9000000.00040785,-65.2764205932617
9000000.00040786,-65.4918975830078
9000000.00040787,-65.7397842407227
9000000.00040787,-66.0215759277344
9000000.00040787,-66.3356857299805
9000000.00040788,-66.6799468994141
9000000.00040789,-67.0522155761719
9000000.00040789,-67.450325012207
9000000.0004079,-67.8721160888672
9000000.0004079,-68.3154373168945
9000000.0004079,-68.7781219482422
9000000.00040791,-69.2580184936523
9000000.00040792,-69.7529602050781
9000000.00040792,-70.2608032226563
9000000.00040792,-70.7793807983398
9000000.00040793,-71.3065338134766
9000000.00040793,-71.8876724243164
9000000.00040794,-72.5558776855469
9000000.00040795,-73.29052734375
9000000.00040795,-74.0709838867188
9000000.00040795,-74.8766174316406
9000000.00040796,-75.6867980957031
9000000.00040797,-76.4809036254883
9000000.00040797,-77.2383041381836
9000000.00040798,-77.938362121582
9000000.00040798,-78.5604476928711
9000000.00040798,-79.0839309692383
9000000.00040799,-79.4881896972656
9000000.000408,-79.7525863647461
9000000.000408,-79.8609466552734
9000000.00040801,-79.8249740600586
9000000.00040801,-79.6631546020508
9000000.00040801,-79.3935317993164
9000000.00040802,-79.0341873168945
9000000.00040803,-78.6031799316406
9000000.00040803,-78.1185684204102
9000000.00040803,-77.5984344482422
9000000.00040804,-77.0608291625977
9000000.00040804,-76.5238189697266
9000000.00040805,-76.0054779052734
9000000.00040806,-75.5238647460938
9000000.00040806,-75.097053527832
9000000.00040806,-74.7383499145508
9000000.00040807,-74.3989410400391
9000000.00040808,-74.0618667602539
9000000.00040808,-73.7278442382813
9000000.00040809,-73.3976287841797
9000000.00040809,-73.0719375610352
9000000.00040809,-72.7515106201172
9000000.0004081,-72.4370956420898
9000000.00040811,-72.1294174194336
9000000.00040811,-71.8292083740234
9000000.00040811,-71.5372161865234
9000000.00040812,-71.2541656494141
9000000.00040812,-70.9807968139648
9000000.00040813,-70.7178497314453
9000000.00040814,-70.4626312255859
9000000.00040814,-70.2125015258789
9000000.00040814,-69.9682769775391
9000000.00040815,-69.7307586669922
9000000.00040816,-69.5007629394531
9000000.00040816,-69.2791061401367
9000000.00040817,-69.0665893554688
9000000.00040817,-68.8640289306641
9000000.00040817,-68.6722412109375
9000000.00040818,-68.4920272827148
9000000.00040819,-68.3242034912109
9000000.00040819,-68.1695861816406
9000000.0004082,-68.0289764404297
9000000.0004082,-67.9012451171875
9000000.0004082,-67.7810745239258
9000000.00040821,-67.6691284179688
9000000.00040822,-67.5665893554688
9000000.00040822,-67.4746322631836
9000000.00040822,-67.3944244384766
9000000.00040823,-67.3271331787109
9000000.00040823,-67.2739334106445
9000000.00040824,-67.2360000610352
9000000.00040825,-67.2145080566406
9000000.00040825,-67.2106170654297
9000000.00040825,-67.2255096435547
9000000.00040826,-67.2603607177734
9000000.00040827,-67.3172149658203
9000000.00040827,-67.4069671630859
9000000.00040828,-67.5287017822266
9000000.00040828,-67.6775054931641
9000000.00040828,-67.8484649658203
9000000.00040829,-68.0366592407227
9000000.0004083,-68.237190246582
9000000.0004083,-68.4451446533203
9000000.0004083,-68.6556015014648
9000000.00040831,-68.8636474609375
9000000.00040831,-69.0643844604492
9000000.00040832,-69.2528839111328
9000000.00040833,-69.4242477416992
9000000.00040833,-69.5735549926758
9000000.00040833,-69.7138519287109
9000000.00040834,-69.8594436645508
9000000.00040835,-70.0072937011719
9000000.00040835,-70.1543807983398
9000000.00040836,-70.2976837158203
9000000.00040836,-70.4341735839844
9000000.00040836,-70.5608139038086
9000000.00040837,-70.6745834350586
9000000.00040838,-70.7724609375
9000000.00040838,-70.8514175415039
9000000.00040838,-70.9084167480469
9000000.00040839,-70.9404449462891
9000000.00040839,-70.9444732666016
9000000.0004084,-70.9180526733398
9000000.00040841,-70.8627395629883
9000000.00040841,-70.7812881469727
9000000.00040841,-70.6764144897461
9000000.00040842,-70.5508346557617
9000000.00040842,-70.4072799682617
9000000.00040843,-70.2484588623047
9000000.00040844,-70.0770950317383
9000000.00040844,-69.8958969116211
9000000.00040844,-69.7076034545898
9000000.00040845,-69.5149154663086
9000000.00040846,-69.320556640625
9000000.00040846,-69.1272506713867
9000000.00040847,-68.9361877441406
9000000.00040847,-68.7304306030273
9000000.00040847,-68.5073089599609
9000000.00040848,-68.2703170776367
9000000.00040849,-68.0229415893555
9000000.00040849,-67.7686767578125
9000000.00040849,-67.5110092163086
9000000.0004085,-67.2534332275391
9000000.0004085,-66.9994506835938
9000000.00040851,-66.7525329589844
9000000.00040852,-66.5161895751953
9000000.00040852,-66.2939071655273
9000000.00040852,-66.0891799926758
9000000.00040853,-65.9054870605469
9000000.00040854,-65.7339553833008
9000000.00040854,-65.5646667480469
9000000.00040855,-65.3995895385742
9000000.00040855,-65.2406921386719
9000000.00040855,-65.0899353027344
9000000.00040856,-64.9492874145508
9000000.00040857,-64.8207092285156
9000000.00040857,-64.7061767578125
9000000.00040857,-64.6076431274414
9000000.00040858,-64.5270843505859
9000000.00040858,-64.4664611816406
9000000.00040859,-64.427734375
9000000.0004086,-64.4128799438477
9000000.0004086,-64.4203033447266
9000000.0004086,-64.4402847290039
9000000.00040861,-64.4735488891602
9000000.00040862,-64.5217056274414
9000000.00040862,-64.5863647460938
9000000.00040863,-64.6691360473633
9000000.00040863,-64.7716217041016
9000000.00040863,-64.8954315185547
9000000.00040864,-65.0421752929688
9000000.00040865,-65.2134552001953
9000000.00040865,-65.4108963012695
9000000.00040866,-65.6360855102539
9000000.00040866,-65.8906478881836
9000000.00040866,-66.1744918823242
9000000.00040867,-66.4683685302734
9000000.00040868,-66.7705688476563
9000000.00040868,-67.0864181518555
9000000.00040868,-67.4212417602539
9000000.00040869,-67.7803802490234
9000000.00040869,-68.1691513061523
9000000.0004087,-68.592887878418
9000000.00040871,-69.0569152832031
9000000.00040871,-69.5665588378906
9000000.00040871,-70.1271514892578
9000000.00040872,-70.744010925293
9000000.00040873,-71.4224853515625
9000000.00040873,-72.1678848266602
9000000.00040874,-73.0566482543945
9000000.00040874,-74.1344680786133
9000000.00040874,-75.3605651855469
9000000.00040875,-76.6941528320313
9000000.00040876,-78.0944442749023
9000000.00040876,-79.5206604003906
9000000.00040876,-80.9320068359375
9000000.00040877,-82.287712097168
9000000.00040877,-83.5469818115234
9000000.00040878,-84.6690292358398
9000000.00040879,-85.6130828857422
9000000.00040879,-86.3383483886719
9000000.00040879,-86.8040390014648
9000000.0004088,-86.9799118041992
9000000.00040881,-86.8939514160156
9000000.00040881,-86.5812683105469
9000000.00040882,-86.0757141113281
9000000.00040882,-85.4111480712891
9000000.00040882,-84.6214141845703
9000000.00040883,-83.7403793334961
9000000.00040884,-82.8018798828125
9000000.00040884,-81.8397903442383
9000000.00040885,-80.8879470825195
9000000.00040885,-79.9802093505859
9000000.00040885,-79.1504364013672
9000000.00040886,-78.4324798583984
9000000.00040887,-77.8517532348633
9000000.00040887,-77.3222961425781
9000000.00040887,-76.812370300293
9000000.00040888,-76.3213958740234
9000000.00040888,-75.8488311767578
9000000.00040889,-75.3941040039063
9000000.0004089,-74.9566497802734
9000000.0004089,-74.5359115600586
9000000.0004089,-74.1313247680664
9000000.00040891,-73.7423324584961
9000000.00040892,-73.3683700561523
9000000.00040892,-73.0088729858398
9000000.00040893,-72.6632843017578
9000000.00040893,-72.3310394287109
9000000.00040893,-72.0166625976563
9000000.00040894,-71.7238388061523
9000000.00040895,-71.4507446289063
9000000.00040895,-71.195556640625
9000000.00040895,-70.9564666748047
9000000.00040896,-70.7316360473633
9000000.00040896,-70.5192565917969
9000000.00040897,-70.317497253418
9000000.00040898,-70.1245498657227
9000000.00040898,-69.9385757446289
9000000.00040898,-69.7577667236328
9000000.00040899,-69.5802993774414
9000000.000409,-69.4043502807617
9000000.000409,-69.2291107177734
9000000.00040901,-69.0573120117188
9000000.00040901,-68.8900909423828
9000000.00040901,-68.728385925293
9000000.00040902,-68.5731430053711
9000000.00040903,-68.4252853393555
9000000.00040903,-68.2857666015625
9000000.00040904,-68.1555099487305
9000000.00040904,-68.0354614257813
9000000.00040904,-67.9265594482422
9000000.00040905,-67.8297348022461
9000000.00040906,-67.7459335327148
9000000.00040906,-67.6760787963867
9000000.00040906,-67.620964050293
9000000.00040907,-67.5789642333984
9000000.00040907,-67.5492324829102
9000000.00040908,-67.5314636230469
9000000.00040909,-67.5253677368164
9000000.00040909,-67.5306549072266
9000000.00040909,-67.5470428466797
9000000.0004091,-67.5742263793945
9000000.00040911,-67.6119232177734
9000000.00040911,-67.6598358154297
9000000.00040912,-67.7176818847656
9000000.00040912,-67.7851638793945
9000000.00040912,-67.8619918823242
9000000.00040913,-67.9478759765625
9000000.00040914,-68.0505142211914
9000000.00040914,-68.1754302978516
9000000.00040914,-68.3190841674805
9000000.00040915,-68.4779205322266
9000000.00040915,-68.6483917236328
9000000.00040916,-68.8269424438477
9000000.00040917,-69.0100402832031
9000000.00040917,-69.1941223144531
9000000.00040917,-69.3756484985352
9000000.00040918,-69.5510635375977
9000000.00040919,-69.7168273925781
9000000.00040919,-69.869384765625
9000000.0004092,-70.0051879882813
9000000.0004092,-70.1259918212891
9000000.0004092,-70.2463073730469
9000000.00040921,-70.3657150268555
9000000.00040922,-70.4824676513672
9000000.00040922,-70.594856262207
9000000.00040923,-70.7011489868164
9000000.00040923,-70.7996139526367
9000000.00040923,-70.8885345458984
9000000.00040924,-70.9661712646484
9000000.00040925,-71.0308151245117
9000000.00040925,-71.0807189941406
9000000.00040925,-71.1141815185547
9000000.00040926,-71.1294555664063
9000000.00040926,-71.1246566772461
9000000.00040927,-71.0972442626953
9000000.00040928,-71.0487289428711
9000000.00040928,-70.9816055297852
9000000.00040928,-70.8983383178711
9000000.00040929,-70.8014068603516
9000000.0004093,-70.6932907104492
9000000.0004093,-70.5764770507813
9000000.00040931,-70.4534301757813
9000000.00040931,-70.3266372680664
9000000.00040931,-70.1985702514648
9000000.00040932,-70.0717086791992
9000000.00040933,-69.9485321044922
9000000.00040933,-69.8315200805664
9000000.00040933,-69.7119293212891
9000000.00040934,-69.5810928344727
9000000.00040934,-69.4415817260742
9000000.00040935,-69.2959823608398
9000000.00040936,-69.146858215332
9000000.00040936,-68.9967956542969
9000000.00040936,-68.8483734130859
9000000.00040937,-68.7041549682617
9000000.00040938,-68.5667266845703
9000000.00040938,-68.4386672973633
9000000.00040939,-68.3225402832031
9000000.00040939,-68.2209396362305
9000000.00040939,-68.1364288330078
9000000.0004094,-68.0665969848633
9000000.00040941,-67.9977264404297
9000000.00040941,-67.9310684204102
9000000.00040942,-67.8690795898438
9000000.00040942,-67.8142471313477
9000000.00040942,-67.76904296875
9000000.00040943,-67.7359390258789
9000000.00040944,-67.7174224853516
9000000.00040944,-67.7159576416016
9000000.00040944,-67.7340240478516
9000000.00040945,-67.7741012573242
9000000.00040945,-67.8386688232422
9000000.00040946,-67.9301910400391
9000000.00040947,-68.0461883544922
9000000.00040947,-68.1291961669922
9000000.00040947,-68.1762237548828
9000000.00040948,-68.2052917480469
9000000.00040949,-68.2344284057617
9000000.00040949,-68.2816390991211
9000000.0004095,-68.3649520874023
9000000.0004095,-68.5023880004883
9000000.0004095,-68.7119598388672
9000000.00040951,-69.0116958618164
9000000.00040952,-69.4196090698242
9000000.00040952,-69.9537200927734
9000000.00040952,-70.6320571899414
9000000.00040953,-71.4726333618164
9000000.00040953,-72.5935974121094
9000000.00040954,-74.0546493530273
9000000.00040955,-75.7861404418945
9000000.00040955,-77.7184066772461
9000000.00040955,-79.7818069458008
9000000.00040956,-81.9066848754883
9000000.00040957,-84.0233840942383
9000000.00040957,-86.0622482299805
9000000.00040958,-87.9536209106445
9000000.00040958,-89.6278610229492
9000000.00040958,-91.0153045654297
9000000.00040959,-92.0463027954102
9000000.0004096,-92.6511993408203
9000000.0004096,-92.7796936035156
